Accum_y-0,T-1,T-2,T-3,T-4,T-5,T-6,T-7,T-8,Accum_y-1,Accum_y-2,Accum_y-3,Accum_y-4,Accum_y-5,Accum_y-6,Accum_y-7,Accum_y-8,Accum_y-9,Accum_y-10
6.947937e+00,6.776507e+00,6.535241e+00,6.033086e+00,6.030685e+00,6.760415e+00,7.519150e+00,6.783325e+00,5.488938e+00,6.238325e+00,6.304449e+00,6.685861e+00,7.750184e+00,6.492240e+00,6.354370e+00,7.011214e+00,7.217443e+00,6.877296e+00,5.897154e+00
6.955593e+00,6.777647e+00,6.535241e+00,5.849325e+00,6.159095e+00,6.742881e+00,7.534228e+00,6.770789e+00,5.393628e+00,6.232448e+00,6.304449e+00,6.695799e+00,7.743703e+00,6.472346e+00,6.354370e+00,7.076654e+00,7.217443e+00,6.853299e+00,5.963579e+00
6.994850e+00,6.884487e+00,6.535241e+00,5.846439e+00,6.030685e+00,6.763885e+00,7.555382e+00,6.758095e+00,5.433722e+00,6.190315e+00,6.263398e+00,6.709304e+00,7.756623e+00,6.079933e+00,6.354370e+00,7.266129e+00,7.217443e+00,6.853299e+00,6.335054e+00
7.063048e+00,6.889591e+00,6.535241e+00,4.564348e+00,6.486161e+00,6.763885e+00,7.560601e+00,6.758095e+00,5.433722e+00,6.124683e+00,6.261492e+00,6.684612e+00,7.796469e+00,5.894403e+00,6.354370e+00,7.368970e+00,7.217443e+00,6.853299e+00,6.396930e+00
7.122867e+00,6.889591e+00,6.535241e+00,4.564348e+00,6.369901e+00,6.768493e+00,7.595387e+00,6.758095e+00,5.433722e+00,6.016157e+00,6.261492e+00,6.605298e+00,7.796058e+00,5.446737e+00,6.388561e+00,7.457032e+00,7.217443e+00,5.826000e+00,6.543912e+00
7.199678e+00,6.859615e+00,6.576470e+00,4.564348e+00,6.368187e+00,6.685861e+00,7.629976e+00,6.758095e+00,5.433722e+00,5.998937e+00,6.261492e+00,6.558198e+00,7.847763e+00,5.451038e+00,6.429719e+00,7.549609e+00,7.217443e+00,5.648974e+00,6.646391e+00
7.215240e+00,6.744059e+00,6.711740e+00,4.564348e+00,6.368187e+00,6.302619e+00,7.746733e+00,6.758095e+00,5.433722e+00,5.998937e+00,6.263398e+00,6.499787e+00,7.908755e+00,5.620401e+00,6.429719e+00,7.554859e+00,7.217443e+00,5.762051e+00,6.709304e+00
7.237778e+00,6.469250e+00,6.935370e+00,4.564348e+00,6.368187e+00,6.297109e+00,7.748029e+00,6.756932e+00,5.424950e+00,5.998937e+00,6.257668e+00,6.461468e+00,7.895436e+00,5.645447e+00,6.429719e+00,7.578145e+00,7.217443e+00,5.762051e+00,6.791221e+00
7.237778e+00,6.467699e+00,6.744059e+00,5.620401e+00,6.368187e+00,6.287859e+00,7.750184e+00,6.487684e+00,6.056784e+00,5.998937e+00,6.257668e+00,6.487684e+00,7.845024e+00,5.676754e+00,6.444131e+00,7.607381e+00,7.217443e+00,5.762051e+00,6.791221e+00
7.231287e+00,6.463029e+00,6.658011e+00,5.872118e+00,6.373320e+00,6.270988e+00,7.754053e+00,6.322565e+00,6.248043e+00,5.998937e+00,6.274762e+00,6.419995e+00,7.821643e+00,5.765191e+00,6.486161e+00,7.647786e+00,7.217443e+00,5.579730e+00,6.802395e+00
7.181592e+00,6.347389e+00,6.801283e+00,5.918894e+00,6.373320e+00,6.270988e+00,7.668094e+00,6.594413e+00,6.246107e+00,5.998937e+00,6.308098e+00,6.525030e+00,7.741099e+00,6.142037e+00,6.579251e+00,7.643004e+00,7.217443e+00,5.583496e+00,6.829794e+00
7.076654e+00,6.530878e+00,6.738152e+00,6.093570e+00,6.373320e+00,6.270988e+00,7.602401e+00,6.763885e+00,6.248043e+00,5.998937e+00,6.308098e+00,6.566672e+00,7.718685e+00,6.628041e+00,6.579251e+00,7.685703e+00,7.217443e+00,5.583496e+00,6.862758e+00
7.034388e+00,6.570883e+00,6.620073e+00,6.324359e+00,6.373320e+00,6.270988e+00,7.602401e+00,6.679599e+00,6.375025e+00,5.998937e+00,6.309918e+00,6.616065e+00,7.709757e+00,6.846943e+00,6.579251e+00,7.661056e+00,7.164720e+00,5.505332e+00,6.862758e+00
7.039660e+00,6.464588e+00,6.599870e+00,6.470800e+00,6.373320e+00,6.270988e+00,7.602401e+00,6.641182e+00,6.424869e+00,5.857933e+00,6.309918e+00,6.579251e+00,7.665753e+00,6.908755e+00,6.579251e+00,7.654917e+00,7.047517e+00,5.505332e+00,6.864848e+00
7.040536e+00,6.467699e+00,6.575076e+00,6.398595e+00,6.478510e+00,6.261492e+00,7.532624e+00,6.785588e+00,6.458338e+00,5.857933e+00,6.309918e+00,6.566672e+00,7.676937e+00,6.918695e+00,6.579251e+00,7.654917e+00,6.900731e+00,5.537334e+00,6.957497e+00
7.063904e+00,6.467699e+00,6.541030e+00,6.391917e+00,6.520621e+00,6.261492e+00,7.532624e+00,6.768493e+00,6.481577e+00,5.857933e+00,6.309918e+00,6.568078e+00,7.659171e+00,6.918695e+00,6.579251e+00,7.650169e+00,6.760415e+00,5.525453e+00,6.949856e+00
7.124478e+00,6.459904e+00,6.415097e+00,6.527958e+00,6.520621e+00,6.037871e+00,7.476472e+00,6.981935e+00,6.481577e+00,5.857933e+00,6.309918e+00,6.563856e+00,7.619724e+00,6.913737e+00,6.549651e+00,7.650169e+00,6.666957e+00,5.525453e+00,6.930495e+00
7.023759e+00,6.624065e+00,6.421622e+00,6.535241e+00,6.520621e+00,6.037871e+00,7.454141e+00,7.017506e+00,6.481577e+00,5.686975e+00,6.309918e+00,6.563856e+00,7.588324e+00,6.917706e+00,6.415097e+00,7.650169e+00,6.459904e+00,5.545177e+00,6.955593e+00
7.056175e+00,6.692084e+00,6.421622e+00,6.535241e+00,6.520621e+00,6.037871e+00,7.454141e+00,6.993933e+00,6.519147e+00,5.752573e+00,6.302619e+00,6.694562e+00,7.585281e+00,6.958448e+00,6.216606e+00,7.650169e+00,6.416732e+00,5.556828e+00,6.720220e+00
7.113956e+00,6.725034e+00,6.421622e+00,6.535241e+00,6.519147e+00,5.676754e+00,7.507141e+00,6.995766e+00,6.565265e+00,5.963579e+00,6.302619e+00,6.693324e+00,7.480428e+00,6.945051e+00,5.934894e+00,7.657283e+00,6.386879e+00,5.147494e+00,6.720220e+00
7.037906e+00,6.818924e+00,6.445720e+00,6.535241e+00,6.487684e+00,5.662960e+00,7.395108e+00,7.177782e+00,6.565265e+00,5.771441e+00,6.059123e+00,6.712956e+00,7.206377e+00,6.929517e+00,5.826000e+00,7.651120e+00,5.726848e+00,5.099866e+00,6.776507e+00
6.928538e+00,6.897705e+00,6.511745e+00,6.535241e+00,6.487684e+00,5.468060e+00,7.425954e+00,7.065613e+00,6.744059e+00,5.765191e+00,5.877736e+00,6.748760e+00,7.135687e+00,6.892642e+00,5.411646e+00,7.634337e+00,5.693732e+00,5.476464e+00,6.841615e+00
6.928538e+00,6.895683e+00,6.514713e+00,6.535241e+00,6.487684e+00,5.327876e+00,7.438972e+00,7.071573e+00,6.746412e+00,5.846439e+00,5.616771e+00,7.234898e+00,7.049255e+00,6.903747e+00,5.267858e+00,7.634337e+00,5.159055e+00,5.476464e+00,6.943122e+00
6.926577e+00,6.897705e+00,6.514713e+00,6.535241e+00,6.487684e+00,5.327876e+00,7.413970e+00,7.042286e+00,6.831954e+00,5.497168e+00,4.356709e+00,7.319202e+00,7.026427e+00,6.907755e+00,5.147494e+00,7.634337e+00,5.575949e+00,5.389072e+00,7.002156e+00
6.869014e+00,6.957497e+00,6.514713e+00,6.535241e+00,6.487684e+00,5.327876e+00,7.363914e+00,7.001246e+00,6.960348e+00,5.513429e+00,3.951244e+00,7.329750e+00,6.963190e+00,6.966967e+00,5.147494e+00,7.634337e+00,6.037871e+00,5.342334e+00,7.126087e+00
6.765039e+00,7.045777e+00,6.514713e+00,6.535241e+00,6.486161e+00,5.332719e+00,7.310550e+00,7.073270e+00,6.960348e+00,5.513429e+00,3.951244e+00,7.504392e+00,7.009409e+00,6.973543e+00,5.147494e+00,7.604894e+00,6.472346e+00,5.342334e+00,7.275865e+00
6.712956e+00,7.083388e+00,6.514713e+00,6.535241e+00,6.486161e+00,5.247024e+00,7.156956e+00,7.251345e+00,6.960348e+00,5.521461e+00,4.290459e+00,7.560601e+00,7.050123e+00,6.981006e+00,5.141664e+00,7.517521e+00,6.487684e+00,5.342334e+00,7.374002e+00
6.703188e+00,7.090077e+00,6.514713e+00,6.535241e+00,6.486161e+00,5.181784e+00,7.080868e+00,7.323831e+00,6.960348e+00,5.533389e+00,4.290459e+00,7.474205e+00,7.133296e+00,6.989335e+00,5.087596e+00,7.465655e+00,6.507278e+00,5.327876e+00,7.379008e+00
6.701960e+00,7.074963e+00,6.542472e+00,6.535241e+00,6.393591e+00,5.463832e+00,7.002156e+00,7.381502e+00,6.960348e+00,5.533389e+00,4.290459e+00,7.565275e+00,7.133296e+00,6.999422e+00,5.087596e+00,7.459915e+00,6.572283e+00,5.327876e+00,7.494986e+00
6.665684e+00,7.057898e+00,6.610696e+00,6.535241e+00,6.345636e+00,5.572154e+00,6.865891e+00,7.465655e+00,6.934397e+00,5.509388e+00,4.290459e+00,7.627057e+00,7.077498e+00,7.026427e+00,5.087596e+00,7.287561e+00,6.572283e+00,5.327876e+00,7.545390e+00
6.665684e+00,6.964136e+00,6.741701e+00,6.535241e+00,6.068426e+00,5.993961e+00,6.760415e+00,7.519150e+00,6.835185e+00,5.351858e+00,4.219508e+00,7.612831e+00,7.029088e+00,7.026427e+00,5.087596e+00,7.207119e+00,6.572283e+00,5.327876e+00,7.565275e+00
6.648985e+00,6.947937e+00,6.776507e+00,6.535241e+00,6.033086e+00,6.030685e+00,6.760415e+00,7.519150e+00,6.783325e+00,5.342334e+00,4.143135e+00,7.588830e+00,6.857514e+00,7.026427e+00,5.087596e+00,7.193686e+00,6.572283e+00,5.327876e+00,7.573017e+00
6.637258e+00,6.955593e+00,6.777647e+00,6.535241e+00,5.849325e+00,6.159095e+00,6.742881e+00,7.534228e+00,6.770789e+00,5.342334e+00,4.143135e+00,7.592366e+00,6.864848e+00,7.026427e+00,5.087596e+00,7.129298e+00,6.572283e+00,5.327876e+00,7.699389e+00
6.432940e+00,6.994850e+00,6.884487e+00,6.535241e+00,5.846439e+00,6.030685e+00,6.763885e+00,7.555382e+00,6.758095e+00,5.342334e+00,4.812184e+00,7.612337e+00,6.901737e+00,7.026427e+00,5.087596e+00,6.900731e+00,6.684612e+00,5.327876e+00,7.652071e+00
6.291569e+00,7.063048e+00,6.889591e+00,6.535241e+00,4.564348e+00,6.486161e+00,6.763885e+00,7.560601e+00,6.758095e+00,5.187386e+00,4.820282e+00,7.611842e+00,6.901737e+00,7.026427e+00,5.093750e+00,6.731018e+00,6.751101e+00,5.327876e+00,7.671827e+00
6.148468e+00,7.122867e+00,6.889591e+00,6.535241e+00,4.564348e+00,6.369901e+00,6.768493e+00,7.595387e+00,6.758095e+00,5.220356e+00,4.820282e+00,7.618251e+00,6.875232e+00,7.026427e+00,5.181784e+00,6.539586e+00,6.751101e+00,5.303305e+00,7.645876e+00
5.910797e+00,7.199678e+00,6.859615e+00,6.576470e+00,4.564348e+00,6.368187e+00,6.685861e+00,7.629976e+00,6.758095e+00,5.429346e+00,4.820282e+00,7.618251e+00,6.732211e+00,7.025538e+00,5.147494e+00,6.261492e+00,6.751101e+00,5.111988e+00,7.677864e+00
5.852202e+00,7.215240e+00,6.744059e+00,6.711740e+00,4.564348e+00,6.368187e+00,6.302619e+00,7.746733e+00,6.758095e+00,5.429346e+00,4.812184e+00,7.618742e+00,6.543912e+00,6.991177e+00,5.147494e+00,6.267201e+00,6.751101e+00,4.859812e+00,7.660585e+00
5.768321e+00,7.237778e+00,6.469250e+00,6.935370e+00,4.564348e+00,6.368187e+00,6.297109e+00,7.748029e+00,6.756932e+00,5.429346e+00,4.762174e+00,7.618742e+00,6.513230e+00,6.938284e+00,5.147494e+00,6.177944e+00,6.754604e+00,4.859812e+00,7.627057e+00
5.768321e+00,7.237778e+00,6.467699e+00,6.744059e+00,5.620401e+00,6.368187e+00,6.287859e+00,7.750184e+00,6.487684e+00,5.429346e+00,4.804021e+00,7.604894e+00,6.517671e+00,6.929517e+00,5.093750e+00,6.061457e+00,6.754604e+00,4.859812e+00,7.711101e+00
5.768321e+00,7.231287e+00,6.463029e+00,6.658011e+00,5.872118e+00,6.373320e+00,6.270988e+00,7.754053e+00,6.322565e+00,5.429346e+00,4.727388e+00,7.599401e+00,6.523562e+00,6.902743e+00,5.231109e+00,5.883322e+00,6.754604e+00,4.859812e+00,7.759187e+00
5.768321e+00,7.181592e+00,6.347389e+00,6.801283e+00,5.918894e+00,6.373320e+00,6.270988e+00,7.668094e+00,6.594413e+00,5.505332e+00,4.795791e+00,7.584265e+00,6.523562e+00,6.744059e+00,4.919981e+00,5.303305e+00,6.878326e+00,4.836282e+00,7.761319e+00
5.768321e+00,7.076654e+00,6.530878e+00,6.738152e+00,6.093570e+00,6.373320e+00,6.270988e+00,7.602401e+00,6.763885e+00,5.556828e+00,4.820282e+00,7.596894e+00,6.523562e+00,6.287859e+00,5.407172e+00,4.955827e+00,6.925595e+00,4.836282e+00,7.804659e+00
5.768321e+00,7.034388e+00,6.570883e+00,6.620073e+00,6.324359e+00,6.373320e+00,6.270988e+00,7.602401e+00,6.679599e+00,5.940171e+00,5.693732e+00,7.596392e+00,6.439350e+00,5.783825e+00,5.488938e+00,4.955827e+00,7.003974e+00,4.691348e+00,7.830028e+00
5.746203e+00,7.039660e+00,6.464588e+00,6.599870e+00,6.470800e+00,6.373320e+00,6.270988e+00,7.602401e+00,6.641182e+00,6.287859e+00,5.717028e+00,7.611842e+00,6.373320e+00,5.549076e+00,5.749393e+00,4.955827e+00,7.045777e+00,4.882802e+00,7.829233e+00
5.730100e+00,7.040536e+00,6.467699e+00,6.575076e+00,6.398595e+00,6.478510e+00,6.261492e+00,7.532624e+00,6.785588e+00,6.440947e+00,5.730100e+00,7.610358e+00,6.274762e+00,5.509388e+00,5.749393e+00,5.010635e+00,7.129298e+00,4.912655e+00,7.791523e+00
5.638355e+00,7.063904e+00,6.467699e+00,6.541030e+00,6.391917e+00,6.520621e+00,6.261492e+00,7.532624e+00,6.768493e+00,6.455199e+00,5.730100e+00,7.707962e+00,6.274762e+00,5.509388e+00,5.921578e+00,5.164786e+00,7.281386e+00,4.969813e+00,7.789455e+00
5.337538e+00,7.124478e+00,6.459904e+00,6.415097e+00,6.527958e+00,6.520621e+00,6.037871e+00,7.476472e+00,6.981935e+00,6.455199e+00,5.866468e+00,7.727976e+00,6.274762e+00,5.497168e+00,5.983936e+00,5.164786e+00,7.281386e+00,5.225747e+00,7.774856e+00
5.318120e+00,7.023759e+00,6.624065e+00,6.421622e+00,6.535241e+00,6.520621e+00,6.037871e+00,7.454141e+00,7.017506e+00,6.466145e+00,5.934894e+00,7.749322e+00,6.274762e+00,5.545177e+00,6.006353e+00,5.164786e+00,7.286192e+00,5.198497e+00,7.745868e+00
4.736198e+00,7.056175e+00,6.692084e+00,6.421622e+00,6.535241e+00,6.520621e+00,6.037871e+00,7.454141e+00,6.993933e+00,6.672033e+00,6.280396e+00,7.705713e+00,6.274762e+00,5.365976e+00,6.006353e+00,5.164786e+00,7.286192e+00,5.541264e+00,7.745868e+00
2.890372e+00,7.113956e+00,6.725034e+00,6.421622e+00,6.535241e+00,6.519147e+00,5.676754e+00,7.507141e+00,6.995766e+00,6.563856e+00,6.343880e+00,7.739794e+00,6.228511e+00,5.407172e+00,5.981414e+00,5.075174e+00,7.286192e+00,5.662960e+00,7.747165e+00
2.397895e+00,7.037906e+00,6.818924e+00,6.445720e+00,6.535241e+00,6.487684e+00,5.662960e+00,7.395108e+00,7.177782e+00,6.575076e+00,6.583409e+00,7.751475e+00,6.216606e+00,5.463832e+00,5.963579e+00,5.075174e+00,7.284135e+00,5.697093e+00,7.726213e+00
2.995732e+00,6.928538e+00,6.897705e+00,6.511745e+00,6.535241e+00,6.487684e+00,5.468060e+00,7.425954e+00,7.065613e+00,6.594413e+00,6.583409e+00,7.745868e+00,6.216606e+00,5.613128e+00,5.963579e+00,4.990433e+00,7.284135e+00,5.407172e+00,7.698483e+00
3.784190e+00,6.928538e+00,6.895683e+00,6.514713e+00,6.535241e+00,6.487684e+00,5.327876e+00,7.438972e+00,7.071573e+00,6.539586e+00,6.583409e+00,7.483244e+00,6.269096e+00,5.480639e+00,5.963579e+00,4.820282e+00,7.284135e+00,5.407172e+00,7.650645e+00
3.784190e+00,6.926577e+00,6.897705e+00,6.514713e+00,6.535241e+00,6.487684e+00,5.327876e+00,7.413970e+00,7.042286e+00,6.555357e+00,6.584791e+00,7.447168e+00,6.240276e+00,5.480639e+00,5.963579e+00,4.820282e+00,7.132498e+00,5.484797e+00,7.622664e+00
3.688879e+00,6.869014e+00,6.957497e+00,6.514713e+00,6.535241e+00,6.487684e+00,5.327876e+00,7.363914e+00,7.001246e+00,6.741701e+00,6.577861e+00,7.457032e+00,6.276643e+00,5.187386e+00,5.963579e+00,4.820282e+00,6.991177e+00,5.525453e+00,7.562162e+00
3.637586e+00,6.765039e+00,7.045777e+00,6.514713e+00,6.535241e+00,6.486161e+00,5.332719e+00,7.310550e+00,7.073270e+00,7.029088e+00,6.577861e+00,7.288928e+00,6.177944e+00,5.147494e+00,5.963579e+00,4.820282e+00,6.765039e+00,5.968708e+00,7.450661e+00
3.637586e+00,6.712956e+00,7.083388e+00,6.514713e+00,6.535241e+00,6.486161e+00,5.247024e+00,7.156956e+00,7.251345e+00,7.126087e+00,6.597146e+00,7.212294e+00,6.047372e+00,5.159055e+00,5.963579e+00,4.820282e+00,6.984716e+00,6.084499e+00,7.358194e+00
3.637586e+00,6.703188e+00,7.090077e+00,6.514713e+00,6.535241e+00,6.486161e+00,5.181784e+00,7.080868e+00,7.323831e+00,7.126087e+00,6.597146e+00,7.185387e+00,5.768321e+00,5.241747e+00,5.963579e+00,4.820282e+00,7.210818e+00,6.156979e+00,7.353082e+00
4.077537e+00,6.701960e+00,7.074963e+00,6.542472e+00,6.535241e+00,6.393591e+00,5.463832e+00,7.002156e+00,7.381502e+00,7.126087e+00,6.599870e+00,6.984716e+00,5.860786e+00,5.181784e+00,5.963579e+00,5.099866e+00,7.263330e+00,6.198479e+00,7.220374e+00
4.094345e+00,6.665684e+00,7.057898e+00,6.610696e+00,6.535241e+00,6.345636e+00,5.572154e+00,6.865891e+00,7.465655e+00,7.126891e+00,6.621406e+00,6.773080e+00,5.857933e+00,4.997212e+00,5.963579e+00,5.099866e+00,7.280697e+00,6.357842e+00,7.161622e+00
4.110874e+00,6.665684e+00,6.964136e+00,6.741701e+00,6.535241e+00,6.068426e+00,5.993961e+00,6.760415e+00,7.519150e+00,7.126891e+00,6.621406e+00,6.840547e+00,5.966147e+00,4.997212e+00,6.008813e+00,5.648974e+00,7.303170e+00,6.645091e+00,7.115582e+00
4.382027e+00,6.648985e+00,6.947937e+00,6.776507e+00,6.535241e+00,6.033086e+00,6.030685e+00,6.760415e+00,7.519150e+00,7.169350e+00,6.621406e+00,6.885510e+00,6.089045e+00,4.997212e+00,6.008813e+00,5.648974e+00,7.303170e+00,6.722630e+00,7.100852e+00
5.638355e+00,6.637258e+00,6.955593e+00,6.777647e+00,6.535241e+00,5.849325e+00,6.159095e+00,6.742881e+00,7.534228e+00,7.186144e+00,6.621406e+00,6.870053e+00,6.073045e+00,4.997212e+00,6.008813e+00,5.648974e+00,7.303170e+00,6.722630e+00,6.901737e+00
5.774552e+00,6.432940e+00,6.994850e+00,6.884487e+00,6.535241e+00,5.846439e+00,6.030685e+00,6.763885e+00,7.555382e+00,7.195937e+00,6.538140e+00,6.877296e+00,5.891644e+00,4.997212e+00,6.023448e+00,5.648974e+00,7.244228e+00,6.722630e+00,6.825460e+00
5.897154e+00,6.291569e+00,7.063048e+00,6.889591e+00,6.535241e+00,4.564348e+00,6.486161e+00,6.763885e+00,7.560601e+00,7.195937e+00,6.536692e+00,6.901737e+00,5.583496e+00,5.003946e+00,6.033086e+00,5.659482e+00,7.204149e+00,6.722630e+00,6.797940e+00
6.206576e+00,6.148468e+00,7.122867e+00,6.889591e+00,6.535241e+00,4.564348e+00,6.369901e+00,6.768493e+00,7.595387e+00,7.191429e+00,6.546785e+00,6.888572e+00,5.533389e+00,5.003946e+00,5.945421e+00,5.659482e+00,7.204149e+00,6.734592e+00,6.781058e+00
6.437752e+00,5.910797e+00,7.199678e+00,6.859615e+00,6.576470e+00,4.564348e+00,6.368187e+00,6.685861e+00,7.629976e+00,7.145196e+00,6.546785e+00,6.910751e+00,5.645447e+00,5.003946e+00,5.894403e+00,5.641907e+00,7.204149e+00,6.885510e+00,6.603944e+00
6.437752e+00,5.852202e+00,7.215240e+00,6.744059e+00,6.711740e+00,4.564348e+00,6.368187e+00,6.302619e+00,7.746733e+00,7.145196e+00,6.546785e+00,6.905753e+00,5.583496e+00,4.962845e+00,5.894403e+00,5.594711e+00,7.204149e+00,6.885510e+00,6.586172e+00
6.429719e+00,5.768321e+00,7.237778e+00,6.469250e+00,6.935370e+00,4.564348e+00,6.368187e+00,6.297109e+00,7.748029e+00,7.145196e+00,6.546785e+00,6.905753e+00,5.583496e+00,4.955827e+00,5.934894e+00,5.631212e+00,7.201916e+00,6.885510e+00,6.606650e+00
6.437752e+00,5.768321e+00,7.237778e+00,6.467699e+00,6.744059e+00,5.620401e+00,6.368187e+00,6.287859e+00,7.750184e+00,7.145196e+00,6.539586e+00,6.886532e+00,5.572154e+00,4.955827e+00,5.948035e+00,5.613128e+00,7.201916e+00,6.885510e+00,6.345636e+00
6.439350e+00,5.768321e+00,7.231287e+00,6.463029e+00,6.658011e+00,5.872118e+00,6.373320e+00,6.270988e+00,7.754053e+00,7.145196e+00,6.539586e+00,6.881411e+00,5.594711e+00,4.955827e+00,6.063785e+00,5.564520e+00,7.201916e+00,6.888572e+00,6.190315e+00
6.442540e+00,5.768321e+00,7.181592e+00,6.347389e+00,6.801283e+00,5.918894e+00,6.373320e+00,6.270988e+00,7.668094e+00,7.130899e+00,6.501290e+00,6.839476e+00,5.697093e+00,4.955827e+00,6.267201e+00,5.505332e+00,7.122060e+00,6.896694e+00,6.196444e+00
6.444131e+00,5.768321e+00,7.076654e+00,6.530878e+00,6.738152e+00,6.093570e+00,6.373320e+00,6.270988e+00,7.602401e+00,7.133296e+00,6.496775e+00,6.777647e+00,5.697093e+00,4.955827e+00,6.098074e+00,5.351858e+00,7.083388e+00,6.896694e+00,5.988961e+00
6.447306e+00,5.768321e+00,7.034388e+00,6.570883e+00,6.620073e+00,6.324359e+00,6.373320e+00,6.270988e+00,7.602401e+00,7.032624e+00,6.192362e+00,6.788972e+00,5.886104e+00,4.955827e+00,6.257668e+00,5.351858e+00,7.011214e+00,6.952729e+00,6.122493e+00
6.447306e+00,5.746203e+00,7.039660e+00,6.464588e+00,6.599870e+00,6.470800e+00,6.373320e+00,6.270988e+00,7.602401e+00,6.882437e+00,6.177944e+00,6.784457e+00,5.902633e+00,4.955827e+00,6.109248e+00,5.351858e+00,6.963190e+00,7.143618e+00,6.297109e+00
6.447306e+00,5.730100e+00,7.040536e+00,6.467699e+00,6.575076e+00,6.398595e+00,6.478510e+00,6.261492e+00,7.532624e+00,6.786717e+00,6.169611e+00,6.953684e+00,5.948035e+00,5.023881e+00,6.109248e+00,5.327876e+00,6.855409e+00,7.145984e+00,6.302619e+00
6.447306e+00,5.638355e+00,7.063904e+00,6.467699e+00,6.541030e+00,6.391917e+00,6.520621e+00,6.261492e+00,7.532624e+00,6.782192e+00,6.169611e+00,6.858565e+00,6.054439e+00,5.023881e+00,5.968708e+00,5.198497e+00,6.577861e+00,7.139660e+00,6.302619e+00
6.447306e+00,5.337538e+00,7.124478e+00,6.459904e+00,6.415097e+00,6.527958e+00,6.520621e+00,6.037871e+00,7.476472e+00,6.829794e+00,6.070738e+00,6.919684e+00,6.265301e+00,5.023881e+00,5.905362e+00,6.122493e+00,6.577861e+00,7.105786e+00,6.308098e+00
6.448889e+00,5.318120e+00,7.023759e+00,6.624065e+00,6.421622e+00,6.535241e+00,6.520621e+00,6.037871e+00,7.454141e+00,6.830874e+00,6.047372e+00,6.876265e+00,6.265301e+00,4.912655e+00,5.886104e+00,6.163315e+00,6.598509e+00,7.105786e+00,6.317165e+00
6.453625e+00,4.736198e+00,7.056175e+00,6.692084e+00,6.421622e+00,6.535241e+00,6.520621e+00,6.037871e+00,7.454141e+00,6.624065e+00,5.826000e+00,6.874198e+00,6.366470e+00,4.990433e+00,5.888878e+00,6.579251e+00,6.598509e+00,7.056175e+00,6.505784e+00
6.453625e+00,2.890372e+00,7.113956e+00,6.725034e+00,6.421622e+00,6.535241e+00,6.519147e+00,5.676754e+00,7.507141e+00,6.617403e+00,5.843544e+00,6.791221e+00,6.386879e+00,5.081404e+00,6.120297e+00,6.624065e+00,6.648985e+00,7.056175e+00,6.530878e+00
6.484635e+00,2.397895e+00,7.037906e+00,6.818924e+00,6.445720e+00,6.535241e+00,6.487684e+00,5.662960e+00,7.395108e+00,6.632002e+00,5.323010e+00,6.733402e+00,6.395262e+00,5.043425e+00,6.369901e+00,6.624065e+00,6.648985e+00,7.047517e+00,6.638568e+00
6.470800e+00,2.995732e+00,6.928538e+00,6.897705e+00,6.511745e+00,6.535241e+00,6.487684e+00,5.468060e+00,7.425954e+00,6.613384e+00,5.323010e+00,6.712956e+00,6.429719e+00,4.727388e+00,6.424869e+00,6.624065e+00,6.648985e+00,7.064759e+00,6.701960e+00
6.432940e+00,3.784190e+00,6.928538e+00,6.895683e+00,6.514713e+00,6.535241e+00,6.487684e+00,5.327876e+00,7.438972e+00,6.629363e+00,5.323010e+00,6.749931e+00,6.458338e+00,4.644391e+00,6.424869e+00,6.617403e+00,6.648985e+00,7.090077e+00,7.004882e+00
6.440947e+00,3.784190e+00,6.926577e+00,6.897705e+00,6.514713e+00,6.535241e+00,6.487684e+00,5.327876e+00,7.413970e+00,6.612041e+00,5.476464e+00,6.692084e+00,6.439350e+00,4.672829e+00,6.458338e+00,6.617403e+00,6.648985e+00,7.074963e+00,7.029973e+00
6.444131e+00,3.688879e+00,6.869014e+00,6.957497e+00,6.514713e+00,6.535241e+00,6.487684e+00,5.327876e+00,7.363914e+00,6.390241e+00,5.480639e+00,6.726233e+00,6.398595e+00,4.672829e+00,6.461468e+00,6.617403e+00,6.648985e+00,7.066467e+00,7.032624e+00
6.444131e+00,3.637586e+00,6.765039e+00,7.045777e+00,6.514713e+00,6.535241e+00,6.486161e+00,5.332719e+00,7.310550e+00,5.849325e+00,5.480639e+00,6.726233e+00,6.419995e+00,4.672829e+00,6.476972e+00,6.617403e+00,6.645091e+00,6.939254e+00,7.035269e+00
6.444131e+00,3.637586e+00,6.712956e+00,7.083388e+00,6.514713e+00,6.535241e+00,6.486161e+00,5.247024e+00,7.156956e+00,5.446737e+00,5.411646e+00,6.755769e+00,6.421622e+00,4.574711e+00,6.495266e+00,6.617403e+00,6.302619e+00,6.891626e+00,7.050989e+00
6.444131e+00,3.637586e+00,6.703188e+00,7.090077e+00,6.514713e+00,6.535241e+00,6.486161e+00,5.181784e+00,7.080868e+00,5.433722e+00,5.463832e+00,6.755769e+00,6.418365e+00,4.290459e+00,6.508769e+00,6.617403e+00,5.556828e+00,6.857514e+00,7.097549e+00
6.410175e+00,4.077537e+00,6.701960e+00,7.074963e+00,6.542472e+00,6.535241e+00,6.393591e+00,5.463832e+00,7.002156e+00,5.433722e+00,5.455321e+00,6.822197e+00,6.467699e+00,4.290459e+00,6.508769e+00,6.562444e+00,4.948760e+00,6.836259e+00,7.095064e+00
6.408529e+00,4.094345e+00,6.665684e+00,7.057898e+00,6.610696e+00,6.535241e+00,6.345636e+00,5.572154e+00,6.865891e+00,5.429346e+00,5.384495e+00,6.813445e+00,6.610696e+00,4.644391e+00,6.508769e+00,6.562444e+00,4.753590e+00,6.852243e+00,7.090910e+00
6.476972e+00,4.110874e+00,6.665684e+00,6.964136e+00,6.741701e+00,6.535241e+00,6.068426e+00,5.993961e+00,6.760415e+00,5.429346e+00,5.384495e+00,6.727432e+00,6.598509e+00,4.644391e+00,6.532334e+00,6.376727e+00,4.418841e+00,6.853299e+00,7.090910e+00
6.796824e+00,4.382027e+00,6.648985e+00,6.947937e+00,6.776507e+00,6.535241e+00,6.033086e+00,6.030685e+00,6.760415e+00,5.176150e+00,5.384495e+00,6.674561e+00,6.526495e+00,4.644391e+00,6.532334e+00,6.376727e+00,4.727388e+00,6.827629e+00,7.090910e+00
6.695799e+00,5.638355e+00,6.637258e+00,6.955593e+00,6.777647e+00,6.535241e+00,5.849325e+00,6.159095e+00,6.742881e+00,5.062595e+00,5.433722e+00,6.674561e+00,6.637258e+00,5.117994e+00,6.532334e+00,6.434547e+00,4.770685e+00,6.851185e+00,7.032624e+00
6.684612e+00,5.774552e+00,6.432940e+00,6.994850e+00,6.884487e+00,6.535241e+00,5.846439e+00,6.030685e+00,6.763885e+00,5.043425e+00,5.433722e+00,6.598509e+00,6.665684e+00,5.356586e+00,6.523562e+00,6.442540e+00,4.770685e+00,6.968850e+00,7.032624e+00
6.793466e+00,5.897154e+00,6.291569e+00,7.063048e+00,6.889591e+00,6.535241e+00,4.564348e+00,6.486161e+00,6.763885e+00,5.159055e+00,5.433722e+00,6.566672e+00,6.668228e+00,5.416100e+00,6.516193e+00,6.437752e+00,4.770685e+00,7.028201e+00,6.984716e+00
6.752270e+00,6.206576e+00,6.148468e+00,7.122867e+00,6.889591e+00,6.535241e+00,4.564348e+00,6.369901e+00,6.768493e+00,5.159055e+00,5.402677e+00,6.566672e+00,6.669498e+00,5.416100e+00,6.516193e+00,6.458338e+00,4.770685e+00,7.019297e+00,6.961296e+00
6.591674e+00,6.437752e+00,5.910797e+00,7.199678e+00,6.859615e+00,6.576470e+00,4.564348e+00,6.368187e+00,6.685861e+00,5.159055e+00,5.402677e+00,6.535241e+00,6.666957e+00,5.416100e+00,6.516193e+00,6.458338e+00,4.770685e+00,6.873164e+00,6.961296e+00
6.661855e+00,6.437752e+00,5.852202e+00,7.215240e+00,6.744059e+00,6.711740e+00,4.564348e+00,6.368187e+00,6.302619e+00,5.159055e+00,5.402677e+00,6.535241e+00,6.825460e+00,5.424950e+00,6.516193e+00,6.458338e+00,4.770685e+00,6.873164e+00,6.964136e+00
6.700731e+00,6.429719e+00,5.768321e+00,7.237778e+00,6.469250e+00,6.935370e+00,4.564348e+00,6.368187e+00,6.297109e+00,5.159055e+00,5.402677e+00,6.594413e+00,6.836259e+00,5.424950e+00,6.493754e+00,6.442540e+00,4.770685e+00,6.906755e+00,6.949856e+00
6.700731e+00,6.437752e+00,5.768321e+00,7.237778e+00,6.467699e+00,6.744059e+00,5.620401e+00,6.368187e+00,6.287859e+00,5.159055e+00,5.429346e+00,6.594413e+00,6.903747e+00,5.645447e+00,6.486161e+00,6.442540e+00,4.962845e+00,6.944087e+00,6.940222e+00
6.703188e+00,6.439350e+00,5.768321e+00,7.231287e+00,6.463029e+00,6.658011e+00,5.872118e+00,6.373320e+00,6.270988e+00,5.159055e+00,5.480639e+00,6.594413e+00,6.899723e+00,5.857933e+00,6.326149e+00,6.442540e+00,5.017280e+00,7.205635e+00,6.920672e+00
6.700731e+00,6.442540e+00,5.768321e+00,7.181592e+00,6.347389e+00,6.801283e+00,5.918894e+00,6.373320e+00,6.270988e+00,5.159055e+00,5.480639e+00,6.594413e+00,6.890609e+00,5.872118e+00,6.122493e+00,6.442540e+00,4.948760e+00,7.319202e+00,6.907755e+00
6.703188e+00,6.444131e+00,5.768321e+00,7.076654e+00,6.530878e+00,6.738152e+00,6.093570e+00,6.373320e+00,6.270988e+00,5.068904e+00,5.480639e+00,6.594413e+00,6.890609e+00,5.902633e+00,6.137727e+00,6.442540e+00,5.017280e+00,7.355002e+00,6.863803e+00
6.830874e+00,6.447306e+00,5.768321e+00,7.034388e+00,6.570883e+00,6.620073e+00,6.324359e+00,6.373320e+00,6.270988e+00,5.062595e+00,5.480639e+00,6.584791e+00,6.825460e+00,5.902633e+00,6.079933e+00,6.442540e+00,5.442418e+00,7.315884e+00,6.729824e+00
6.831954e+00,6.447306e+00,5.746203e+00,7.039660e+00,6.464588e+00,6.599870e+00,6.470800e+00,6.373320e+00,6.270988e+00,5.062595e+00,5.480639e+00,6.551080e+00,6.817831e+00,5.902633e+00,6.079933e+00,6.442540e+00,5.564520e+00,7.139660e+00,6.630683e+00
6.882437e+00,6.447306e+00,5.730100e+00,7.040536e+00,6.467699e+00,6.575076e+00,6.398595e+00,6.478510e+00,6.261492e+00,5.062595e+00,5.480639e+00,6.411818e+00,6.799056e+00,5.874931e+00,6.142037e+00,6.445720e+00,5.575949e+00,7.145984e+00,6.687109e+00
6.948897e+00,6.447306e+00,5.638355e+00,7.063904e+00,6.467699e+00,6.541030e+00,6.391917e+00,6.520621e+00,6.261492e+00,5.030438e+00,5.480639e+00,6.526495e+00,6.749931e+00,5.880533e+00,6.196444e+00,6.489205e+00,5.758902e+00,7.145984e+00,6.687109e+00
6.948897e+00,6.447306e+00,5.337538e+00,7.124478e+00,6.459904e+00,6.415097e+00,6.527958e+00,6.520621e+00,6.037871e+00,4.700480e+00,5.480639e+00,6.520621e+00,6.625392e+00,5.880533e+00,6.222576e+00,5.971262e+00,5.758902e+00,7.171657e+00,6.683361e+00
7.020191e+00,6.448889e+00,5.318120e+00,7.023759e+00,6.624065e+00,6.421622e+00,6.535241e+00,6.520621e+00,6.037871e+00,4.624973e+00,5.416100e+00,6.577861e+00,6.625392e+00,5.880533e+00,6.218600e+00,5.921578e+00,5.686975e+00,7.171657e+00,6.812345e+00
7.023759e+00,6.453625e+00,4.736198e+00,7.056175e+00,6.692084e+00,6.421622e+00,6.535241e+00,6.520621e+00,6.037871e+00,4.624973e+00,5.030438e+00,6.573680e+00,6.548219e+00,5.849325e+00,6.216606e+00,4.852030e+00,5.843544e+00,7.239933e+00,6.677083e+00
7.023759e+00,6.453625e+00,2.890372e+00,7.113956e+00,6.725034e+00,6.421622e+00,6.535241e+00,6.519147e+00,5.676754e+00,4.624973e+00,4.718499e+00,6.573680e+00,6.530878e+00,5.758902e+00,6.008813e+00,4.997212e+00,5.789960e+00,7.351800e+00,6.651572e+00
7.005789e+00,6.484635e+00,2.397895e+00,7.037906e+00,6.818924e+00,6.445720e+00,6.535241e+00,6.487684e+00,5.662960e+00,4.418841e+00,4.663439e+00,6.573680e+00,6.523562e+00,5.736572e+00,5.690359e+00,5.062595e+00,5.799093e+00,7.351800e+00,6.545350e+00
7.007601e+00,6.470800e+00,2.995732e+00,6.928538e+00,6.897705e+00,6.511745e+00,6.535241e+00,6.487684e+00,5.468060e+00,4.418841e+00,4.700480e+00,6.573680e+00,6.583409e+00,5.736572e+00,5.572154e+00,5.062595e+00,5.799093e+00,7.340836e+00,6.470800e+00
7.015712e+00,6.432940e+00,3.784190e+00,6.928538e+00,6.895683e+00,6.514713e+00,6.535241e+00,6.487684e+00,5.327876e+00,4.584967e+00,4.700480e+00,6.613384e+00,6.525030e+00,5.736572e+00,5.602119e+00,5.062595e+00,5.799093e+00,7.360104e+00,5.880533e+00
7.126891e+00,6.440947e+00,3.784190e+00,6.926577e+00,6.897705e+00,6.514713e+00,6.535241e+00,6.487684e+00,5.327876e+00,5.273000e+00,4.290459e+00,6.648985e+00,6.520621e+00,5.707110e+00,5.521461e+00,5.062595e+00,5.799093e+00,7.470224e+00,5.783825e+00
7.233455e+00,6.444131e+00,3.688879e+00,6.869014e+00,6.957497e+00,6.514713e+00,6.535241e+00,6.487684e+00,5.327876e+00,5.488938e+00,4.276666e+00,6.566672e+00,6.541030e+00,5.707110e+00,5.590987e+00,5.062595e+00,5.828946e+00,7.470224e+00,5.693732e+00
7.260523e+00,6.444131e+00,3.637586e+00,6.765039e+00,7.045777e+00,6.514713e+00,6.535241e+00,6.486161e+00,5.332719e+00,5.393628e+00,4.382027e+00,6.532334e+00,6.522093e+00,5.707110e+00,5.641907e+00,5.062595e+00,5.814131e+00,7.470224e+00,5.683580e+00
7.260523e+00,6.444131e+00,3.637586e+00,6.712956e+00,7.083388e+00,6.514713e+00,6.535241e+00,6.486161e+00,5.247024e+00,5.433722e+00,4.110874e+00,6.562444e+00,6.520621e+00,5.707110e+00,5.648974e+00,5.062595e+00,5.814131e+00,7.470224e+00,5.620401e+00
7.260523e+00,6.444131e+00,3.637586e+00,6.703188e+00,7.090077e+00,6.514713e+00,6.535241e+00,6.486161e+00,5.181784e+00,5.433722e+00,3.891820e+00,6.587550e+00,6.520621e+00,5.752573e+00,5.616771e+00,6.059123e+00,5.814131e+00,7.470224e+00,5.420535e+00
7.279319e+00,6.410175e+00,4.077537e+00,6.701960e+00,7.074963e+00,6.542472e+00,6.535241e+00,6.393591e+00,5.463832e+00,5.433722e+00,3.970292e+00,6.502790e+00,6.396930e+00,5.765191e+00,5.799093e+00,6.154858e+00,5.814131e+00,7.470224e+00,5.497168e+00
7.325808e+00,6.408529e+00,4.094345e+00,6.665684e+00,7.057898e+00,6.610696e+00,6.535241e+00,6.345636e+00,5.572154e+00,5.433722e+00,5.075174e+00,6.501290e+00,6.212606e+00,5.662960e+00,5.799093e+00,6.154858e+00,5.814131e+00,7.411556e+00,5.796058e+00
7.296413e+00,6.476972e+00,4.110874e+00,6.665684e+00,6.964136e+00,6.741701e+00,6.535241e+00,6.068426e+00,5.993961e+00,5.433722e+00,5.209486e+00,6.501290e+00,6.131226e+00,5.662960e+00,5.690359e+00,6.154858e+00,5.814131e+00,7.287561e+00,5.955837e+00
7.099202e+00,6.796824e+00,4.382027e+00,6.648985e+00,6.947937e+00,6.776507e+00,6.535241e+00,6.033086e+00,6.030685e+00,5.424950e+00,5.209486e+00,6.501290e+00,6.259581e+00,5.662960e+00,5.690359e+00,6.165418e+00,5.720312e+00,7.261225e+00,5.955837e+00
7.000334e+00,6.695799e+00,5.638355e+00,6.637258e+00,6.955593e+00,6.777647e+00,6.535241e+00,5.849325e+00,6.159095e+00,6.056784e+00,5.147494e+00,6.501290e+00,6.115892e+00,5.416100e+00,5.690359e+00,6.089045e+00,5.703782e+00,7.245655e+00,5.955837e+00
6.974479e+00,6.684612e+00,5.774552e+00,6.432940e+00,6.994850e+00,6.884487e+00,6.535241e+00,5.846439e+00,6.030685e+00,6.248043e+00,5.176150e+00,6.501290e+00,6.177944e+00,5.283204e+00,5.690359e+00,6.077642e+00,5.703782e+00,7.157735e+00,5.955837e+00
6.842683e+00,6.793466e+00,5.897154e+00,6.291569e+00,7.063048e+00,6.889591e+00,6.535241e+00,4.564348e+00,6.486161e+00,6.246107e+00,5.332719e+00,6.499787e+00,6.167516e+00,5.620401e+00,5.690359e+00,6.077642e+00,5.703782e+00,7.105786e+00,5.955837e+00
6.734592e+00,6.752270e+00,6.206576e+00,6.148468e+00,7.122867e+00,6.889591e+00,6.535241e+00,4.564348e+00,6.369901e+00,6.248043e+00,5.332719e+00,6.499787e+00,6.280396e+00,5.697093e+00,5.690359e+00,6.047372e+00,5.720312e+00,7.105786e+00,6.001415e+00
6.732211e+00,6.591674e+00,6.437752e+00,5.910797e+00,7.199678e+00,6.859615e+00,6.576470e+00,4.564348e+00,6.368187e+00,6.375025e+00,5.332719e+00,6.499787e+00,6.226537e+00,5.777652e+00,5.752573e+00,6.047372e+00,5.899897e+00,7.195937e+00,6.242223e+00
6.666957e+00,6.661855e+00,6.437752e+00,5.852202e+00,7.215240e+00,6.744059e+00,6.711740e+00,4.564348e+00,6.368187e+00,6.424869e+00,5.332719e+00,6.499787e+00,5.916202e+00,5.771441e+00,5.758902e+00,6.047372e+00,6.075346e+00,7.243513e+00,6.513230e+00
6.626718e+00,6.700731e+00,6.429719e+00,5.768321e+00,7.237778e+00,6.469250e+00,6.935370e+00,4.564348e+00,6.368187e+00,6.458338e+00,5.332719e+00,6.434547e+00,5.888878e+00,5.814131e+00,6.329721e+00,6.047372e+00,6.075346e+00,7.293698e+00,6.618739e+00
6.620073e+00,6.700731e+00,6.437752e+00,5.768321e+00,7.237778e+00,6.467699e+00,6.744059e+00,5.620401e+00,6.368187e+00,6.481577e+00,5.303305e+00,6.434547e+00,5.693732e+00,6.398595e+00,6.329721e+00,6.047372e+00,6.028279e+00,7.305188e+00,6.618739e+00
6.616065e+00,6.703188e+00,6.439350e+00,5.768321e+00,7.231287e+00,6.463029e+00,6.658011e+00,5.872118e+00,6.373320e+00,6.481577e+00,5.241747e+00,6.434547e+00,5.693732e+00,6.813445e+00,6.327937e+00,6.047372e+00,6.008813e+00,7.069023e+00,6.594413e+00
6.616065e+00,6.700731e+00,6.442540e+00,5.768321e+00,7.181592e+00,6.347389e+00,6.801283e+00,5.918894e+00,6.373320e+00,6.481577e+00,5.241747e+00,6.434547e+00,5.796058e+00,6.825460e+00,6.313548e+00,6.070738e+00,6.008813e+00,6.915723e+00,6.566672e+00
6.612041e+00,6.703188e+00,6.444131e+00,5.768321e+00,7.076654e+00,6.530878e+00,6.738152e+00,6.093570e+00,6.373320e+00,6.519147e+00,5.247024e+00,6.434547e+00,5.796058e+00,6.821107e+00,6.293419e+00,6.137727e+00,5.983936e+00,6.859615e+00,6.566672e+00
6.447306e+00,6.830874e+00,6.447306e+00,5.768321e+00,7.034388e+00,6.570883e+00,6.620073e+00,6.324359e+00,6.373320e+00,6.565265e+00,5.356586e+00,6.481577e+00,5.796058e+00,6.821107e+00,6.154858e+00,6.154858e+00,5.758902e+00,6.859615e+00,6.612041e+00
6.445720e+00,6.831954e+00,6.447306e+00,5.746203e+00,7.039660e+00,6.464588e+00,6.599870e+00,6.470800e+00,6.373320e+00,6.565265e+00,5.796058e+00,6.629363e+00,5.796058e+00,6.821107e+00,6.154858e+00,6.161207e+00,5.659482e+00,6.859615e+00,6.716595e+00
6.366470e+00,6.882437e+00,6.447306e+00,5.730100e+00,7.040536e+00,6.467699e+00,6.575076e+00,6.398595e+00,6.478510e+00,6.744059e+00,6.063785e+00,6.692084e+00,5.891644e+00,6.863803e+00,6.093570e+00,6.150603e+00,5.648974e+00,6.835185e+00,6.697034e+00
6.244167e+00,6.948897e+00,6.447306e+00,5.638355e+00,7.063904e+00,6.467699e+00,6.541030e+00,6.391917e+00,6.520621e+00,6.746412e+00,6.204558e+00,6.431331e+00,5.910797e+00,6.861711e+00,6.033086e+00,6.089045e+00,5.442418e+00,6.835185e+00,6.807935e+00
6.244167e+00,6.948897e+00,6.447306e+00,5.337538e+00,7.124478e+00,6.459904e+00,6.415097e+00,6.527958e+00,6.520621e+00,6.831954e+00,6.204558e+00,6.253829e+00,6.139885e+00,6.950815e+00,6.001415e+00,6.068426e+00,5.442418e+00,6.799056e+00,6.807935e+00
6.079933e+00,7.020191e+00,6.448889e+00,5.318120e+00,7.023759e+00,6.624065e+00,6.421622e+00,6.535241e+00,6.520621e+00,6.960348e+00,6.210600e+00,6.161207e+00,6.357842e+00,6.952729e+00,6.001415e+00,6.068426e+00,5.442418e+00,6.799056e+00,6.672033e+00
6.063785e+00,7.023759e+00,6.453625e+00,4.736198e+00,7.056175e+00,6.692084e+00,6.421622e+00,6.535241e+00,6.520621e+00,6.960348e+00,6.269096e+00,6.159095e+00,6.368187e+00,6.952729e+00,6.001415e+00,6.068426e+00,5.198497e+00,6.668228e+00,6.672033e+00
6.063785e+00,7.023759e+00,6.453625e+00,2.890372e+00,7.113956e+00,6.725034e+00,6.421622e+00,6.535241e+00,6.519147e+00,6.960348e+00,6.274762e+00,6.159095e+00,6.548219e+00,6.947937e+00,6.001415e+00,5.937536e+00,5.081404e+00,6.378426e+00,6.709304e+00
6.063785e+00,7.005789e+00,6.484635e+00,2.397895e+00,7.037906e+00,6.818924e+00,6.445720e+00,6.535241e+00,6.487684e+00,6.960348e+00,6.259581e+00,6.159095e+00,6.576470e+00,6.947937e+00,5.955837e+00,5.910797e+00,5.062595e+00,6.378426e+00,6.709304e+00
6.104793e+00,7.007601e+00,6.470800e+00,2.995732e+00,6.928538e+00,6.897705e+00,6.511745e+00,6.535241e+00,6.487684e+00,6.960348e+00,6.342121e+00,6.232448e+00,6.484635e+00,6.947937e+00,6.001415e+00,5.910797e+00,5.062595e+00,6.373320e+00,6.709304e+00
6.118097e+00,7.015712e+00,6.432940e+00,3.784190e+00,6.928538e+00,6.895683e+00,6.514713e+00,6.535241e+00,6.487684e+00,6.934397e+00,6.463029e+00,6.107023e+00,6.510258e+00,7.029973e+00,6.322565e+00,5.910797e+00,5.062595e+00,6.265301e+00,7.073270e+00
5.910797e+00,7.126891e+00,6.440947e+00,3.784190e+00,6.926577e+00,6.897705e+00,6.514713e+00,6.535241e+00,6.487684e+00,6.835185e+00,6.569481e+00,6.042633e+00,6.513230e+00,7.084226e+00,6.322565e+00,5.910797e+00,5.062595e+00,5.837730e+00,7.198931e+00
6.131226e+00,7.233455e+00,6.444131e+00,3.688879e+00,6.869014e+00,6.957497e+00,6.514713e+00,6.535241e+00,6.487684e+00,6.783325e+00,6.569481e+00,6.082219e+00,6.492240e+00,7.135687e+00,6.285998e+00,5.910797e+00,4.997212e+00,5.837730e+00,7.372118e+00
6.063785e+00,7.260523e+00,6.444131e+00,3.637586e+00,6.765039e+00,7.045777e+00,6.514713e+00,6.535241e+00,6.486161e+00,6.770789e+00,6.558198e+00,6.152733e+00,6.492240e+00,7.135687e+00,6.380123e+00,5.910797e+00,4.997212e+00,5.837730e+00,7.395722e+00
6.066108e+00,7.260523e+00,6.444131e+00,3.637586e+00,6.712956e+00,7.083388e+00,6.514713e+00,6.535241e+00,6.486161e+00,6.758095e+00,6.558198e+00,6.104793e+00,6.492240e+00,7.165493e+00,6.356108e+00,5.910797e+00,4.997212e+00,5.852202e+00,7.436617e+00
6.315358e+00,7.260523e+00,6.444131e+00,3.637586e+00,6.703188e+00,7.090077e+00,6.514713e+00,6.535241e+00,6.486161e+00,6.758095e+00,6.558198e+00,6.107023e+00,6.492240e+00,7.154615e+00,6.381816e+00,4.595120e+00,4.997212e+00,5.852202e+00,7.548029e+00
6.265301e+00,7.279319e+00,6.410175e+00,4.077537e+00,6.701960e+00,7.074963e+00,6.542472e+00,6.535241e+00,6.393591e+00,6.758095e+00,6.733402e+00,6.156979e+00,6.492240e+00,7.151485e+00,6.291569e+00,4.025352e+00,4.997212e+00,5.852202e+00,7.608871e+00
6.240276e+00,7.325808e+00,6.408529e+00,4.094345e+00,6.665684e+00,7.057898e+00,6.610696e+00,6.535241e+00,6.345636e+00,6.758095e+00,6.618739e+00,6.238325e+00,6.677083e+00,7.218910e+00,6.295266e+00,4.025352e+00,5.746203e+00,5.852202e+00,7.567346e+00
6.240276e+00,7.296413e+00,6.476972e+00,4.110874e+00,6.665684e+00,6.964136e+00,6.741701e+00,6.535241e+00,6.068426e+00,6.758095e+00,6.587550e+00,6.313548e+00,6.715383e+00,7.237778e+00,6.329721e+00,4.025352e+00,6.126869e+00,6.196444e+00,7.539027e+00
6.240276e+00,7.099202e+00,6.796824e+00,4.382027e+00,6.648985e+00,6.947937e+00,6.776507e+00,6.535241e+00,6.033086e+00,6.756932e+00,6.587550e+00,6.395262e+00,6.830874e+00,7.237778e+00,6.383507e+00,3.931826e+00,6.226537e+00,6.206576e+00,7.543273e+00
6.238325e+00,7.000334e+00,6.695799e+00,5.638355e+00,6.637258e+00,6.955593e+00,6.777647e+00,6.535241e+00,5.849325e+00,6.487684e+00,6.587550e+00,6.413459e+00,6.843750e+00,7.237778e+00,6.517671e+00,3.931826e+00,6.255750e+00,6.295266e+00,7.543273e+00
6.238325e+00,6.974479e+00,6.684612e+00,5.774552e+00,6.432940e+00,6.994850e+00,6.884487e+00,6.535241e+00,5.846439e+00,6.322565e+00,6.580639e+00,6.413459e+00,6.800170e+00,7.225481e+00,6.527958e+00,4.955827e+00,6.311735e+00,6.380123e+00,7.544861e+00
6.429719e+00,6.842683e+00,6.793466e+00,5.897154e+00,6.291569e+00,7.063048e+00,6.889591e+00,6.535241e+00,4.564348e+00,6.594413e+00,6.538140e+00,6.469250e+00,6.802395e+00,7.155396e+00,6.527958e+00,5.337538e+00,6.580639e+00,6.464588e+00,7.544861e+00
6.429719e+00,6.734592e+00,6.752270e+00,6.206576e+00,6.148468e+00,7.122867e+00,6.889591e+00,6.535241e+00,4.564348e+00,6.763885e+00,6.538140e+00,6.469250e+00,6.733402e+00,7.138073e+00,6.546785e+00,5.429346e+00,6.670766e+00,6.502790e+00,7.535297e+00
6.442540e+00,6.732211e+00,6.591674e+00,6.437752e+00,5.910797e+00,7.199678e+00,6.859615e+00,6.576470e+00,4.564348e+00,6.679599e+00,6.538140e+00,6.469250e+00,6.733402e+00,7.118016e+00,6.568078e+00,5.501258e+00,6.641182e+00,6.340359e+00,7.474772e+00
6.442540e+00,6.666957e+00,6.661855e+00,6.437752e+00,5.852202e+00,7.215240e+00,6.744059e+00,6.711740e+00,4.564348e+00,6.641182e+00,6.538140e+00,6.470800e+00,6.755769e+00,7.164720e+00,6.584791e+00,5.771441e+00,6.545350e+00,6.282267e+00,7.377759e+00
6.467699e+00,6.626718e+00,6.700731e+00,6.429719e+00,5.768321e+00,7.237778e+00,6.469250e+00,6.935370e+00,4.564348e+00,6.785588e+00,6.538140e+00,6.470800e+00,6.761573e+00,7.156177e+00,6.173786e+00,5.771441e+00,6.545350e+00,6.063785e+00,7.357556e+00
6.516193e+00,6.620073e+00,6.700731e+00,6.437752e+00,5.768321e+00,7.237778e+00,6.467699e+00,6.744059e+00,5.620401e+00,6.768493e+00,6.538140e+00,6.489205e+00,6.760415e+00,6.893656e+00,6.255750e+00,5.771441e+00,6.538140e+00,5.926926e+00,7.373374e+00
6.522093e+00,6.616065e+00,6.703188e+00,6.439350e+00,5.768321e+00,7.231287e+00,6.463029e+00,6.658011e+00,5.872118e+00,6.981935e+00,6.538140e+00,6.535241e+00,6.753438e+00,6.429719e+00,6.255750e+00,5.817111e+00,6.538140e+00,5.926926e+00,7.373374e+00
6.595781e+00,6.616065e+00,6.700731e+00,6.442540e+00,5.768321e+00,7.181592e+00,6.347389e+00,6.801283e+00,5.918894e+00,7.017506e+00,6.538140e+00,6.535241e+00,6.690842e+00,6.458338e+00,6.255750e+00,5.831882e+00,6.538140e+00,5.918894e+00,7.373374e+00
6.628041e+00,6.612041e+00,6.703188e+00,6.444131e+00,5.768321e+00,7.076654e+00,6.530878e+00,6.738152e+00,6.093570e+00,6.993933e+00,6.536692e+00,6.558198e+00,6.690842e+00,6.470800e+00,6.255750e+00,5.752573e+00,6.538140e+00,5.918894e+00,7.373374e+00
6.647688e+00,6.447306e+00,6.830874e+00,6.447306e+00,5.768321e+00,7.034388e+00,6.570883e+00,6.620073e+00,6.324359e+00,6.995766e+00,6.504288e+00,6.475433e+00,6.690842e+00,6.495266e+00,6.255750e+00,5.726848e+00,6.538140e+00,5.918894e+00,7.352441e+00
6.652863e+00,6.445720e+00,6.831954e+00,6.447306e+00,5.746203e+00,7.039660e+00,6.464588e+00,6.599870e+00,6.470800e+00,7.177782e+00,6.311735e+00,6.357842e+00,6.690842e+00,6.505784e+00,6.255750e+00,5.883322e+00,6.538140e+00,5.918894e+00,7.293018e+00
6.654153e+00,6.366470e+00,6.882437e+00,6.447306e+00,5.730100e+00,7.040536e+00,6.467699e+00,6.575076e+00,6.398595e+00,7.065613e+00,6.109248e+00,6.230481e+00,6.648985e+00,6.444131e+00,6.255750e+00,5.902633e+00,6.580639e+00,5.918894e+00,7.271704e+00
6.654153e+00,6.244167e+00,6.948897e+00,6.447306e+00,5.638355e+00,7.063904e+00,6.467699e+00,6.541030e+00,6.391917e+00,7.071573e+00,5.953243e+00,6.226537e+00,6.639876e+00,6.444131e+00,6.255750e+00,5.929589e+00,6.618739e+00,5.918894e+00,7.203406e+00
6.654153e+00,6.244167e+00,6.948897e+00,6.447306e+00,5.337538e+00,7.124478e+00,6.459904e+00,6.415097e+00,6.527958e+00,7.042286e+00,6.173786e+00,6.226537e+00,6.507278e+00,6.291569e+00,6.320768e+00,6.184149e+00,6.638568e+00,5.918894e+00,7.203406e+00
6.654153e+00,6.079933e+00,7.020191e+00,6.448889e+00,5.318120e+00,7.023759e+00,6.624065e+00,6.421622e+00,6.535241e+00,7.001246e+00,6.182085e+00,6.278521e+00,6.322565e+00,6.517671e+00,6.363028e+00,6.186209e+00,6.645091e+00,5.918894e+00,7.203406e+00
6.654153e+00,6.063785e+00,7.023759e+00,6.453625e+00,4.736198e+00,7.056175e+00,6.692084e+00,6.421622e+00,6.535241e+00,7.073270e+00,6.139885e+00,6.278521e+00,6.311735e+00,6.517671e+00,6.363028e+00,6.287859e+00,6.683361e+00,6.629363e+00,7.203406e+00
6.654153e+00,6.063785e+00,7.023759e+00,6.453625e+00,2.890372e+00,7.113956e+00,6.725034e+00,6.421622e+00,6.535241e+00,7.251345e+00,6.133398e+00,6.278521e+00,6.077642e+00,6.517671e+00,6.723832e+00,6.287859e+00,6.705639e+00,6.699500e+00,7.180831e+00
6.654153e+00,6.063785e+00,7.005789e+00,6.484635e+00,2.397895e+00,7.037906e+00,6.818924e+00,6.445720e+00,6.535241e+00,7.323831e+00,6.144186e+00,6.278521e+00,6.030685e+00,6.517671e+00,7.100852e+00,6.336826e+00,6.705639e+00,6.699500e+00,7.180831e+00
6.638568e+00,6.104793e+00,7.007601e+00,6.470800e+00,2.995732e+00,6.928538e+00,6.897705e+00,6.511745e+00,6.535241e+00,7.381502e+00,6.033086e+00,6.208590e+00,6.030685e+00,6.517671e+00,7.162397e+00,6.343880e+00,6.705639e+00,6.699500e+00,7.180831e+00
6.618739e+00,6.118097e+00,7.015712e+00,6.432940e+00,3.784190e+00,6.928538e+00,6.895683e+00,6.514713e+00,6.535241e+00,7.465655e+00,5.840642e+00,6.208590e+00,5.968708e+00,6.376727e+00,7.029088e+00,6.375025e+00,6.705639e+00,6.705639e+00,6.860664e+00
6.573680e+00,5.910797e+00,7.126891e+00,6.440947e+00,3.784190e+00,6.926577e+00,6.897705e+00,6.514713e+00,6.535241e+00,7.519150e+00,5.605802e+00,6.188264e+00,5.961005e+00,6.276643e+00,7.029088e+00,6.452049e+00,6.765039e+00,6.793466e+00,6.781058e+00
6.184149e+00,6.131226e+00,7.233455e+00,6.444131e+00,3.688879e+00,6.869014e+00,6.957497e+00,6.514713e+00,6.535241e+00,7.519150e+00,5.609472e+00,6.152733e+00,5.961005e+00,6.150603e+00,7.029088e+00,6.452049e+00,6.765039e+00,6.793466e+00,6.450470e+00
6.167516e+00,6.063785e+00,7.260523e+00,6.444131e+00,3.637586e+00,6.765039e+00,7.045777e+00,6.514713e+00,6.535241e+00,7.534228e+00,5.655992e+00,6.082219e+00,5.961005e+00,6.150603e+00,6.958448e+00,6.452049e+00,6.975414e+00,6.842683e+00,6.466145e+00
6.242223e+00,6.066108e+00,7.260523e+00,6.444131e+00,3.637586e+00,6.712956e+00,7.083388e+00,6.514713e+00,6.535241e+00,7.555382e+00,5.686975e+00,6.011267e+00,5.961005e+00,6.066108e+00,6.958448e+00,6.452049e+00,7.176255e+00,6.851185e+00,6.461468e+00
6.016157e+00,6.315358e+00,7.260523e+00,6.444131e+00,3.637586e+00,6.703188e+00,7.090077e+00,6.514713e+00,6.535241e+00,7.560601e+00,5.755742e+00,5.963579e+00,5.961005e+00,6.066108e+00,6.954639e+00,6.452049e+00,7.223296e+00,6.907755e+00,6.349139e+00
6.016157e+00,6.265301e+00,7.279319e+00,6.410175e+00,4.077537e+00,6.701960e+00,7.074963e+00,6.542472e+00,6.535241e+00,7.595387e+00,5.525453e+00,5.991465e+00,5.961005e+00,6.066108e+00,6.977281e+00,6.452049e+00,7.223296e+00,6.935370e+00,6.253829e+00
5.869297e+00,6.240276e+00,7.325808e+00,6.408529e+00,4.094345e+00,6.665684e+00,7.057898e+00,6.610696e+00,6.535241e+00,7.629976e+00,5.521461e+00,5.950643e+00,5.537334e+00,5.834811e+00,6.975414e+00,6.452049e+00,7.188413e+00,6.935370e+00,6.276643e+00
5.869297e+00,6.240276e+00,7.296413e+00,6.476972e+00,4.110874e+00,6.665684e+00,6.964136e+00,6.741701e+00,6.535241e+00,7.746733e+00,5.686975e+00,5.883322e+00,5.407172e+00,5.755742e+00,6.994850e+00,6.452049e+00,7.072422e+00,6.964136e+00,6.280396e+00
5.869297e+00,6.240276e+00,7.099202e+00,6.796824e+00,4.382027e+00,6.648985e+00,6.947937e+00,6.776507e+00,6.535241e+00,7.748029e+00,5.902633e+00,5.743003e+00,4.077537e+00,5.768321e+00,7.074963e+00,6.452049e+00,7.234177e+00,6.999422e+00,6.493754e+00
5.869297e+00,6.238325e+00,7.000334e+00,6.695799e+00,5.638355e+00,6.637258e+00,6.955593e+00,6.777647e+00,6.535241e+00,7.750184e+00,5.948035e+00,5.707110e+00,3.610918e+00,5.768321e+00,7.082549e+00,6.458338e+00,7.234177e+00,6.956545e+00,6.493754e+00
6.016157e+00,6.238325e+00,6.974479e+00,6.684612e+00,5.774552e+00,6.432940e+00,6.994850e+00,6.884487e+00,6.535241e+00,7.754053e+00,5.978886e+00,5.707110e+00,4.174387e+00,5.768321e+00,7.076654e+00,6.304449e+00,7.277248e+00,6.909753e+00,6.507278e+00
5.707110e+00,6.429719e+00,6.842683e+00,6.793466e+00,5.897154e+00,6.291569e+00,7.063048e+00,6.889591e+00,6.535241e+00,7.668094e+00,5.978886e+00,5.583496e+00,4.564348e+00,5.768321e+00,7.076654e+00,6.175867e+00,7.152269e+00,7.037028e+00,6.507278e+00
5.749393e+00,6.429719e+00,6.734592e+00,6.752270e+00,6.206576e+00,6.148468e+00,7.122867e+00,6.889591e+00,6.535241e+00,7.602401e+00,6.037871e+00,5.583496e+00,4.574711e+00,5.768321e+00,7.065613e+00,6.133398e+00,7.130099e+00,7.047517e+00,6.511745e+00
5.826000e+00,6.442540e+00,6.732211e+00,6.591674e+00,6.437752e+00,5.910797e+00,7.199678e+00,6.859615e+00,6.576470e+00,7.602401e+00,6.054439e+00,5.583496e+00,4.574711e+00,5.942799e+00,7.137278e+00,6.095825e+00,7.104144e+00,7.034388e+00,6.511745e+00
5.874931e+00,6.442540e+00,6.666957e+00,6.661855e+00,6.437752e+00,5.852202e+00,7.215240e+00,6.744059e+00,6.711740e+00,7.602401e+00,6.054439e+00,5.605802e+00,4.356709e+00,5.774552e+00,7.145196e+00,5.908083e+00,7.104144e+00,7.004882e+00,6.511745e+00
5.886104e+00,6.467699e+00,6.626718e+00,6.700731e+00,6.429719e+00,5.768321e+00,7.237778e+00,6.469250e+00,6.935370e+00,7.532624e+00,6.054439e+00,5.609472e+00,4.290459e+00,5.924256e+00,7.228388e+00,5.908083e+00,7.104144e+00,7.004882e+00,6.445720e+00
6.049733e+00,6.516193e+00,6.620073e+00,6.700731e+00,6.437752e+00,5.768321e+00,7.237778e+00,6.467699e+00,6.744059e+00,7.532624e+00,6.054439e+00,5.564520e+00,4.290459e+00,5.860786e+00,7.198184e+00,6.171701e+00,7.104144e+00,7.004882e+00,6.551080e+00
6.042633e+00,6.522093e+00,6.616065e+00,6.703188e+00,6.439350e+00,5.768321e+00,7.231287e+00,6.463029e+00,6.658011e+00,7.476472e+00,6.054439e+00,5.438079e+00,4.317488e+00,6.293419e+00,7.199678e+00,6.180017e+00,7.104144e+00,7.004882e+00,6.725034e+00
5.968708e+00,6.595781e+00,6.616065e+00,6.700731e+00,6.442540e+00,5.768321e+00,7.181592e+00,6.347389e+00,6.801283e+00,7.454141e+00,6.054439e+00,5.590987e+00,4.317488e+00,6.238325e+00,7.199678e+00,6.148468e+00,7.104144e+00,7.004882e+00,6.771936e+00
6.118097e+00,6.628041e+00,6.612041e+00,6.703188e+00,6.444131e+00,5.768321e+00,7.076654e+00,6.530878e+00,6.738152e+00,7.454141e+00,6.054439e+00,5.529429e+00,4.317488e+00,6.234411e+00,7.203406e+00,6.139885e+00,7.104144e+00,7.004882e+00,6.811244e+00
6.297109e+00,6.647688e+00,6.447306e+00,6.830874e+00,6.447306e+00,5.768321e+00,7.034388e+00,6.570883e+00,6.620073e+00,7.507141e+00,6.054439e+00,5.529429e+00,4.317488e+00,6.202536e+00,7.206377e+00,6.139885e+00,7.104144e+00,7.004882e+00,6.933423e+00
6.291569e+00,6.652863e+00,6.445720e+00,6.831954e+00,6.447306e+00,5.746203e+00,7.039660e+00,6.464588e+00,6.599870e+00,7.395108e+00,6.054439e+00,5.379897e+00,4.317488e+00,6.190315e+00,7.207119e+00,6.059123e+00,7.104144e+00,7.004882e+00,6.933423e+00
6.289716e+00,6.654153e+00,6.366470e+00,6.882437e+00,6.447306e+00,5.730100e+00,7.040536e+00,6.467699e+00,6.575076e+00,7.425954e+00,6.054439e+00,5.062595e+00,4.343805e+00,6.461468e+00,7.207119e+00,6.042633e+00,7.079184e+00,7.004882e+00,6.933423e+00
6.289716e+00,6.654153e+00,6.244167e+00,6.948897e+00,6.447306e+00,5.638355e+00,7.063904e+00,6.467699e+00,6.541030e+00,7.438972e+00,6.054439e+00,5.062595e+00,4.343805e+00,6.525030e+00,7.207119e+00,6.018593e+00,7.055313e+00,7.004882e+00,6.933423e+00
6.289716e+00,6.654153e+00,6.244167e+00,6.948897e+00,6.447306e+00,5.337538e+00,7.124478e+00,6.459904e+00,6.415097e+00,7.413970e+00,5.802118e+00,5.062595e+00,4.343805e+00,6.561031e+00,7.203406e+00,5.710427e+00,7.042286e+00,7.004882e+00,6.933423e+00
6.289716e+00,6.654153e+00,6.079933e+00,7.020191e+00,6.448889e+00,5.318120e+00,7.023759e+00,6.624065e+00,6.421622e+00,7.363914e+00,5.780744e+00,5.342334e+00,4.343805e+00,6.342121e+00,7.185387e+00,5.707110e+00,7.030857e+00,7.126891e+00,6.933423e+00
6.313548e+00,6.654153e+00,6.063785e+00,7.023759e+00,6.453625e+00,4.736198e+00,7.056175e+00,6.692084e+00,6.421622e+00,7.310550e+00,5.894403e+00,5.342334e+00,4.343805e+00,6.342121e+00,7.185387e+00,5.517453e+00,7.003974e+00,6.874198e+00,6.981006e+00
6.313548e+00,6.654153e+00,6.063785e+00,7.023759e+00,6.453625e+00,2.890372e+00,7.113956e+00,6.725034e+00,6.421622e+00,7.156956e+00,5.897154e+00,5.342334e+00,4.882802e+00,6.342121e+00,7.029088e+00,5.525453e+00,6.987490e+00,6.815640e+00,7.095064e+00
6.313548e+00,6.654153e+00,6.063785e+00,7.005789e+00,6.484635e+00,2.397895e+00,7.037906e+00,6.818924e+00,6.445720e+00,7.080868e+00,5.883322e+00,5.342334e+00,4.882802e+00,6.410175e+00,6.617403e+00,5.918894e+00,6.987490e+00,6.815640e+00,7.095064e+00
6.298949e+00,6.638568e+00,6.104793e+00,7.007601e+00,6.470800e+00,2.995732e+00,6.928538e+00,6.897705e+00,6.511745e+00,7.002156e+00,5.883322e+00,5.680173e+00,4.882802e+00,6.439350e+00,6.481577e+00,6.107023e+00,6.987490e+00,6.815640e+00,7.115582e+00
6.298949e+00,6.618739e+00,6.118097e+00,7.015712e+00,6.432940e+00,3.784190e+00,6.928538e+00,6.895683e+00,6.514713e+00,6.865891e+00,5.883322e+00,5.857933e+00,4.882802e+00,6.637258e+00,6.481577e+00,6.068426e+00,6.987490e+00,6.810142e+00,7.118016e+00
6.265301e+00,6.573680e+00,5.910797e+00,7.126891e+00,6.440947e+00,3.784190e+00,6.926577e+00,6.897705e+00,6.514713e+00,6.760415e+00,5.883322e+00,5.880533e+00,4.955827e+00,6.802395e+00,6.481577e+00,5.953243e+00,6.940222e+00,6.723832e+00,7.046647e+00
6.375025e+00,6.184149e+00,6.131226e+00,7.233455e+00,6.444131e+00,3.688879e+00,6.869014e+00,6.957497e+00,6.514713e+00,6.760415e+00,5.897154e+00,5.880533e+00,4.955827e+00,6.802395e+00,6.481577e+00,5.953243e+00,7.095064e+00,6.723832e+00,7.042286e+00
6.375025e+00,6.167516e+00,6.063785e+00,7.260523e+00,6.444131e+00,3.637586e+00,6.765039e+00,7.045777e+00,6.514713e+00,6.742881e+00,5.860786e+00,5.880533e+00,5.220356e+00,7.013915e+00,6.481577e+00,6.416732e+00,6.910751e+00,6.705639e+00,6.999422e+00
6.308098e+00,6.242223e+00,6.066108e+00,7.260523e+00,6.444131e+00,3.637586e+00,6.712956e+00,7.083388e+00,6.514713e+00,6.763885e+00,5.834811e+00,5.880533e+00,5.620401e+00,7.037906e+00,6.496775e+00,6.416732e+00,6.639876e+00,6.689599e+00,6.938284e+00
6.327937e+00,6.016157e+00,6.315358e+00,7.260523e+00,6.444131e+00,3.637586e+00,6.703188e+00,7.090077e+00,6.514713e+00,6.763885e+00,5.771441e+00,5.880533e+00,5.863631e+00,7.037906e+00,6.693324e+00,6.416732e+00,6.553933e+00,6.677083e+00,6.812345e+00
6.401917e+00,6.016157e+00,6.265301e+00,7.279319e+00,6.410175e+00,4.077537e+00,6.701960e+00,7.074963e+00,6.542472e+00,6.768493e+00,5.509388e+00,5.780744e+00,5.863631e+00,7.037906e+00,6.658011e+00,6.416732e+00,6.553933e+00,6.645091e+00,6.765039e+00
6.403574e+00,5.869297e+00,6.240276e+00,7.325808e+00,6.408529e+00,4.094345e+00,6.665684e+00,7.057898e+00,6.610696e+00,6.685861e+00,5.446737e+00,5.703782e+00,5.863631e+00,7.037906e+00,6.658011e+00,6.416732e+00,6.369901e+00,6.645091e+00,6.735780e+00
6.405228e+00,5.869297e+00,6.240276e+00,7.296413e+00,6.476972e+00,4.110874e+00,6.665684e+00,6.964136e+00,6.741701e+00,6.302619e+00,5.231109e+00,5.652489e+00,5.863631e+00,7.037906e+00,6.605298e+00,6.416732e+00,6.369901e+00,6.390241e+00,6.729824e+00
6.405228e+00,5.869297e+00,6.240276e+00,7.099202e+00,6.796824e+00,4.382027e+00,6.648985e+00,6.947937e+00,6.776507e+00,6.297109e+00,4.753590e+00,5.652489e+00,5.863631e+00,7.034388e+00,6.424869e+00,6.416732e+00,5.796058e+00,6.315358e+00,6.553933e+00
6.405228e+00,5.869297e+00,6.238325e+00,7.000334e+00,6.695799e+00,5.638355e+00,6.637258e+00,6.955593e+00,6.777647e+00,6.287859e+00,4.875197e+00,5.652489e+00,5.863631e+00,7.034388e+00,6.259581e+00,6.410175e+00,5.749393e+00,6.450470e+00,6.553933e+00
6.300786e+00,6.016157e+00,6.238325e+00,6.974479e+00,6.684612e+00,5.774552e+00,6.432940e+00,6.994850e+00,6.884487e+00,6.270988e+00,4.859812e+00,5.945421e+00,6.006353e+00,7.034388e+00,6.259581e+00,6.423247e+00,5.407172e+00,6.545350e+00,6.536692e+00
6.298949e+00,5.707110e+00,6.429719e+00,6.842683e+00,6.793466e+00,5.897154e+00,6.291569e+00,7.063048e+00,6.889591e+00,6.270988e+00,4.859812e+00,6.093570e+00,5.978886e+00,7.034388e+00,6.259581e+00,6.590301e+00,5.407172e+00,6.507278e+00,6.565265e+00
6.274762e+00,5.749393e+00,6.429719e+00,6.734592e+00,6.752270e+00,6.206576e+00,6.148468e+00,7.122867e+00,6.889591e+00,6.270988e+00,4.653960e+00,6.093570e+00,5.976351e+00,7.081709e+00,6.263398e+00,6.590301e+00,5.181784e+00,6.450470e+00,6.561031e+00
6.210600e+00,5.826000e+00,6.442540e+00,6.732211e+00,6.591674e+00,6.437752e+00,5.910797e+00,7.199678e+00,6.859615e+00,6.270988e+00,5.393628e+00,6.093570e+00,6.230481e+00,7.038784e+00,6.139885e+00,6.590301e+00,5.153292e+00,6.489205e+00,6.561031e+00
6.175867e+00,5.874931e+00,6.442540e+00,6.666957e+00,6.661855e+00,6.437752e+00,5.852202e+00,7.215240e+00,6.744059e+00,6.270988e+00,5.552960e+00,6.077642e+00,6.343880e+00,7.038784e+00,6.502790e+00,6.590301e+00,5.153292e+00,6.501290e+00,6.561031e+00
6.133398e+00,5.886104e+00,6.467699e+00,6.626718e+00,6.700731e+00,6.429719e+00,5.768321e+00,7.237778e+00,6.469250e+00,6.261492e+00,5.894403e+00,6.077642e+00,6.448889e+00,6.990257e+00,6.350886e+00,6.590301e+00,5.153292e+00,6.516193e+00,6.561031e+00
5.899897e+00,6.049733e+00,6.516193e+00,6.620073e+00,6.700731e+00,6.437752e+00,5.768321e+00,7.237778e+00,6.467699e+00,6.261492e+00,6.082219e+00,6.077642e+00,6.448889e+00,6.987490e+00,6.458338e+00,6.424869e+00,5.170484e+00,6.516193e+00,6.416732e+00
5.897154e+00,6.042633e+00,6.522093e+00,6.616065e+00,6.703188e+00,6.439350e+00,5.768321e+00,7.231287e+00,6.463029e+00,6.037871e+00,6.082219e+00,6.077642e+00,6.445720e+00,6.861711e+00,6.674561e+00,6.393591e+00,5.817111e+00,6.516193e+00,6.171701e+00
5.834811e+00,5.968708e+00,6.595781e+00,6.616065e+00,6.700731e+00,6.442540e+00,5.768321e+00,7.181592e+00,6.347389e+00,6.037871e+00,6.082219e+00,5.986452e+00,6.445720e+00,6.935370e+00,6.674561e+00,6.393591e+00,5.817111e+00,6.516193e+00,6.084499e+00
5.541264e+00,6.118097e+00,6.628041e+00,6.612041e+00,6.703188e+00,6.444131e+00,5.768321e+00,7.076654e+00,6.530878e+00,6.037871e+00,6.082219e+00,5.986452e+00,6.445720e+00,6.922644e+00,6.668228e+00,6.393591e+00,6.306275e+00,6.763885e+00,6.001415e+00
5.017280e+00,6.297109e+00,6.647688e+00,6.447306e+00,6.830874e+00,6.447306e+00,5.768321e+00,7.034388e+00,6.570883e+00,5.676754e+00,6.082219e+00,5.955837e+00,6.472346e+00,6.922644e+00,6.663133e+00,6.393591e+00,6.350886e+00,6.766192e+00,5.655992e+00
5.010635e+00,6.291569e+00,6.652863e+00,6.445720e+00,6.831954e+00,6.447306e+00,5.746203e+00,7.039660e+00,6.464588e+00,5.662960e+00,6.082219e+00,5.955837e+00,6.472346e+00,6.921658e+00,6.670766e+00,6.361302e+00,6.434547e+00,6.766192e+00,5.655992e+00
5.010635e+00,6.289716e+00,6.654153e+00,6.366470e+00,6.882437e+00,6.447306e+00,5.730100e+00,7.040536e+00,6.467699e+00,5.468060e+00,6.082219e+00,5.955837e+00,6.747587e+00,6.759255e+00,6.744059e+00,6.361302e+00,6.434547e+00,6.766192e+00,5.817111e+00
5.010635e+00,6.289716e+00,6.654153e+00,6.244167e+00,6.948897e+00,6.447306e+00,5.638355e+00,7.063904e+00,6.467699e+00,5.327876e+00,6.326149e+00,5.955837e+00,6.748760e+00,6.709304e+00,6.778785e+00,6.361302e+00,6.478510e+00,6.766192e+00,5.826000e+00
5.429346e+00,6.289716e+00,6.654153e+00,6.244167e+00,6.948897e+00,6.447306e+00,5.337538e+00,7.124478e+00,6.459904e+00,5.327876e+00,6.406880e+00,5.955837e+00,6.748760e+00,6.678342e+00,6.744059e+00,6.361302e+00,6.511745e+00,6.766192e+00,5.883322e+00
5.552960e+00,6.289716e+00,6.654153e+00,6.079933e+00,7.020191e+00,6.448889e+00,5.318120e+00,7.023759e+00,6.624065e+00,5.327876e+00,6.408529e+00,5.968708e+00,6.748760e+00,6.678342e+00,6.760415e+00,6.390241e+00,6.511745e+00,6.586172e+00,5.883322e+00
5.505332e+00,6.313548e+00,6.654153e+00,6.063785e+00,7.023759e+00,6.453625e+00,4.736198e+00,7.056175e+00,6.692084e+00,5.332719e+00,6.342121e+00,6.156979e+00,6.761573e+00,6.679599e+00,6.805723e+00,6.390241e+00,6.511745e+00,6.426488e+00,5.733341e+00
5.786897e+00,6.313548e+00,6.654153e+00,6.063785e+00,7.023759e+00,6.453625e+00,2.890372e+00,7.113956e+00,6.725034e+00,5.247024e+00,6.432940e+00,6.289716e+00,6.695799e+00,6.679599e+00,6.740519e+00,6.386879e+00,6.511745e+00,6.426488e+00,5.774552e+00
5.786897e+00,6.313548e+00,6.654153e+00,6.063785e+00,7.005789e+00,6.484635e+00,2.397895e+00,7.037906e+00,6.818924e+00,5.181784e+00,6.432940e+00,6.289716e+00,6.721426e+00,6.628041e+00,6.740519e+00,6.100319e+00,6.523562e+00,6.533789e+00,5.883322e+00
5.786897e+00,6.298949e+00,6.638568e+00,6.104793e+00,7.007601e+00,6.470800e+00,2.995732e+00,6.928538e+00,6.897705e+00,5.463832e+00,6.492240e+00,6.120297e+00,6.723832e+00,6.603944e+00,6.740519e+00,5.899897e+00,6.523562e+00,6.548219e+00,5.905362e+00
5.786897e+00,6.298949e+00,6.618739e+00,6.118097e+00,7.015712e+00,6.432940e+00,3.784190e+00,6.928538e+00,6.895683e+00,5.572154e+00,6.637258e+00,6.086775e+00,6.725034e+00,6.398595e+00,6.740519e+00,5.897154e+00,6.556778e+00,6.573680e+00,6.013715e+00
5.786897e+00,6.265301e+00,6.573680e+00,5.910797e+00,7.126891e+00,6.440947e+00,3.784190e+00,6.926577e+00,6.897705e+00,5.993961e+00,6.689599e+00,6.084499e+00,6.720220e+00,6.124683e+00,6.740519e+00,5.897154e+00,6.556778e+00,6.573680e+00,6.018593e+00
5.572154e+00,6.375025e+00,6.184149e+00,6.131226e+00,7.233455e+00,6.444131e+00,3.688879e+00,6.869014e+00,6.957497e+00,6.030685e+00,6.740519e+00,6.161207e+00,6.720220e+00,6.124683e+00,6.820016e+00,5.897154e+00,6.274762e+00,6.573680e+00,6.054439e+00
5.572154e+00,6.375025e+00,6.167516e+00,6.063785e+00,7.260523e+00,6.444131e+00,3.637586e+00,6.765039e+00,7.045777e+00,6.159095e+00,6.802395e+00,6.161207e+00,6.666957e+00,5.501258e+00,6.825460e+00,4.919981e+00,6.352629e+00,6.530878e+00,6.054439e+00
5.572154e+00,6.308098e+00,6.242223e+00,6.066108e+00,7.260523e+00,6.444131e+00,3.637586e+00,6.712956e+00,7.083388e+00,6.030685e+00,6.804615e+00,6.161207e+00,6.543912e+00,5.384495e+00,6.955593e+00,4.919981e+00,7.103322e+00,6.530878e+00,6.054439e+00
5.463832e+00,6.327937e+00,6.016157e+00,6.315358e+00,7.260523e+00,6.444131e+00,3.637586e+00,6.703188e+00,7.090077e+00,6.486161e+00,6.804615e+00,6.161207e+00,6.428105e+00,5.384495e+00,6.858565e+00,4.948760e+00,7.105786e+00,6.475433e+00,6.150603e+00
5.929589e+00,6.401917e+00,6.016157e+00,6.265301e+00,7.279319e+00,6.410175e+00,4.077537e+00,6.701960e+00,7.074963e+00,6.369901e+00,6.804615e+00,6.163315e+00,6.428105e+00,5.384495e+00,7.010312e+00,4.948760e+00,7.105786e+00,6.470800e+00,6.137727e+00
6.186209e+00,6.403574e+00,5.869297e+00,6.240276e+00,7.325808e+00,6.408529e+00,4.094345e+00,6.665684e+00,7.057898e+00,6.368187e+00,6.804615e+00,6.364751e+00,6.428105e+00,5.488938e+00,7.021976e+00,4.948760e+00,7.105786e+00,6.470800e+00,6.643790e+00
6.196444e+00,6.405228e+00,5.869297e+00,6.240276e+00,7.296413e+00,6.476972e+00,4.110874e+00,6.665684e+00,6.964136e+00,6.368187e+00,6.804615e+00,6.364751e+00,6.428105e+00,5.488938e+00,7.055313e+00,4.948760e+00,7.109879e+00,6.470800e+00,6.647688e+00
6.280396e+00,6.405228e+00,5.869297e+00,6.240276e+00,7.099202e+00,6.796824e+00,4.382027e+00,6.648985e+00,6.947937e+00,6.368187e+00,6.804615e+00,6.486161e+00,6.445720e+00,5.501258e+00,7.055313e+00,4.948760e+00,7.109879e+00,6.470800e+00,6.719013e+00
6.280396e+00,6.405228e+00,5.869297e+00,6.238325e+00,7.000334e+00,6.695799e+00,5.638355e+00,6.637258e+00,6.955593e+00,6.368187e+00,6.768493e+00,6.486161e+00,6.563856e+00,5.501258e+00,7.055313e+00,4.948760e+00,7.113956e+00,6.338594e+00,6.719013e+00
6.393591e+00,6.300786e+00,6.016157e+00,6.238325e+00,6.974479e+00,6.684612e+00,5.774552e+00,6.432940e+00,6.994850e+00,6.373320e+00,6.756932e+00,6.429719e+00,6.535241e+00,5.594711e+00,7.057037e+00,4.890349e+00,7.177019e+00,6.220590e+00,6.719013e+00
6.401917e+00,6.298949e+00,5.707110e+00,6.429719e+00,6.842683e+00,6.793466e+00,5.897154e+00,6.291569e+00,7.063048e+00,6.373320e+00,6.756932e+00,6.606650e+00,6.675823e+00,5.929589e+00,7.057037e+00,3.044522e+00,7.192182e+00,5.831882e+00,6.694562e+00
6.439350e+00,6.274762e+00,5.749393e+00,6.429719e+00,6.734592e+00,6.752270e+00,6.206576e+00,6.148468e+00,7.122867e+00,6.373320e+00,6.756932e+00,6.609349e+00,6.715383e+00,5.799093e+00,7.055313e+00,3.044522e+00,7.192182e+00,5.831882e+00,6.694562e+00
6.483107e+00,6.210600e+00,5.826000e+00,6.442540e+00,6.732211e+00,6.591674e+00,6.437752e+00,5.910797e+00,7.199678e+00,6.373320e+00,6.603944e+00,6.659294e+00,6.776507e+00,6.035481e+00,7.002156e+00,3.044522e+00,7.199678e+00,5.755742e+00,6.694562e+00
6.484635e+00,6.175867e+00,5.874931e+00,6.442540e+00,6.666957e+00,6.661855e+00,6.437752e+00,5.852202e+00,7.215240e+00,6.373320e+00,6.551080e+00,6.701960e+00,6.704414e+00,6.282267e+00,6.787845e+00,3.850148e+00,7.199678e+00,5.730100e+00,6.694562e+00
6.922644e+00,6.133398e+00,5.886104e+00,6.467699e+00,6.626718e+00,6.700731e+00,6.429719e+00,5.768321e+00,7.237778e+00,6.478510e+00,6.519147e+00,6.709304e+00,6.723832e+00,6.302619e+00,6.769642e+00,3.850148e+00,7.199678e+00,5.697093e+00,6.748760e+00
6.948897e+00,5.899897e+00,6.049733e+00,6.516193e+00,6.620073e+00,6.700731e+00,6.437752e+00,5.768321e+00,7.237778e+00,6.520621e+00,6.419995e+00,6.760415e+00,6.723832e+00,6.668228e+00,6.692084e+00,3.850148e+00,7.197435e+00,5.837730e+00,6.752270e+00
7.037028e+00,5.897154e+00,6.042633e+00,6.522093e+00,6.616065e+00,6.703188e+00,6.439350e+00,5.768321e+00,7.231287e+00,6.520621e+00,6.436150e+00,6.760415e+00,6.859615e+00,6.685861e+00,6.543912e+00,3.850148e+00,7.069874e+00,5.921578e+00,6.871091e+00
7.046647e+00,5.834811e+00,5.968708e+00,6.595781e+00,6.616065e+00,6.700731e+00,6.442540e+00,5.768321e+00,7.181592e+00,6.520621e+00,6.436150e+00,6.762730e+00,6.871091e+00,6.903747e+00,6.561031e+00,3.850148e+00,7.069874e+00,6.144186e+00,6.901737e+00
7.059618e+00,5.541264e+00,6.118097e+00,6.628041e+00,6.612041e+00,6.703188e+00,6.444131e+00,5.768321e+00,7.076654e+00,6.520621e+00,6.436150e+00,6.859615e+00,6.875232e+00,6.908755e+00,6.561031e+00,3.951244e+00,6.871091e+00,5.655992e+00,7.080868e+00
7.059618e+00,5.017280e+00,6.297109e+00,6.647688e+00,6.447306e+00,6.830874e+00,6.447306e+00,5.768321e+00,7.034388e+00,6.519147e+00,6.436150e+00,6.861711e+00,6.872128e+00,6.908755e+00,6.561031e+00,3.951244e+00,6.844815e+00,5.648974e+00,7.080868e+00
7.059618e+00,5.010635e+00,6.291569e+00,6.652863e+00,6.445720e+00,6.831954e+00,6.447306e+00,5.746203e+00,7.039660e+00,6.487684e+00,6.436150e+00,6.862758e+00,6.922644e+00,6.908755e+00,6.552508e+00,3.951244e+00,6.790097e+00,5.648974e+00,7.080868e+00
7.059618e+00,5.010635e+00,6.289716e+00,6.654153e+00,6.366470e+00,6.882437e+00,6.447306e+00,5.730100e+00,7.040536e+00,6.487684e+00,6.436150e+00,6.862758e+00,6.802395e+00,6.908755e+00,6.463029e+00,3.951244e+00,6.790097e+00,5.710427e+00,7.037906e+00
7.059618e+00,5.010635e+00,6.289716e+00,6.654153e+00,6.244167e+00,6.948897e+00,6.447306e+00,5.638355e+00,7.063904e+00,6.487684e+00,6.343880e+00,6.862758e+00,6.856462e+00,6.908755e+00,6.415097e+00,3.951244e+00,6.758095e+00,5.710427e+00,7.035269e+00
6.990257e+00,5.429346e+00,6.289716e+00,6.654153e+00,6.244167e+00,6.948897e+00,6.447306e+00,5.337538e+00,7.124478e+00,6.487684e+00,6.265301e+00,6.862758e+00,6.857514e+00,6.946976e+00,6.415097e+00,3.951244e+00,6.759255e+00,5.710427e+00,7.017506e+00
6.962243e+00,5.552960e+00,6.289716e+00,6.654153e+00,6.079933e+00,7.020191e+00,6.448889e+00,5.318120e+00,7.023759e+00,6.487684e+00,6.263398e+00,6.771936e+00,6.857514e+00,7.093405e+00,6.405228e+00,4.060443e+00,7.126891e+00,5.710427e+00,7.017506e+00
6.961296e+00,5.505332e+00,6.313548e+00,6.654153e+00,6.063785e+00,7.023759e+00,6.453625e+00,4.736198e+00,7.056175e+00,6.486161e+00,6.255750e+00,6.674561e+00,6.845880e+00,7.160846e+00,6.336826e+00,4.060443e+00,7.130899e+00,6.421622e+00,7.123673e+00
6.882437e+00,5.786897e+00,6.313548e+00,6.654153e+00,6.063785e+00,7.023759e+00,6.453625e+00,2.890372e+00,7.113956e+00,6.486161e+00,6.144186e+00,6.685861e+00,6.990257e+00,7.228388e+00,6.329721e+00,4.248495e+00,7.170120e+00,6.421622e+00,7.001246e+00
6.882437e+00,5.786897e+00,6.313548e+00,6.654153e+00,6.063785e+00,7.005789e+00,6.484635e+00,2.397895e+00,7.037906e+00,6.486161e+00,6.144186e+00,6.687109e+00,6.972606e+00,7.273786e+00,6.329721e+00,5.247024e+00,7.173958e+00,6.327937e+00,6.997596e+00
6.898715e+00,5.786897e+00,6.298949e+00,6.638568e+00,6.104793e+00,7.007601e+00,6.470800e+00,2.995732e+00,6.928538e+00,6.393591e+00,6.059123e+00,6.688355e+00,6.970730e+00,7.273786e+00,6.329721e+00,5.572154e+00,7.173958e+00,6.309918e+00,6.968850e+00
6.951772e+00,5.786897e+00,6.298949e+00,6.618739e+00,6.118097e+00,7.015712e+00,6.432940e+00,3.784190e+00,6.928538e+00,6.345636e+00,6.182085e+00,6.793466e+00,6.969791e+00,7.273786e+00,6.329721e+00,5.673323e+00,7.156177e+00,6.276643e+00,6.925595e+00
7.009409e+00,5.786897e+00,6.265301e+00,6.573680e+00,5.910797e+00,7.126891e+00,6.440947e+00,3.784190e+00,6.926577e+00,6.068426e+00,6.093570e+00,6.785588e+00,6.964136e+00,7.273786e+00,6.342121e+00,5.823046e+00,7.156177e+00,6.276643e+00,7.048386e+00
7.011214e+00,5.572154e+00,6.375025e+00,6.184149e+00,6.131226e+00,7.233455e+00,6.444131e+00,3.688879e+00,6.869014e+00,6.033086e+00,5.978886e+00,6.745236e+00,6.964136e+00,7.273786e+00,6.210600e+00,6.173786e+00,7.179308e+00,6.276643e+00,7.035269e+00
7.038784e+00,5.572154e+00,6.375025e+00,6.167516e+00,6.063785e+00,7.260523e+00,6.444131e+00,3.637586e+00,6.765039e+00,5.849325e+00,5.831882e+00,6.745236e+00,6.964136e+00,7.284135e+00,6.200509e+00,6.228511e+00,7.183112e+00,6.276643e+00,7.035269e+00
7.038784e+00,5.572154e+00,6.308098e+00,6.242223e+00,6.066108e+00,7.260523e+00,6.444131e+00,3.637586e+00,6.712956e+00,5.846439e+00,6.685861e+00,6.804615e+00,6.964136e+00,7.319202e+00,5.910797e+00,6.253829e+00,6.543912e+00,6.276643e+00,7.035269e+00
7.090077e+00,5.463832e+00,6.327937e+00,6.016157e+00,6.315358e+00,7.260523e+00,6.444131e+00,3.637586e+00,6.703188e+00,4.564348e+00,6.685861e+00,6.805723e+00,6.964136e+00,7.319202e+00,5.739793e+00,6.246107e+00,6.539586e+00,6.261492e+00,6.982863e+00
6.947937e+00,5.929589e+00,6.401917e+00,6.016157e+00,6.265301e+00,7.279319e+00,6.410175e+00,4.077537e+00,6.701960e+00,4.564348e+00,6.685861e+00,7.031741e+00,6.976348e+00,7.321189e+00,5.081404e+00,6.246107e+00,6.606650e+00,6.261492e+00,6.947937e+00
6.835185e+00,6.186209e+00,6.403574e+00,5.869297e+00,6.240276e+00,7.325808e+00,6.408529e+00,4.094345e+00,6.665684e+00,4.564348e+00,6.712956e+00,6.948897e+00,6.982863e+00,7.321850e+00,4.997212e+00,6.246107e+00,6.665684e+00,6.261492e+00,6.601230e+00
6.828712e+00,6.196444e+00,6.405228e+00,5.869297e+00,6.240276e+00,7.296413e+00,6.476972e+00,4.110874e+00,6.665684e+00,4.564348e+00,6.731018e+00,6.983790e+00,6.982863e+00,7.566828e+00,4.700480e+00,6.421622e+00,6.659294e+00,6.261492e+00,6.754604e+00
6.875232e+00,6.280396e+00,6.405228e+00,5.869297e+00,6.240276e+00,7.099202e+00,6.796824e+00,4.382027e+00,6.648985e+00,4.564348e+00,6.731018e+00,6.913737e+00,6.972606e+00,7.584265e+00,5.332719e+00,6.568078e+00,6.659294e+00,6.331502e+00,6.997596e+00
6.875232e+00,6.280396e+00,6.405228e+00,5.869297e+00,6.238325e+00,7.000334e+00,6.695799e+00,5.638355e+00,6.637258e+00,5.620401e+00,6.731018e+00,6.915723e+00,6.895683e+00,7.586804e+00,5.365976e+00,6.568078e+00,6.656727e+00,6.383507e+00,7.055313e+00
6.822197e+00,6.393591e+00,6.300786e+00,6.016157e+00,6.238325e+00,6.974479e+00,6.684612e+00,5.774552e+00,6.432940e+00,5.872118e+00,6.731018e+00,6.853299e+00,6.818924e+00,7.579679e+00,5.356586e+00,6.568078e+00,6.548219e+00,6.419995e+00,7.090910e+00
6.816736e+00,6.401917e+00,6.298949e+00,5.707110e+00,6.429719e+00,6.842683e+00,6.793466e+00,5.897154e+00,6.291569e+00,5.918894e+00,6.731018e+00,6.641182e+00,6.670766e+00,7.561642e+00,5.356586e+00,6.568078e+00,6.519147e+00,6.440947e+00,7.137278e+00
6.864848e+00,6.439350e+00,6.274762e+00,5.749393e+00,6.429719e+00,6.734592e+00,6.752270e+00,6.206576e+00,6.148468e+00,6.093570e+00,6.731018e+00,6.638568e+00,6.629363e+00,7.558517e+00,5.356586e+00,6.568078e+00,6.519147e+00,6.440947e+00,7.149132e+00
6.883463e+00,6.483107e+00,6.210600e+00,5.826000e+00,6.442540e+00,6.732211e+00,6.591674e+00,6.437752e+00,5.910797e+00,6.324359e+00,6.731018e+00,6.587550e+00,6.381816e+00,7.508239e+00,5.375278e+00,6.568078e+00,6.504288e+00,6.445720e+00,7.156956e+00
6.888572e+00,6.484635e+00,6.175867e+00,5.874931e+00,6.442540e+00,6.666957e+00,6.661855e+00,6.437752e+00,5.852202e+00,6.470800e+00,6.731018e+00,6.539586e+00,6.381816e+00,7.462215e+00,5.303305e+00,6.656727e+00,6.504288e+00,6.445720e+00,7.156956e+00
6.431331e+00,6.922644e+00,6.133398e+00,5.886104e+00,6.467699e+00,6.626718e+00,6.700731e+00,6.429719e+00,5.768321e+00,6.398595e+00,6.626718e+00,6.529419e+00,6.238325e+00,7.491645e+00,5.303305e+00,6.656727e+00,6.504288e+00,6.445720e+00,7.121252e+00
6.499787e+00,6.948897e+00,5.899897e+00,6.049733e+00,6.516193e+00,6.620073e+00,6.700731e+00,6.437752e+00,5.768321e+00,6.391917e+00,6.612041e+00,6.464588e+00,6.238325e+00,7.416980e+00,5.303305e+00,6.656727e+00,6.504288e+00,6.396930e+00,7.118826e+00
6.350886e+00,7.037028e+00,5.897154e+00,6.042633e+00,6.522093e+00,6.616065e+00,6.703188e+00,6.439350e+00,5.768321e+00,6.527958e+00,6.610696e+00,6.464588e+00,5.968708e+00,7.370231e+00,5.384495e+00,6.656727e+00,6.504288e+00,6.345636e+00,7.027315e+00
6.331502e+00,7.046647e+00,5.834811e+00,5.968708e+00,6.595781e+00,6.616065e+00,6.700731e+00,6.442540e+00,5.768321e+00,6.535241e+00,6.637258e+00,6.461468e+00,5.940171e+00,7.181592e+00,5.327876e+00,6.659294e+00,6.548219e+00,6.167516e+00,7.000334e+00
6.359574e+00,7.059618e+00,5.541264e+00,6.118097e+00,6.628041e+00,6.612041e+00,6.703188e+00,6.444131e+00,5.768321e+00,6.535241e+00,6.693324e+00,6.313548e+00,5.929589e+00,7.177782e+00,5.327876e+00,6.766192e+00,6.576470e+00,6.146329e+00,6.804615e+00
6.386879e+00,7.059618e+00,5.017280e+00,6.297109e+00,6.647688e+00,6.447306e+00,6.830874e+00,6.447306e+00,5.768321e+00,6.535241e+00,6.697034e+00,6.343880e+00,5.891644e+00,7.177782e+00,5.327876e+00,6.853299e+00,6.576470e+00,6.146329e+00,6.804615e+00
6.386879e+00,7.059618e+00,5.010635e+00,6.291569e+00,6.652863e+00,6.445720e+00,6.831954e+00,6.447306e+00,5.746203e+00,6.535241e+00,6.726233e+00,6.342121e+00,5.743003e+00,7.177782e+00,5.323010e+00,6.859615e+00,6.576470e+00,6.146329e+00,6.813445e+00
6.386879e+00,7.059618e+00,5.010635e+00,6.289716e+00,6.654153e+00,6.366470e+00,6.882437e+00,6.447306e+00,5.730100e+00,6.535241e+00,6.830874e+00,6.342121e+00,5.393628e+00,7.177782e+00,5.459586e+00,6.867974e+00,6.576470e+00,6.171701e+00,7.083388e+00
6.388561e+00,7.059618e+00,5.010635e+00,6.289716e+00,6.654153e+00,6.244167e+00,6.948897e+00,6.447306e+00,5.638355e+00,6.535241e+00,6.784457e+00,6.342121e+00,5.129899e+00,7.207119e+00,5.662960e+00,6.867974e+00,6.576470e+00,6.171701e+00,7.083388e+00
6.478510e+00,6.990257e+00,5.429346e+00,6.289716e+00,6.654153e+00,6.244167e+00,6.948897e+00,6.447306e+00,5.337538e+00,6.535241e+00,6.779922e+00,6.342121e+00,5.476464e+00,7.177782e+00,5.666427e+00,6.867974e+00,6.543912e+00,6.171701e+00,7.083388e+00
6.771936e+00,6.962243e+00,5.552960e+00,6.289716e+00,6.654153e+00,6.079933e+00,7.020191e+00,6.448889e+00,5.318120e+00,6.535241e+00,6.779922e+00,6.342121e+00,5.808142e+00,7.050123e+00,5.805135e+00,6.843750e+00,5.743003e+00,6.171701e+00,7.083388e+00
7.079184e+00,6.961296e+00,5.505332e+00,6.313548e+00,6.654153e+00,6.063785e+00,7.023759e+00,6.453625e+00,4.736198e+00,6.535241e+00,6.773080e+00,6.342121e+00,6.030685e+00,6.974479e+00,6.180017e+00,6.843750e+00,5.726848e+00,5.111988e+00,6.980076e+00
7.210080e+00,6.882437e+00,5.786897e+00,6.313548e+00,6.654153e+00,6.063785e+00,7.023759e+00,6.453625e+00,2.890372e+00,6.535241e+00,6.773080e+00,6.202536e+00,5.736572e+00,6.886532e+00,6.393591e+00,6.830874e+00,5.616771e+00,5.111988e+00,6.980076e+00
7.256297e+00,6.882437e+00,5.786897e+00,6.313548e+00,6.654153e+00,6.063785e+00,7.005789e+00,6.484635e+00,2.397895e+00,6.535241e+00,6.775366e+00,6.200509e+00,5.768321e+00,6.818924e+00,6.431331e+00,6.692084e+00,5.720312e+00,5.017280e+00,6.948897e+00
7.275865e+00,6.898715e+00,5.786897e+00,6.298949e+00,6.638568e+00,6.104793e+00,7.007601e+00,6.470800e+00,2.995732e+00,6.535241e+00,6.784457e+00,6.214608e+00,5.932245e+00,6.818924e+00,6.487684e+00,6.597146e+00,6.028279e+00,5.017280e+00,6.949856e+00
7.475906e+00,6.951772e+00,5.786897e+00,6.298949e+00,6.618739e+00,6.118097e+00,7.015712e+00,6.432940e+00,3.784190e+00,6.535241e+00,6.612041e+00,6.025866e+00,5.958425e+00,6.818924e+00,6.643790e+00,6.558198e+00,6.882437e+00,5.455321e+00,6.990257e+00
7.492760e+00,7.009409e+00,5.786897e+00,6.265301e+00,6.573680e+00,5.910797e+00,7.126891e+00,6.440947e+00,3.784190e+00,6.535241e+00,6.704414e+00,6.124683e+00,6.113682e+00,6.818924e+00,6.651572e+00,6.489205e+00,7.090077e+00,5.659482e+00,6.857514e+00
7.524561e+00,7.011214e+00,5.572154e+00,6.375025e+00,6.184149e+00,6.131226e+00,7.233455e+00,6.444131e+00,3.688879e+00,6.535241e+00,6.704414e+00,6.124683e+00,6.363028e+00,6.818924e+00,6.651572e+00,6.272877e+00,7.077498e+00,5.826000e+00,6.857514e+00
7.616284e+00,7.038784e+00,5.572154e+00,6.375025e+00,6.167516e+00,6.063785e+00,7.260523e+00,6.444131e+00,3.637586e+00,6.535241e+00,6.722630e+00,6.124683e+00,6.456770e+00,6.802395e+00,6.651572e+00,6.220590e+00,7.087574e+00,5.883322e+00,6.857514e+00
7.663877e+00,7.038784e+00,5.572154e+00,6.308098e+00,6.242223e+00,6.066108e+00,7.260523e+00,6.444131e+00,3.637586e+00,6.535241e+00,5.986452e+00,6.150603e+00,6.456770e+00,6.742881e+00,6.633318e+00,6.194405e+00,7.100027e+00,6.285998e+00,6.857514e+00
7.643962e+00,7.090077e+00,5.463832e+00,6.327937e+00,6.016157e+00,6.315358e+00,7.260523e+00,6.444131e+00,3.637586e+00,6.535241e+00,5.996452e+00,6.148468e+00,6.456770e+00,6.742881e+00,6.711740e+00,6.371612e+00,7.194437e+00,6.532334e+00,6.857514e+00
7.643004e+00,6.947937e+00,5.929589e+00,6.401917e+00,6.016157e+00,6.265301e+00,7.279319e+00,6.410175e+00,4.077537e+00,6.535241e+00,5.998937e+00,5.690359e+00,6.436150e+00,6.739337e+00,6.751101e+00,6.419995e+00,7.157735e+00,6.565265e+00,6.857514e+00
7.644441e+00,6.835185e+00,6.186209e+00,6.403574e+00,5.869297e+00,6.240276e+00,7.325808e+00,6.408529e+00,4.094345e+00,6.576470e+00,6.218600e+00,5.634790e+00,6.424869e+00,6.709304e+00,6.751101e+00,6.492240e+00,7.130899e+00,6.616065e+00,6.857514e+00
7.644441e+00,6.828712e+00,6.196444e+00,6.405228e+00,5.869297e+00,6.240276e+00,7.296413e+00,6.476972e+00,4.110874e+00,6.711740e+00,6.343880e+00,5.493061e+00,6.424869e+00,5.991465e+00,6.751101e+00,6.368187e+00,7.130899e+00,6.674561e+00,6.716595e+00
7.604894e+00,6.875232e+00,6.280396e+00,6.405228e+00,5.869297e+00,6.240276e+00,7.099202e+00,6.796824e+00,4.382027e+00,6.935370e+00,6.456770e+00,5.484797e+00,6.432940e+00,5.897154e+00,6.630683e+00,6.186209e+00,7.130899e+00,6.628041e+00,6.278521e+00
7.604894e+00,6.875232e+00,6.280396e+00,6.405228e+00,5.869297e+00,6.238325e+00,7.000334e+00,6.695799e+00,5.638355e+00,6.744059e+00,6.508769e+00,5.476464e+00,6.523562e+00,5.950643e+00,6.621406e+00,6.324359e+00,7.128496e+00,6.587550e+00,6.148468e+00
7.619724e+00,6.822197e+00,6.393591e+00,6.300786e+00,6.016157e+00,6.238325e+00,6.974479e+00,6.684612e+00,5.774552e+00,6.658011e+00,6.559615e+00,5.525453e+00,6.523562e+00,5.948035e+00,6.645091e+00,6.437752e+00,7.128496e+00,6.602588e+00,6.054439e+00
7.634821e+00,6.816736e+00,6.401917e+00,6.298949e+00,5.707110e+00,6.429719e+00,6.842683e+00,6.793466e+00,5.897154e+00,6.801283e+00,6.559615e+00,5.525453e+00,6.573680e+00,5.739793e+00,6.646391e+00,6.445720e+00,7.128496e+00,6.584791e+00,5.910797e+00
7.609367e+00,6.864848e+00,6.439350e+00,6.274762e+00,5.749393e+00,6.429719e+00,6.734592e+00,6.752270e+00,6.206576e+00,6.738152e+00,6.569481e+00,5.525453e+00,6.672033e+00,5.765191e+00,6.758095e+00,6.445720e+00,7.138867e+00,6.584791e+00,5.883322e+00
7.586296e+00,6.883463e+00,6.483107e+00,6.210600e+00,5.826000e+00,6.442540e+00,6.732211e+00,6.591674e+00,6.437752e+00,6.620073e+00,6.874198e+00,5.525453e+00,6.672033e+00,5.793014e+00,6.896694e+00,6.575076e+00,7.279319e+00,6.580639e+00,5.855072e+00
7.583248e+00,6.888572e+00,6.484635e+00,6.175867e+00,5.874931e+00,6.442540e+00,6.666957e+00,6.661855e+00,6.437752e+00,6.599870e+00,6.978214e+00,5.525453e+00,6.672033e+00,5.683580e+00,6.923629e+00,6.453625e+00,7.279319e+00,6.580639e+00,5.855072e+00
7.583756e+00,6.431331e+00,6.922644e+00,6.133398e+00,5.886104e+00,6.467699e+00,6.626718e+00,6.700731e+00,6.429719e+00,6.575076e+00,7.024649e+00,5.525453e+00,6.688355e+00,5.442418e+00,6.927558e+00,6.674561e+00,7.288244e+00,6.580639e+00,5.869297e+00
7.570443e+00,6.499787e+00,6.948897e+00,5.899897e+00,6.049733e+00,6.516193e+00,6.620073e+00,6.700731e+00,6.437752e+00,6.541030e+00,7.024649e+00,5.583496e+00,6.703188e+00,5.225747e+00,6.927558e+00,6.767343e+00,7.364547e+00,6.559615e+00,5.869297e+00
7.578657e+00,6.350886e+00,7.037028e+00,5.897154e+00,6.042633e+00,6.522093e+00,6.616065e+00,6.703188e+00,6.439350e+00,6.415097e+00,7.016610e+00,5.817111e+00,6.785588e+00,5.389072e+00,6.955593e+00,6.817831e+00,7.392648e+00,6.559615e+00,5.869297e+00
7.593878e+00,6.331502e+00,7.046647e+00,5.834811e+00,5.968708e+00,6.595781e+00,6.616065e+00,6.700731e+00,6.442540e+00,6.421622e+00,6.998510e+00,5.910797e+00,6.790097e+00,5.389072e+00,7.017506e+00,6.815640e+00,7.378384e+00,6.559615e+00,5.869297e+00
7.578145e+00,6.359574e+00,7.059618e+00,5.541264e+00,6.118097e+00,6.628041e+00,6.612041e+00,6.703188e+00,6.444131e+00,6.421622e+00,6.957497e+00,6.001415e+00,6.793466e+00,5.389072e+00,7.034388e+00,6.708084e+00,7.383368e+00,6.559615e+00,5.869297e+00
7.569928e+00,6.386879e+00,7.059618e+00,5.017280e+00,6.297109e+00,6.647688e+00,6.447306e+00,6.830874e+00,6.447306e+00,6.421622e+00,7.069874e+00,5.953243e+00,6.836259e+00,5.389072e+00,7.061334e+00,6.692084e+00,7.434848e+00,6.559615e+00,5.993961e+00
7.570443e+00,6.386879e+00,7.059618e+00,5.010635e+00,6.291569e+00,6.652863e+00,6.445720e+00,6.831954e+00,6.447306e+00,6.445720e+00,7.069874e+00,5.986452e+00,6.864848e+00,5.389072e+00,7.075809e+00,6.809039e+00,7.449498e+00,6.559615e+00,5.998937e+00
7.570443e+00,6.386879e+00,7.059618e+00,5.010635e+00,6.289716e+00,6.654153e+00,6.366470e+00,6.882437e+00,6.447306e+00,6.511745e+00,7.085064e+00,6.018593e+00,6.870053e+00,5.389072e+00,7.054450e+00,6.806829e+00,7.588830e+00,6.516193e+00,5.739793e+00
7.569928e+00,6.388561e+00,7.059618e+00,5.010635e+00,6.289716e+00,6.654153e+00,6.244167e+00,6.948897e+00,6.447306e+00,6.514713e+00,7.064759e+00,6.018593e+00,6.870053e+00,5.198497e+00,7.037028e+00,6.806829e+00,7.588830e+00,6.516193e+00,5.739793e+00
7.540622e+00,6.478510e+00,6.990257e+00,5.429346e+00,6.289716e+00,6.654153e+00,6.244167e+00,6.948897e+00,6.447306e+00,6.514713e+00,7.064759e+00,6.018593e+00,6.909753e+00,5.209486e+00,7.068172e+00,6.806829e+00,7.588830e+00,6.520621e+00,5.739793e+00
7.415175e+00,6.771936e+00,6.962243e+00,5.552960e+00,6.289716e+00,6.654153e+00,6.079933e+00,7.020191e+00,6.448889e+00,6.514713e+00,7.073270e+00,6.018593e+00,6.811244e+00,5.170484e+00,7.023759e+00,6.806829e+00,7.588830e+00,6.520621e+00,5.739793e+00
7.205635e+00,7.079184e+00,6.961296e+00,5.505332e+00,6.313548e+00,6.654153e+00,6.063785e+00,7.023759e+00,6.453625e+00,6.514713e+00,7.080026e+00,6.018593e+00,6.715383e+00,5.164786e+00,6.879356e+00,6.806829e+00,7.618742e+00,6.520621e+00,5.746203e+00
7.074117e+00,7.210080e+00,6.882437e+00,5.786897e+00,6.313548e+00,6.654153e+00,6.063785e+00,7.023759e+00,6.453625e+00,6.514713e+00,7.163172e+00,6.013715e+00,6.665684e+00,5.164786e+00,6.875232e+00,6.806829e+00,7.613819e+00,6.520621e+00,5.746203e+00
7.074963e+00,7.256297e+00,6.882437e+00,5.786897e+00,6.313548e+00,6.654153e+00,6.063785e+00,7.005789e+00,6.484635e+00,6.514713e+00,7.163172e+00,6.018593e+00,6.669498e+00,5.164786e+00,6.878326e+00,6.806829e+00,7.604894e+00,6.520621e+00,5.746203e+00
7.037906e+00,7.275865e+00,6.898715e+00,5.786897e+00,6.298949e+00,6.638568e+00,6.104793e+00,7.007601e+00,6.470800e+00,6.542472e+00,7.156956e+00,6.052089e+00,6.594413e+00,5.170484e+00,6.854355e+00,6.806829e+00,7.548556e+00,6.520621e+00,5.736572e+00
6.639876e+00,7.475906e+00,6.951772e+00,5.786897e+00,6.298949e+00,6.618739e+00,6.118097e+00,7.015712e+00,6.432940e+00,6.610696e+00,7.142037e+00,5.940171e+00,6.580639e+00,5.170484e+00,6.775366e+00,6.806829e+00,7.198931e+00,6.390241e+00,5.587249e+00
6.526495e+00,7.492760e+00,7.009409e+00,5.786897e+00,6.265301e+00,6.573680e+00,5.910797e+00,7.126891e+00,6.440947e+00,6.741701e+00,7.138073e+00,5.820083e+00,6.486161e+00,5.170484e+00,6.907755e+00,6.806829e+00,7.057037e+00,6.297109e+00,5.828946e+00
6.436150e+00,7.524561e+00,7.011214e+00,5.572154e+00,6.375025e+00,6.184149e+00,6.131226e+00,7.233455e+00,6.444131e+00,6.776507e+00,7.143618e+00,5.820083e+00,6.269096e+00,5.170484e+00,6.910751e+00,6.791221e+00,7.044033e+00,6.196444e+00,6.327937e+00
6.028279e+00,7.616284e+00,7.038784e+00,5.572154e+00,6.375025e+00,6.167516e+00,6.063785e+00,7.260523e+00,6.444131e+00,6.777647e+00,7.134094e+00,5.820083e+00,6.154858e+00,5.252273e+00,6.923629e+00,6.791221e+00,6.997596e+00,6.154858e+00,6.368187e+00
5.755742e+00,7.663877e+00,7.038784e+00,5.572154e+00,6.308098e+00,6.242223e+00,6.066108e+00,7.260523e+00,6.444131e+00,6.884487e+00,7.127694e+00,5.686975e+00,6.154858e+00,5.283204e+00,7.111512e+00,6.791221e+00,6.972606e+00,5.680173e+00,6.368187e+00
5.690359e+00,7.643962e+00,7.090077e+00,5.463832e+00,6.327937e+00,6.016157e+00,6.315358e+00,7.260523e+00,6.444131e+00,6.889591e+00,7.172425e+00,5.690359e+00,6.198479e+00,5.303305e+00,7.121252e+00,6.678342e+00,6.853299e+00,4.962845e+00,6.368187e+00
5.613128e+00,7.643004e+00,6.947937e+00,5.929589e+00,6.401917e+00,6.016157e+00,6.265301e+00,7.279319e+00,6.410175e+00,6.889591e+00,7.207119e+00,5.472271e+00,6.315358e+00,5.493061e+00,7.192934e+00,6.641182e+00,6.853299e+00,4.787492e+00,7.086738e+00
5.680173e+00,7.644441e+00,6.835185e+00,6.186209e+00,6.403574e+00,5.869297e+00,6.240276e+00,7.325808e+00,6.408529e+00,6.859615e+00,7.132498e+00,5.472271e+00,6.375025e+00,5.493061e+00,7.192934e+00,6.579251e+00,6.846943e+00,4.418841e+00,7.170888e+00
5.680173e+00,7.644441e+00,6.828712e+00,6.196444e+00,6.405228e+00,5.869297e+00,6.240276e+00,7.296413e+00,6.476972e+00,6.744059e+00,7.064759e+00,5.472271e+00,6.447306e+00,5.493061e+00,7.193686e+00,6.548219e+00,6.846943e+00,3.637586e+00,7.173192e+00
5.673323e+00,7.604894e+00,6.875232e+00,6.280396e+00,6.405228e+00,5.869297e+00,6.240276e+00,7.099202e+00,6.796824e+00,6.469250e+00,7.004882e+00,5.509388e+00,6.478510e+00,5.700444e+00,7.230563e+00,6.548219e+00,6.846943e+00,3.583519e+00,7.173192e+00
5.673323e+00,7.604894e+00,6.875232e+00,6.280396e+00,6.405228e+00,5.869297e+00,6.238325e+00,7.000334e+00,6.695799e+00,6.467699e+00,6.973543e+00,5.509388e+00,6.432940e+00,6.006353e+00,7.230563e+00,6.439350e+00,6.846943e+00,3.583519e+00,7.173192e+00
5.638355e+00,7.619724e+00,6.822197e+00,6.393591e+00,6.300786e+00,6.016157e+00,6.238325e+00,6.974479e+00,6.684612e+00,6.463029e+00,6.940222e+00,5.459586e+00,6.523562e+00,6.122493e+00,7.217443e+00,6.326149e+00,6.846943e+00,1.098612e+00,7.213032e+00
5.541264e+00,7.634821e+00,6.816736e+00,6.401917e+00,6.298949e+00,5.707110e+00,6.429719e+00,6.842683e+00,6.793466e+00,6.347389e+00,6.940222e+00,5.459586e+00,6.473891e+00,6.475433e+00,7.216709e+00,6.317165e+00,7.024649e+00,1.098612e+00,7.214504e+00
5.631212e+00,7.609367e+00,6.864848e+00,6.439350e+00,6.274762e+00,5.749393e+00,6.429719e+00,6.734592e+00,6.752270e+00,6.530878e+00,6.933423e+00,5.459586e+00,6.356108e+00,6.535241e+00,7.163172e+00,6.317165e+00,7.015712e+00,1.098612e+00,7.210818e+00
5.799093e+00,7.586296e+00,6.883463e+00,6.483107e+00,6.210600e+00,5.826000e+00,6.442540e+00,6.732211e+00,6.591674e+00,6.570883e+00,6.648985e+00,5.459586e+00,6.356108e+00,6.620073e+00,7.079184e+00,6.146329e+00,6.884487e+00,4.290459e+00,7.239933e+00
5.837730e+00,7.583248e+00,6.888572e+00,6.484635e+00,6.175867e+00,5.874931e+00,6.442540e+00,6.666957e+00,6.661855e+00,6.464588e+00,6.577861e+00,5.459586e+00,6.401917e+00,6.786717e+00,7.063048e+00,6.124683e+00,6.897705e+00,5.398163e+00,7.239933e+00
5.872118e+00,7.583756e+00,6.431331e+00,6.922644e+00,6.133398e+00,5.886104e+00,6.467699e+00,6.626718e+00,6.700731e+00,6.467699e+00,6.504288e+00,5.459586e+00,6.411818e+00,6.820016e+00,7.059618e+00,5.703782e+00,6.884487e+00,5.955837e+00,7.236339e+00
5.739793e+00,7.570443e+00,6.499787e+00,6.948897e+00,5.899897e+00,6.049733e+00,6.516193e+00,6.620073e+00,6.700731e+00,6.467699e+00,6.504288e+00,5.393628e+00,6.391917e+00,6.787845e+00,7.059618e+00,5.407172e+00,6.769642e+00,6.293419e+00,7.238497e+00
5.686975e+00,7.578657e+00,6.350886e+00,7.037028e+00,5.897154e+00,6.042633e+00,6.522093e+00,6.616065e+00,6.703188e+00,6.459904e+00,6.504288e+00,5.010635e+00,6.272877e+00,6.830874e+00,6.985642e+00,5.293305e+00,6.716595e+00,6.426488e+00,7.238497e+00
5.579730e+00,7.593878e+00,6.331502e+00,7.046647e+00,5.834811e+00,5.968708e+00,6.595781e+00,6.616065e+00,6.700731e+00,6.624065e+00,6.583409e+00,4.762174e+00,6.265301e+00,6.896694e+00,6.921658e+00,5.659482e+00,6.708084e+00,6.650279e+00,7.238497e+00
5.669881e+00,7.578145e+00,6.359574e+00,7.059618e+00,5.541264e+00,6.118097e+00,6.628041e+00,6.612041e+00,6.703188e+00,6.692084e+00,6.591674e+00,4.454347e+00,6.270988e+00,6.902743e+00,6.902743e+00,5.983936e+00,6.673298e+00,6.684612e+00,7.238497e+00
5.945421e+00,7.569928e+00,6.386879e+00,7.059618e+00,5.017280e+00,6.297109e+00,6.647688e+00,6.447306e+00,6.830874e+00,6.725034e+00,6.418365e+00,4.454347e+00,6.196444e+00,7.102499e+00,6.897705e+00,6.139885e+00,6.559615e+00,6.706862e+00,7.266827e+00
5.950643e+00,7.570443e+00,6.386879e+00,7.059618e+00,5.010635e+00,6.291569e+00,6.652863e+00,6.445720e+00,6.831954e+00,6.818924e+00,6.487684e+00,5.252273e+00,6.154858e+00,7.406103e+00,6.896694e+00,6.001415e+00,6.542472e+00,7.010312e+00,7.265430e+00
5.950643e+00,7.570443e+00,6.386879e+00,7.059618e+00,5.010635e+00,6.289716e+00,6.654153e+00,6.366470e+00,6.882437e+00,6.897705e+00,6.308098e+00,5.517453e+00,6.144186e+00,7.460490e+00,6.932448e+00,6.240276e+00,6.184149e+00,7.019297e+00,7.122867e+00
5.953243e+00,7.569928e+00,6.388561e+00,7.059618e+00,5.010635e+00,6.289716e+00,6.654153e+00,6.244167e+00,6.948897e+00,6.895683e+00,6.329721e+00,5.802118e+00,6.144186e+00,7.520235e+00,6.931472e+00,6.297109e+00,6.240276e+00,7.123673e+00,7.122867e+00
5.953243e+00,7.540622e+00,6.478510e+00,6.990257e+00,5.429346e+00,6.289716e+00,6.654153e+00,6.244167e+00,6.948897e+00,6.897705e+00,6.499787e+00,6.272877e+00,5.874931e+00,7.549609e+00,6.896694e+00,6.336826e+00,6.240276e+00,7.210080e+00,7.138867e+00
5.966147e+00,7.415175e+00,6.771936e+00,6.962243e+00,5.552960e+00,6.289716e+00,6.654153e+00,6.079933e+00,7.020191e+00,6.957497e+00,6.484635e+00,6.329721e+00,5.874931e+00,7.588324e+00,6.896694e+00,6.336826e+00,6.240276e+00,7.217443e+00,7.146772e+00
5.973810e+00,7.205635e+00,7.079184e+00,6.961296e+00,5.505332e+00,6.313548e+00,6.654153e+00,6.063785e+00,7.023759e+00,7.045777e+00,6.472346e+00,6.329721e+00,5.877736e+00,7.588324e+00,6.896694e+00,6.336826e+00,6.240276e+00,7.217443e+00,7.138867e+00
6.177944e+00,7.074117e+00,7.210080e+00,6.882437e+00,5.786897e+00,6.313548e+00,6.654153e+00,6.063785e+00,7.023759e+00,7.083388e+00,6.298949e+00,6.329721e+00,5.902633e+00,7.594884e+00,6.777647e+00,6.338594e+00,6.511745e+00,7.217443e+00,7.138867e+00
6.246107e+00,7.074963e+00,7.256297e+00,6.882437e+00,5.786897e+00,6.313548e+00,6.654153e+00,6.063785e+00,7.005789e+00,7.090077e+00,6.295266e+00,6.326149e+00,6.302619e+00,7.597396e+00,6.747587e+00,6.354370e+00,6.608001e+00,7.217443e+00,7.141245e+00
6.259581e+00,7.037906e+00,7.275865e+00,6.898715e+00,5.786897e+00,6.298949e+00,6.638568e+00,6.104793e+00,7.007601e+00,7.074963e+00,6.295266e+00,6.285998e+00,6.426488e+00,7.605392e+00,6.732211e+00,6.354370e+00,6.621406e+00,7.217443e+00,7.141245e+00
6.259581e+00,6.639876e+00,7.475906e+00,6.951772e+00,5.786897e+00,6.298949e+00,6.618739e+00,6.118097e+00,7.015712e+00,7.057898e+00,6.306275e+00,6.285998e+00,6.565265e+00,7.640123e+00,6.684612e+00,6.354370e+00,6.933423e+00,7.217443e+00,7.141245e+00
6.240276e+00,6.526495e+00,7.492760e+00,7.009409e+00,5.786897e+00,6.265301e+00,6.573680e+00,5.910797e+00,7.126891e+00,6.964136e+00,6.248043e+00,6.295266e+00,6.624065e+00,7.670429e+00,6.496775e+00,6.354370e+00,6.994850e+00,7.217443e+00,7.081709e+00
6.238325e+00,6.436150e+00,7.524561e+00,7.011214e+00,5.572154e+00,6.375025e+00,6.184149e+00,6.131226e+00,7.233455e+00,6.947937e+00,6.238325e+00,6.304449e+00,6.685861e+00,7.750184e+00,6.492240e+00,6.354370e+00,7.011214e+00,7.217443e+00,6.877296e+00
6.238325e+00,6.028279e+00,7.616284e+00,7.038784e+00,5.572154e+00,6.375025e+00,6.167516e+00,6.063785e+00,7.260523e+00,6.955593e+00,6.232448e+00,6.304449e+00,6.695799e+00,7.743703e+00,6.472346e+00,6.354370e+00,7.076654e+00,7.217443e+00,6.853299e+00
6.297109e+00,5.755742e+00,7.663877e+00,7.038784e+00,5.572154e+00,6.308098e+00,6.242223e+00,6.066108e+00,7.260523e+00,6.994850e+00,6.190315e+00,6.263398e+00,6.709304e+00,7.756623e+00,6.079933e+00,6.354370e+00,7.266129e+00,7.217443e+00,6.853299e+00
6.380123e+00,5.690359e+00,7.643962e+00,7.090077e+00,5.463832e+00,6.327937e+00,6.016157e+00,6.315358e+00,7.260523e+00,7.063048e+00,6.124683e+00,6.261492e+00,6.684612e+00,7.796469e+00,5.894403e+00,6.354370e+00,7.368970e+00,7.217443e+00,6.853299e+00
6.450470e+00,5.613128e+00,7.643004e+00,6.947937e+00,5.929589e+00,6.401917e+00,6.016157e+00,6.265301e+00,7.279319e+00,7.122867e+00,6.016157e+00,6.261492e+00,6.605298e+00,7.796058e+00,5.446737e+00,6.388561e+00,7.457032e+00,7.217443e+00,5.826000e+00
6.415097e+00,5.680173e+00,7.644441e+00,6.835185e+00,6.186209e+00,6.403574e+00,5.869297e+00,6.240276e+00,7.325808e+00,7.199678e+00,5.998937e+00,6.261492e+00,6.558198e+00,7.847763e+00,5.451038e+00,6.429719e+00,7.549609e+00,7.217443e+00,5.648974e+00
6.415097e+00,5.680173e+00,7.644441e+00,6.828712e+00,6.196444e+00,6.405228e+00,5.869297e+00,6.240276e+00,7.296413e+00,7.215240e+00,5.998937e+00,6.263398e+00,6.499787e+00,7.908755e+00,5.620401e+00,6.429719e+00,7.554859e+00,7.217443e+00,5.762051e+00
6.442540e+00,5.673323e+00,7.604894e+00,6.875232e+00,6.280396e+00,6.405228e+00,5.869297e+00,6.240276e+00,7.099202e+00,7.237778e+00,5.998937e+00,6.257668e+00,6.461468e+00,7.895436e+00,5.645447e+00,6.429719e+00,7.578145e+00,7.217443e+00,5.762051e+00
6.499787e+00,5.673323e+00,7.604894e+00,6.875232e+00,6.280396e+00,6.405228e+00,5.869297e+00,6.238325e+00,7.000334e+00,7.237778e+00,5.998937e+00,6.257668e+00,6.487684e+00,7.845024e+00,5.676754e+00,6.444131e+00,7.607381e+00,7.217443e+00,5.762051e+00
6.522093e+00,5.638355e+00,7.619724e+00,6.822197e+00,6.393591e+00,6.300786e+00,6.016157e+00,6.238325e+00,6.974479e+00,7.231287e+00,5.998937e+00,6.274762e+00,6.419995e+00,7.821643e+00,5.765191e+00,6.486161e+00,7.647786e+00,7.217443e+00,5.579730e+00
6.514713e+00,5.541264e+00,7.634821e+00,6.816736e+00,6.401917e+00,6.298949e+00,5.707110e+00,6.429719e+00,6.842683e+00,7.181592e+00,5.998937e+00,6.308098e+00,6.525030e+00,7.741099e+00,6.142037e+00,6.579251e+00,7.643004e+00,7.217443e+00,5.583496e+00
6.453625e+00,5.631212e+00,7.609367e+00,6.864848e+00,6.439350e+00,6.274762e+00,5.749393e+00,6.429719e+00,6.734592e+00,7.076654e+00,5.998937e+00,6.308098e+00,6.566672e+00,7.718685e+00,6.628041e+00,6.579251e+00,7.685703e+00,7.217443e+00,5.583496e+00
6.378426e+00,5.799093e+00,7.586296e+00,6.883463e+00,6.483107e+00,6.210600e+00,5.826000e+00,6.442540e+00,6.732211e+00,7.034388e+00,5.998937e+00,6.309918e+00,6.616065e+00,7.709757e+00,6.846943e+00,6.579251e+00,7.661056e+00,7.164720e+00,5.505332e+00
6.366470e+00,5.837730e+00,7.583248e+00,6.888572e+00,6.484635e+00,6.175867e+00,5.874931e+00,6.442540e+00,6.666957e+00,7.039660e+00,5.857933e+00,6.309918e+00,6.579251e+00,7.665753e+00,6.908755e+00,6.579251e+00,7.654917e+00,7.047517e+00,5.505332e+00
6.376727e+00,5.872118e+00,7.583756e+00,6.431331e+00,6.922644e+00,6.133398e+00,5.886104e+00,6.467699e+00,6.626718e+00,7.040536e+00,5.857933e+00,6.309918e+00,6.566672e+00,7.676937e+00,6.918695e+00,6.579251e+00,7.654917e+00,6.900731e+00,5.537334e+00
6.383507e+00,5.739793e+00,7.570443e+00,6.499787e+00,6.948897e+00,5.899897e+00,6.049733e+00,6.516193e+00,6.620073e+00,7.063904e+00,5.857933e+00,6.309918e+00,6.568078e+00,7.659171e+00,6.918695e+00,6.579251e+00,7.650169e+00,6.760415e+00,5.525453e+00
6.380123e+00,5.686975e+00,7.578657e+00,6.350886e+00,7.037028e+00,5.897154e+00,6.042633e+00,6.522093e+00,6.616065e+00,7.124478e+00,5.857933e+00,6.309918e+00,6.563856e+00,7.619724e+00,6.913737e+00,6.549651e+00,7.650169e+00,6.666957e+00,5.525453e+00
6.408529e+00,5.579730e+00,7.593878e+00,6.331502e+00,7.046647e+00,5.834811e+00,5.968708e+00,6.595781e+00,6.616065e+00,7.023759e+00,5.686975e+00,6.309918e+00,6.563856e+00,7.588324e+00,6.917706e+00,6.415097e+00,7.650169e+00,6.459904e+00,5.545177e+00
6.366470e+00,5.669881e+00,7.578145e+00,6.359574e+00,7.059618e+00,5.541264e+00,6.118097e+00,6.628041e+00,6.612041e+00,7.056175e+00,5.752573e+00,6.302619e+00,6.694562e+00,7.585281e+00,6.958448e+00,6.216606e+00,7.650169e+00,6.416732e+00,5.556828e+00
6.194405e+00,5.945421e+00,7.569928e+00,6.386879e+00,7.059618e+00,5.017280e+00,6.297109e+00,6.647688e+00,6.447306e+00,7.113956e+00,5.963579e+00,6.302619e+00,6.693324e+00,7.480428e+00,6.945051e+00,5.934894e+00,7.657283e+00,6.386879e+00,5.147494e+00
6.188264e+00,5.950643e+00,7.570443e+00,6.386879e+00,7.059618e+00,5.010635e+00,6.291569e+00,6.652863e+00,6.445720e+00,7.037906e+00,5.771441e+00,6.059123e+00,6.712956e+00,7.206377e+00,6.929517e+00,5.826000e+00,7.651120e+00,5.726848e+00,5.099866e+00
6.188264e+00,5.950643e+00,7.570443e+00,6.386879e+00,7.059618e+00,5.010635e+00,6.289716e+00,6.654153e+00,6.366470e+00,6.928538e+00,5.765191e+00,5.877736e+00,6.748760e+00,7.135687e+00,6.892642e+00,5.411646e+00,7.634337e+00,5.693732e+00,5.476464e+00
6.186209e+00,5.953243e+00,7.569928e+00,6.388561e+00,7.059618e+00,5.010635e+00,6.289716e+00,6.654153e+00,6.244167e+00,6.928538e+00,5.846439e+00,5.616771e+00,7.234898e+00,7.049255e+00,6.903747e+00,5.267858e+00,7.634337e+00,5.159055e+00,5.476464e+00
6.186209e+00,5.953243e+00,7.540622e+00,6.478510e+00,6.990257e+00,5.429346e+00,6.289716e+00,6.654153e+00,6.244167e+00,6.926577e+00,5.497168e+00,4.356709e+00,7.319202e+00,7.026427e+00,6.907755e+00,5.147494e+00,7.634337e+00,5.575949e+00,5.389072e+00
6.186209e+00,5.966147e+00,7.415175e+00,6.771936e+00,6.962243e+00,5.552960e+00,6.289716e+00,6.654153e+00,6.079933e+00,6.869014e+00,5.513429e+00,3.951244e+00,7.329750e+00,6.963190e+00,6.966967e+00,5.147494e+00,7.634337e+00,6.037871e+00,5.342334e+00
6.272877e+00,5.973810e+00,7.205635e+00,7.079184e+00,6.961296e+00,5.505332e+00,6.313548e+00,6.654153e+00,6.063785e+00,6.765039e+00,5.513429e+00,3.951244e+00,7.504392e+00,7.009409e+00,6.973543e+00,5.147494e+00,7.604894e+00,6.472346e+00,5.342334e+00
6.265301e+00,6.177944e+00,7.074117e+00,7.210080e+00,6.882437e+00,5.786897e+00,6.313548e+00,6.654153e+00,6.063785e+00,6.712956e+00,5.521461e+00,4.290459e+00,7.560601e+00,7.050123e+00,6.981006e+00,5.141664e+00,7.517521e+00,6.487684e+00,5.342334e+00
6.159095e+00,6.246107e+00,7.074963e+00,7.256297e+00,6.882437e+00,5.786897e+00,6.313548e+00,6.654153e+00,6.063785e+00,6.703188e+00,5.533389e+00,4.290459e+00,7.474205e+00,7.133296e+00,6.989335e+00,5.087596e+00,7.465655e+00,6.507278e+00,5.327876e+00
6.284134e+00,6.259581e+00,7.037906e+00,7.275865e+00,6.898715e+00,5.786897e+00,6.298949e+00,6.638568e+00,6.104793e+00,6.701960e+00,5.533389e+00,4.290459e+00,7.565275e+00,7.133296e+00,6.999422e+00,5.087596e+00,7.459915e+00,6.572283e+00,5.327876e+00
6.284134e+00,6.259581e+00,6.639876e+00,7.475906e+00,6.951772e+00,5.786897e+00,6.298949e+00,6.618739e+00,6.118097e+00,6.665684e+00,5.509388e+00,4.290459e+00,7.627057e+00,7.077498e+00,7.026427e+00,5.087596e+00,7.287561e+00,6.572283e+00,5.327876e+00
6.284134e+00,6.240276e+00,6.526495e+00,7.492760e+00,7.009409e+00,5.786897e+00,6.265301e+00,6.573680e+00,5.910797e+00,6.665684e+00,5.351858e+00,4.219508e+00,7.612831e+00,7.029088e+00,7.026427e+00,5.087596e+00,7.207119e+00,6.572283e+00,5.327876e+00
6.284134e+00,6.238325e+00,6.436150e+00,7.524561e+00,7.011214e+00,5.572154e+00,6.375025e+00,6.184149e+00,6.131226e+00,6.648985e+00,5.342334e+00,4.143135e+00,7.588830e+00,6.857514e+00,7.026427e+00,5.087596e+00,7.193686e+00,6.572283e+00,5.327876e+00
6.284134e+00,6.238325e+00,6.028279e+00,7.616284e+00,7.038784e+00,5.572154e+00,6.375025e+00,6.167516e+00,6.063785e+00,6.637258e+00,5.342334e+00,4.143135e+00,7.592366e+00,6.864848e+00,7.026427e+00,5.087596e+00,7.129298e+00,6.572283e+00,5.327876e+00
6.224558e+00,6.297109e+00,5.755742e+00,7.663877e+00,7.038784e+00,5.572154e+00,6.308098e+00,6.242223e+00,6.066108e+00,6.432940e+00,5.342334e+00,4.812184e+00,7.612337e+00,6.901737e+00,7.026427e+00,5.087596e+00,6.900731e+00,6.684612e+00,5.327876e+00
6.126869e+00,6.380123e+00,5.690359e+00,7.643962e+00,7.090077e+00,5.463832e+00,6.327937e+00,6.016157e+00,6.315358e+00,6.291569e+00,5.187386e+00,4.820282e+00,7.611842e+00,6.901737e+00,7.026427e+00,5.093750e+00,6.731018e+00,6.751101e+00,5.327876e+00
6.082219e+00,6.450470e+00,5.613128e+00,7.643004e+00,6.947937e+00,5.929589e+00,6.401917e+00,6.016157e+00,6.265301e+00,6.148468e+00,5.220356e+00,4.820282e+00,7.618251e+00,6.875232e+00,7.026427e+00,5.181784e+00,6.539586e+00,6.751101e+00,5.303305e+00
6.148468e+00,6.415097e+00,5.680173e+00,7.644441e+00,6.835185e+00,6.186209e+00,6.403574e+00,5.869297e+00,6.240276e+00,5.910797e+00,5.429346e+00,4.820282e+00,7.618251e+00,6.732211e+00,7.025538e+00,5.147494e+00,6.261492e+00,6.751101e+00,5.111988e+00
6.251904e+00,6.415097e+00,5.680173e+00,7.644441e+00,6.828712e+00,6.196444e+00,6.405228e+00,5.869297e+00,6.240276e+00,5.852202e+00,5.429346e+00,4.812184e+00,7.618742e+00,6.543912e+00,6.991177e+00,5.147494e+00,6.267201e+00,6.751101e+00,4.859812e+00
6.308098e+00,6.442540e+00,5.673323e+00,7.604894e+00,6.875232e+00,6.280396e+00,6.405228e+00,5.869297e+00,6.240276e+00,5.768321e+00,5.429346e+00,4.762174e+00,7.618742e+00,6.513230e+00,6.938284e+00,5.147494e+00,6.177944e+00,6.754604e+00,4.859812e+00
6.242223e+00,6.499787e+00,5.673323e+00,7.604894e+00,6.875232e+00,6.280396e+00,6.405228e+00,5.869297e+00,6.238325e+00,5.768321e+00,5.429346e+00,4.804021e+00,7.604894e+00,6.517671e+00,6.929517e+00,5.093750e+00,6.061457e+00,6.754604e+00,4.859812e+00
6.144186e+00,6.522093e+00,5.638355e+00,7.619724e+00,6.822197e+00,6.393591e+00,6.300786e+00,6.016157e+00,6.238325e+00,5.768321e+00,5.429346e+00,4.727388e+00,7.599401e+00,6.523562e+00,6.902743e+00,5.231109e+00,5.883322e+00,6.754604e+00,4.859812e+00
6.144186e+00,6.514713e+00,5.541264e+00,7.634821e+00,6.816736e+00,6.401917e+00,6.298949e+00,5.707110e+00,6.429719e+00,5.768321e+00,5.505332e+00,4.795791e+00,7.584265e+00,6.523562e+00,6.744059e+00,4.919981e+00,5.303305e+00,6.878326e+00,4.836282e+00
6.146329e+00,6.453625e+00,5.631212e+00,7.609367e+00,6.864848e+00,6.439350e+00,6.274762e+00,5.749393e+00,6.429719e+00,5.768321e+00,5.556828e+00,4.820282e+00,7.596894e+00,6.523562e+00,6.287859e+00,5.407172e+00,4.955827e+00,6.925595e+00,4.836282e+00
6.135565e+00,6.378426e+00,5.799093e+00,7.586296e+00,6.883463e+00,6.483107e+00,6.210600e+00,5.826000e+00,6.442540e+00,5.768321e+00,5.940171e+00,5.693732e+00,7.596392e+00,6.439350e+00,5.783825e+00,5.488938e+00,4.955827e+00,7.003974e+00,4.691348e+00
6.122493e+00,6.366470e+00,5.837730e+00,7.583248e+00,6.888572e+00,6.484635e+00,6.175867e+00,5.874931e+00,6.442540e+00,5.746203e+00,6.287859e+00,5.717028e+00,7.611842e+00,6.373320e+00,5.549076e+00,5.749393e+00,4.955827e+00,7.045777e+00,4.882802e+00
6.079933e+00,6.376727e+00,5.872118e+00,7.583756e+00,6.431331e+00,6.922644e+00,6.133398e+00,5.886104e+00,6.467699e+00,5.730100e+00,6.440947e+00,5.730100e+00,7.610358e+00,6.274762e+00,5.509388e+00,5.749393e+00,5.010635e+00,7.129298e+00,4.912655e+00
6.073045e+00,6.383507e+00,5.739793e+00,7.570443e+00,6.499787e+00,6.948897e+00,5.899897e+00,6.049733e+00,6.516193e+00,5.638355e+00,6.455199e+00,5.730100e+00,7.707962e+00,6.274762e+00,5.509388e+00,5.921578e+00,5.164786e+00,7.281386e+00,4.969813e+00
6.084499e+00,6.380123e+00,5.686975e+00,7.578657e+00,6.350886e+00,7.037028e+00,5.897154e+00,6.042633e+00,6.522093e+00,5.337538e+00,6.455199e+00,5.866468e+00,7.727976e+00,6.274762e+00,5.497168e+00,5.983936e+00,5.164786e+00,7.281386e+00,5.225747e+00
6.054439e+00,6.408529e+00,5.579730e+00,7.593878e+00,6.331502e+00,7.046647e+00,5.834811e+00,5.968708e+00,6.595781e+00,5.318120e+00,6.466145e+00,5.934894e+00,7.749322e+00,6.274762e+00,5.545177e+00,6.006353e+00,5.164786e+00,7.286192e+00,5.198497e+00
6.124683e+00,6.366470e+00,5.669881e+00,7.578145e+00,6.359574e+00,7.059618e+00,5.541264e+00,6.118097e+00,6.628041e+00,4.736198e+00,6.672033e+00,6.280396e+00,7.705713e+00,6.274762e+00,5.365976e+00,6.006353e+00,5.164786e+00,7.286192e+00,5.541264e+00
6.236370e+00,6.194405e+00,5.945421e+00,7.569928e+00,6.386879e+00,7.059618e+00,5.017280e+00,6.297109e+00,6.647688e+00,2.890372e+00,6.563856e+00,6.343880e+00,7.739794e+00,6.228511e+00,5.407172e+00,5.981414e+00,5.075174e+00,7.286192e+00,5.662960e+00
6.364751e+00,6.188264e+00,5.950643e+00,7.570443e+00,6.386879e+00,7.059618e+00,5.010635e+00,6.291569e+00,6.652863e+00,2.397895e+00,6.575076e+00,6.583409e+00,7.751475e+00,6.216606e+00,5.463832e+00,5.963579e+00,5.075174e+00,7.284135e+00,5.697093e+00
6.461468e+00,6.188264e+00,5.950643e+00,7.570443e+00,6.386879e+00,7.059618e+00,5.010635e+00,6.289716e+00,6.654153e+00,2.995732e+00,6.594413e+00,6.583409e+00,7.745868e+00,6.216606e+00,5.613128e+00,5.963579e+00,4.990433e+00,7.284135e+00,5.407172e+00
6.579251e+00,6.186209e+00,5.953243e+00,7.569928e+00,6.388561e+00,7.059618e+00,5.010635e+00,6.289716e+00,6.654153e+00,3.784190e+00,6.539586e+00,6.583409e+00,7.483244e+00,6.269096e+00,5.480639e+00,5.963579e+00,4.820282e+00,7.284135e+00,5.407172e+00
6.597146e+00,6.186209e+00,5.953243e+00,7.540622e+00,6.478510e+00,6.990257e+00,5.429346e+00,6.289716e+00,6.654153e+00,3.784190e+00,6.555357e+00,6.584791e+00,7.447168e+00,6.240276e+00,5.480639e+00,5.963579e+00,4.820282e+00,7.132498e+00,5.484797e+00
6.610696e+00,6.186209e+00,5.966147e+00,7.415175e+00,6.771936e+00,6.962243e+00,5.552960e+00,6.289716e+00,6.654153e+00,3.688879e+00,6.741701e+00,6.577861e+00,7.457032e+00,6.276643e+00,5.187386e+00,5.963579e+00,4.820282e+00,6.991177e+00,5.525453e+00
6.545350e+00,6.272877e+00,5.973810e+00,7.205635e+00,7.079184e+00,6.961296e+00,5.505332e+00,6.313548e+00,6.654153e+00,3.637586e+00,7.029088e+00,6.577861e+00,7.288928e+00,6.177944e+00,5.147494e+00,5.963579e+00,4.820282e+00,6.765039e+00,5.968708e+00
6.415097e+00,6.265301e+00,6.177944e+00,7.074117e+00,7.210080e+00,6.882437e+00,5.786897e+00,6.313548e+00,6.654153e+00,3.637586e+00,7.126087e+00,6.597146e+00,7.212294e+00,6.047372e+00,5.159055e+00,5.963579e+00,4.820282e+00,6.984716e+00,6.084499e+00
6.336826e+00,6.159095e+00,6.246107e+00,7.074963e+00,7.256297e+00,6.882437e+00,5.786897e+00,6.313548e+00,6.654153e+00,3.637586e+00,7.126087e+00,6.597146e+00,7.185387e+00,5.768321e+00,5.241747e+00,5.963579e+00,4.820282e+00,7.210818e+00,6.156979e+00
6.202536e+00,6.284134e+00,6.259581e+00,7.037906e+00,7.275865e+00,6.898715e+00,5.786897e+00,6.298949e+00,6.638568e+00,4.077537e+00,7.126087e+00,6.599870e+00,6.984716e+00,5.860786e+00,5.181784e+00,5.963579e+00,5.099866e+00,7.263330e+00,6.198479e+00
6.302619e+00,6.284134e+00,6.259581e+00,6.639876e+00,7.475906e+00,6.951772e+00,5.786897e+00,6.298949e+00,6.618739e+00,4.094345e+00,7.126891e+00,6.621406e+00,6.773080e+00,5.857933e+00,4.997212e+00,5.963579e+00,5.099866e+00,7.280697e+00,6.357842e+00
6.403574e+00,6.284134e+00,6.240276e+00,6.526495e+00,7.492760e+00,7.009409e+00,5.786897e+00,6.265301e+00,6.573680e+00,4.110874e+00,7.126891e+00,6.621406e+00,6.840547e+00,5.966147e+00,4.997212e+00,6.008813e+00,5.648974e+00,7.303170e+00,6.645091e+00
6.526495e+00,6.284134e+00,6.238325e+00,6.436150e+00,7.524561e+00,7.011214e+00,5.572154e+00,6.375025e+00,6.184149e+00,4.382027e+00,7.169350e+00,6.621406e+00,6.885510e+00,6.089045e+00,4.997212e+00,6.008813e+00,5.648974e+00,7.303170e+00,6.722630e+00
6.612041e+00,6.284134e+00,6.238325e+00,6.028279e+00,7.616284e+00,7.038784e+00,5.572154e+00,6.375025e+00,6.167516e+00,5.638355e+00,7.186144e+00,6.621406e+00,6.870053e+00,6.073045e+00,4.997212e+00,6.008813e+00,5.648974e+00,7.303170e+00,6.722630e+00
6.634633e+00,6.224558e+00,6.297109e+00,5.755742e+00,7.663877e+00,7.038784e+00,5.572154e+00,6.308098e+00,6.242223e+00,5.774552e+00,7.195937e+00,6.538140e+00,6.877296e+00,5.891644e+00,4.997212e+00,6.023448e+00,5.648974e+00,7.244228e+00,6.722630e+00
6.634633e+00,6.126869e+00,6.380123e+00,5.690359e+00,7.643962e+00,7.090077e+00,5.463832e+00,6.327937e+00,6.016157e+00,5.897154e+00,7.195937e+00,6.536692e+00,6.901737e+00,5.583496e+00,5.003946e+00,6.033086e+00,5.659482e+00,7.204149e+00,6.722630e+00
6.613384e+00,6.082219e+00,6.450470e+00,5.613128e+00,7.643004e+00,6.947937e+00,5.929589e+00,6.401917e+00,6.016157e+00,6.206576e+00,7.191429e+00,6.546785e+00,6.888572e+00,5.533389e+00,5.003946e+00,5.945421e+00,5.659482e+00,7.204149e+00,6.734592e+00
6.612041e+00,6.148468e+00,6.415097e+00,5.680173e+00,7.644441e+00,6.835185e+00,6.186209e+00,6.403574e+00,5.869297e+00,6.437752e+00,7.145196e+00,6.546785e+00,6.910751e+00,5.645447e+00,5.003946e+00,5.894403e+00,5.641907e+00,7.204149e+00,6.885510e+00
6.561031e+00,6.251904e+00,6.415097e+00,5.680173e+00,7.644441e+00,6.828712e+00,6.196444e+00,6.405228e+00,5.869297e+00,6.437752e+00,7.145196e+00,6.546785e+00,6.905753e+00,5.583496e+00,4.962845e+00,5.894403e+00,5.594711e+00,7.204149e+00,6.885510e+00
6.542472e+00,6.308098e+00,6.442540e+00,5.673323e+00,7.604894e+00,6.875232e+00,6.280396e+00,6.405228e+00,5.869297e+00,6.429719e+00,7.145196e+00,6.546785e+00,6.905753e+00,5.583496e+00,4.955827e+00,5.934894e+00,5.631212e+00,7.201916e+00,6.885510e+00
6.539586e+00,6.242223e+00,6.499787e+00,5.673323e+00,7.604894e+00,6.875232e+00,6.280396e+00,6.405228e+00,5.869297e+00,6.437752e+00,7.145196e+00,6.539586e+00,6.886532e+00,5.572154e+00,4.955827e+00,5.948035e+00,5.613128e+00,7.201916e+00,6.885510e+00
6.538140e+00,6.144186e+00,6.522093e+00,5.638355e+00,7.619724e+00,6.822197e+00,6.393591e+00,6.300786e+00,6.016157e+00,6.439350e+00,7.145196e+00,6.539586e+00,6.881411e+00,5.594711e+00,4.955827e+00,6.063785e+00,5.564520e+00,7.201916e+00,6.888572e+00
6.538140e+00,6.144186e+00,6.514713e+00,5.541264e+00,7.634821e+00,6.816736e+00,6.401917e+00,6.298949e+00,5.707110e+00,6.442540e+00,7.130899e+00,6.501290e+00,6.839476e+00,5.697093e+00,4.955827e+00,6.267201e+00,5.505332e+00,7.122060e+00,6.896694e+00
6.536692e+00,6.146329e+00,6.453625e+00,5.631212e+00,7.609367e+00,6.864848e+00,6.439350e+00,6.274762e+00,5.749393e+00,6.444131e+00,7.133296e+00,6.496775e+00,6.777647e+00,5.697093e+00,4.955827e+00,6.098074e+00,5.351858e+00,7.083388e+00,6.896694e+00
6.536692e+00,6.135565e+00,6.378426e+00,5.799093e+00,7.586296e+00,6.883463e+00,6.483107e+00,6.210600e+00,5.826000e+00,6.447306e+00,7.032624e+00,6.192362e+00,6.788972e+00,5.886104e+00,4.955827e+00,6.257668e+00,5.351858e+00,7.011214e+00,6.952729e+00
6.536692e+00,6.122493e+00,6.366470e+00,5.837730e+00,7.583248e+00,6.888572e+00,6.484635e+00,6.175867e+00,5.874931e+00,6.447306e+00,6.882437e+00,6.177944e+00,6.784457e+00,5.902633e+00,4.955827e+00,6.109248e+00,5.351858e+00,6.963190e+00,7.143618e+00
6.536692e+00,6.079933e+00,6.376727e+00,5.872118e+00,7.583756e+00,6.431331e+00,6.922644e+00,6.133398e+00,5.886104e+00,6.447306e+00,6.786717e+00,6.169611e+00,6.953684e+00,5.948035e+00,5.023881e+00,6.109248e+00,5.327876e+00,6.855409e+00,7.145984e+00
6.565265e+00,6.073045e+00,6.383507e+00,5.739793e+00,7.570443e+00,6.499787e+00,6.948897e+00,5.899897e+00,6.049733e+00,6.447306e+00,6.782192e+00,6.169611e+00,6.858565e+00,6.054439e+00,5.023881e+00,5.968708e+00,5.198497e+00,6.577861e+00,7.139660e+00
6.565265e+00,6.084499e+00,6.380123e+00,5.686975e+00,7.578657e+00,6.350886e+00,7.037028e+00,5.897154e+00,6.042633e+00,6.447306e+00,6.829794e+00,6.070738e+00,6.919684e+00,6.265301e+00,5.023881e+00,5.905362e+00,6.122493e+00,6.577861e+00,7.105786e+00
6.562444e+00,6.054439e+00,6.408529e+00,5.579730e+00,7.593878e+00,6.331502e+00,7.046647e+00,5.834811e+00,5.968708e+00,6.448889e+00,6.830874e+00,6.047372e+00,6.876265e+00,6.265301e+00,4.912655e+00,5.886104e+00,6.163315e+00,6.598509e+00,7.105786e+00
6.558198e+00,6.124683e+00,6.366470e+00,5.669881e+00,7.578145e+00,6.359574e+00,7.059618e+00,5.541264e+00,6.118097e+00,6.453625e+00,6.624065e+00,5.826000e+00,6.874198e+00,6.366470e+00,4.990433e+00,5.888878e+00,6.579251e+00,6.598509e+00,7.056175e+00
6.539586e+00,6.236370e+00,6.194405e+00,5.945421e+00,7.569928e+00,6.386879e+00,7.059618e+00,5.017280e+00,6.297109e+00,6.453625e+00,6.617403e+00,5.843544e+00,6.791221e+00,6.386879e+00,5.081404e+00,6.120297e+00,6.624065e+00,6.648985e+00,7.056175e+00
6.473891e+00,6.364751e+00,6.188264e+00,5.950643e+00,7.570443e+00,6.386879e+00,7.059618e+00,5.010635e+00,6.291569e+00,6.484635e+00,6.632002e+00,5.323010e+00,6.733402e+00,6.395262e+00,5.043425e+00,6.369901e+00,6.624065e+00,6.648985e+00,7.047517e+00
6.378426e+00,6.461468e+00,6.188264e+00,5.950643e+00,7.570443e+00,6.386879e+00,7.059618e+00,5.010635e+00,6.289716e+00,6.470800e+00,6.613384e+00,5.323010e+00,6.712956e+00,6.429719e+00,4.727388e+00,6.424869e+00,6.624065e+00,6.648985e+00,7.064759e+00
6.263398e+00,6.579251e+00,6.186209e+00,5.953243e+00,7.569928e+00,6.388561e+00,7.059618e+00,5.010635e+00,6.289716e+00,6.432940e+00,6.629363e+00,5.323010e+00,6.749931e+00,6.458338e+00,4.644391e+00,6.424869e+00,6.617403e+00,6.648985e+00,7.090077e+00
6.289716e+00,6.597146e+00,6.186209e+00,5.953243e+00,7.540622e+00,6.478510e+00,6.990257e+00,5.429346e+00,6.289716e+00,6.440947e+00,6.612041e+00,5.476464e+00,6.692084e+00,6.439350e+00,4.672829e+00,6.458338e+00,6.617403e+00,6.648985e+00,7.074963e+00
6.297109e+00,6.610696e+00,6.186209e+00,5.966147e+00,7.415175e+00,6.771936e+00,6.962243e+00,5.552960e+00,6.289716e+00,6.444131e+00,6.390241e+00,5.480639e+00,6.726233e+00,6.398595e+00,4.672829e+00,6.461468e+00,6.617403e+00,6.648985e+00,7.066467e+00
6.455199e+00,6.545350e+00,6.272877e+00,5.973810e+00,7.205635e+00,7.079184e+00,6.961296e+00,5.505332e+00,6.313548e+00,6.444131e+00,5.849325e+00,5.480639e+00,6.726233e+00,6.419995e+00,4.672829e+00,6.476972e+00,6.617403e+00,6.645091e+00,6.939254e+00
6.455199e+00,6.415097e+00,6.265301e+00,6.177944e+00,7.074117e+00,7.210080e+00,6.882437e+00,5.786897e+00,6.313548e+00,6.444131e+00,5.446737e+00,5.411646e+00,6.755769e+00,6.421622e+00,4.574711e+00,6.495266e+00,6.617403e+00,6.302619e+00,6.891626e+00
6.455199e+00,6.336826e+00,6.159095e+00,6.246107e+00,7.074963e+00,7.256297e+00,6.882437e+00,5.786897e+00,6.313548e+00,6.444131e+00,5.433722e+00,5.463832e+00,6.755769e+00,6.418365e+00,4.290459e+00,6.508769e+00,6.617403e+00,5.556828e+00,6.857514e+00
6.455199e+00,6.202536e+00,6.284134e+00,6.259581e+00,7.037906e+00,7.275865e+00,6.898715e+00,5.786897e+00,6.298949e+00,6.410175e+00,5.433722e+00,5.455321e+00,6.822197e+00,6.467699e+00,4.290459e+00,6.508769e+00,6.562444e+00,4.948760e+00,6.836259e+00
6.369901e+00,6.302619e+00,6.284134e+00,6.259581e+00,6.639876e+00,7.475906e+00,6.951772e+00,5.786897e+00,6.298949e+00,6.408529e+00,5.429346e+00,5.384495e+00,6.813445e+00,6.610696e+00,4.644391e+00,6.508769e+00,6.562444e+00,4.753590e+00,6.852243e+00
6.278521e+00,6.403574e+00,6.284134e+00,6.240276e+00,6.526495e+00,7.492760e+00,7.009409e+00,5.786897e+00,6.265301e+00,6.476972e+00,5.429346e+00,5.384495e+00,6.727432e+00,6.598509e+00,4.644391e+00,6.532334e+00,6.376727e+00,4.418841e+00,6.853299e+00
6.159095e+00,6.526495e+00,6.284134e+00,6.238325e+00,6.436150e+00,7.524561e+00,7.011214e+00,5.572154e+00,6.375025e+00,6.796824e+00,5.176150e+00,5.384495e+00,6.674561e+00,6.526495e+00,4.644391e+00,6.532334e+00,6.376727e+00,4.727388e+00,6.827629e+00
6.023448e+00,6.612041e+00,6.284134e+00,6.238325e+00,6.028279e+00,7.616284e+00,7.038784e+00,5.572154e+00,6.375025e+00,6.695799e+00,5.062595e+00,5.433722e+00,6.674561e+00,6.637258e+00,5.117994e+00,6.532334e+00,6.434547e+00,4.770685e+00,6.851185e+00
5.981414e+00,6.634633e+00,6.224558e+00,6.297109e+00,5.755742e+00,7.663877e+00,7.038784e+00,5.572154e+00,6.308098e+00,6.684612e+00,5.043425e+00,5.433722e+00,6.598509e+00,6.665684e+00,5.356586e+00,6.523562e+00,6.442540e+00,4.770685e+00,6.968850e+00
5.996452e+00,6.634633e+00,6.126869e+00,6.380123e+00,5.690359e+00,7.643962e+00,7.090077e+00,5.463832e+00,6.327937e+00,6.793466e+00,5.159055e+00,5.433722e+00,6.566672e+00,6.668228e+00,5.416100e+00,6.516193e+00,6.437752e+00,4.770685e+00,7.028201e+00
6.135565e+00,6.613384e+00,6.082219e+00,6.450470e+00,5.613128e+00,7.643004e+00,6.947937e+00,5.929589e+00,6.401917e+00,6.752270e+00,5.159055e+00,5.402677e+00,6.566672e+00,6.669498e+00,5.416100e+00,6.516193e+00,6.458338e+00,4.770685e+00,7.019297e+00
6.070738e+00,6.612041e+00,6.148468e+00,6.415097e+00,5.680173e+00,7.644441e+00,6.835185e+00,6.186209e+00,6.403574e+00,6.591674e+00,5.159055e+00,5.402677e+00,6.535241e+00,6.666957e+00,5.416100e+00,6.516193e+00,6.458338e+00,4.770685e+00,6.873164e+00
6.037871e+00,6.561031e+00,6.251904e+00,6.415097e+00,5.680173e+00,7.644441e+00,6.828712e+00,6.196444e+00,6.405228e+00,6.661855e+00,5.159055e+00,5.402677e+00,6.535241e+00,6.825460e+00,5.424950e+00,6.516193e+00,6.458338e+00,4.770685e+00,6.873164e+00
5.942799e+00,6.542472e+00,6.308098e+00,6.442540e+00,5.673323e+00,7.604894e+00,6.875232e+00,6.280396e+00,6.405228e+00,6.700731e+00,5.159055e+00,5.402677e+00,6.594413e+00,6.836259e+00,5.424950e+00,6.493754e+00,6.442540e+00,4.770685e+00,6.906755e+00
5.978886e+00,6.539586e+00,6.242223e+00,6.499787e+00,5.673323e+00,7.604894e+00,6.875232e+00,6.280396e+00,6.405228e+00,6.700731e+00,5.159055e+00,5.429346e+00,6.594413e+00,6.903747e+00,5.645447e+00,6.486161e+00,6.442540e+00,4.962845e+00,6.944087e+00
6.236370e+00,6.538140e+00,6.144186e+00,6.522093e+00,5.638355e+00,7.619724e+00,6.822197e+00,6.393591e+00,6.300786e+00,6.703188e+00,5.159055e+00,5.480639e+00,6.594413e+00,6.899723e+00,5.857933e+00,6.326149e+00,6.442540e+00,5.017280e+00,7.205635e+00
6.318968e+00,6.538140e+00,6.144186e+00,6.514713e+00,5.541264e+00,7.634821e+00,6.816736e+00,6.401917e+00,6.298949e+00,6.700731e+00,5.159055e+00,5.480639e+00,6.594413e+00,6.890609e+00,5.872118e+00,6.122493e+00,6.442540e+00,4.948760e+00,7.319202e+00
6.651572e+00,6.536692e+00,6.146329e+00,6.453625e+00,5.631212e+00,7.609367e+00,6.864848e+00,6.439350e+00,6.274762e+00,6.703188e+00,5.068904e+00,5.480639e+00,6.594413e+00,6.890609e+00,5.902633e+00,6.137727e+00,6.442540e+00,5.017280e+00,7.355002e+00
6.668228e+00,6.536692e+00,6.135565e+00,6.378426e+00,5.799093e+00,7.586296e+00,6.883463e+00,6.483107e+00,6.210600e+00,6.830874e+00,5.062595e+00,5.480639e+00,6.584791e+00,6.825460e+00,5.902633e+00,6.079933e+00,6.442540e+00,5.442418e+00,7.315884e+00
6.668228e+00,6.536692e+00,6.122493e+00,6.366470e+00,5.837730e+00,7.583248e+00,6.888572e+00,6.484635e+00,6.175867e+00,6.831954e+00,5.062595e+00,5.480639e+00,6.551080e+00,6.817831e+00,5.902633e+00,6.079933e+00,6.442540e+00,5.564520e+00,7.139660e+00
6.668228e+00,6.536692e+00,6.079933e+00,6.376727e+00,5.872118e+00,7.583756e+00,6.431331e+00,6.922644e+00,6.133398e+00,6.882437e+00,5.062595e+00,5.480639e+00,6.411818e+00,6.799056e+00,5.874931e+00,6.142037e+00,6.445720e+00,5.575949e+00,7.145984e+00
6.642487e+00,6.565265e+00,6.073045e+00,6.383507e+00,5.739793e+00,7.570443e+00,6.499787e+00,6.948897e+00,5.899897e+00,6.948897e+00,5.030438e+00,5.480639e+00,6.526495e+00,6.749931e+00,5.880533e+00,6.196444e+00,6.489205e+00,5.758902e+00,7.145984e+00
6.635947e+00,6.565265e+00,6.084499e+00,6.380123e+00,5.686975e+00,7.578657e+00,6.350886e+00,7.037028e+00,5.897154e+00,6.948897e+00,4.700480e+00,5.480639e+00,6.520621e+00,6.625392e+00,5.880533e+00,6.222576e+00,5.971262e+00,5.758902e+00,7.171657e+00
6.664409e+00,6.562444e+00,6.054439e+00,6.408529e+00,5.579730e+00,7.593878e+00,6.331502e+00,7.046647e+00,5.834811e+00,7.020191e+00,4.624973e+00,5.416100e+00,6.577861e+00,6.625392e+00,5.880533e+00,6.218600e+00,5.921578e+00,5.686975e+00,7.171657e+00
6.670766e+00,6.558198e+00,6.124683e+00,6.366470e+00,5.669881e+00,7.578145e+00,6.359574e+00,7.059618e+00,5.541264e+00,7.023759e+00,4.624973e+00,5.030438e+00,6.573680e+00,6.548219e+00,5.849325e+00,6.216606e+00,4.852030e+00,5.843544e+00,7.239933e+00
6.650279e+00,6.539586e+00,6.236370e+00,6.194405e+00,5.945421e+00,7.569928e+00,6.386879e+00,7.059618e+00,5.017280e+00,7.023759e+00,4.624973e+00,4.718499e+00,6.573680e+00,6.530878e+00,5.758902e+00,6.008813e+00,4.997212e+00,5.789960e+00,7.351800e+00
6.650279e+00,6.473891e+00,6.364751e+00,6.188264e+00,5.950643e+00,7.570443e+00,6.386879e+00,7.059618e+00,5.010635e+00,7.005789e+00,4.418841e+00,4.663439e+00,6.573680e+00,6.523562e+00,5.736572e+00,5.690359e+00,5.062595e+00,5.799093e+00,7.351800e+00
6.650279e+00,6.378426e+00,6.461468e+00,6.188264e+00,5.950643e+00,7.570443e+00,6.386879e+00,7.059618e+00,5.010635e+00,7.007601e+00,4.418841e+00,4.700480e+00,6.573680e+00,6.583409e+00,5.736572e+00,5.572154e+00,5.062595e+00,5.799093e+00,7.340836e+00
6.629363e+00,6.263398e+00,6.579251e+00,6.186209e+00,5.953243e+00,7.569928e+00,6.388561e+00,7.059618e+00,5.010635e+00,7.015712e+00,4.584967e+00,4.700480e+00,6.613384e+00,6.525030e+00,5.736572e+00,5.602119e+00,5.062595e+00,5.799093e+00,7.360104e+00
6.594413e+00,6.289716e+00,6.597146e+00,6.186209e+00,5.953243e+00,7.540622e+00,6.478510e+00,6.990257e+00,5.429346e+00,7.126891e+00,5.273000e+00,4.290459e+00,6.648985e+00,6.520621e+00,5.707110e+00,5.521461e+00,5.062595e+00,5.799093e+00,7.470224e+00
6.568078e+00,6.297109e+00,6.610696e+00,6.186209e+00,5.966147e+00,7.415175e+00,6.771936e+00,6.962243e+00,5.552960e+00,7.233455e+00,5.488938e+00,4.276666e+00,6.566672e+00,6.541030e+00,5.707110e+00,5.590987e+00,5.062595e+00,5.828946e+00,7.470224e+00
6.428105e+00,6.455199e+00,6.545350e+00,6.272877e+00,5.973810e+00,7.205635e+00,7.079184e+00,6.961296e+00,5.505332e+00,7.260523e+00,5.393628e+00,4.382027e+00,6.532334e+00,6.522093e+00,5.707110e+00,5.641907e+00,5.062595e+00,5.814131e+00,7.470224e+00
6.428105e+00,6.455199e+00,6.415097e+00,6.265301e+00,6.177944e+00,7.074117e+00,7.210080e+00,6.882437e+00,5.786897e+00,7.260523e+00,5.433722e+00,4.110874e+00,6.562444e+00,6.520621e+00,5.707110e+00,5.648974e+00,5.062595e+00,5.814131e+00,7.470224e+00
6.428105e+00,6.455199e+00,6.336826e+00,6.159095e+00,6.246107e+00,7.074963e+00,7.256297e+00,6.882437e+00,5.786897e+00,7.260523e+00,5.433722e+00,3.891820e+00,6.587550e+00,6.520621e+00,5.752573e+00,5.616771e+00,6.059123e+00,5.814131e+00,7.470224e+00
6.529419e+00,6.455199e+00,6.202536e+00,6.284134e+00,6.259581e+00,7.037906e+00,7.275865e+00,6.898715e+00,5.786897e+00,7.279319e+00,5.433722e+00,3.970292e+00,6.502790e+00,6.396930e+00,5.765191e+00,5.799093e+00,6.154858e+00,5.814131e+00,7.470224e+00
6.529419e+00,6.369901e+00,6.302619e+00,6.284134e+00,6.259581e+00,6.639876e+00,7.475906e+00,6.951772e+00,5.786897e+00,7.325808e+00,5.433722e+00,5.075174e+00,6.501290e+00,6.212606e+00,5.662960e+00,5.799093e+00,6.154858e+00,5.814131e+00,7.411556e+00
6.519147e+00,6.278521e+00,6.403574e+00,6.284134e+00,6.240276e+00,6.526495e+00,7.492760e+00,7.009409e+00,5.786897e+00,7.296413e+00,5.433722e+00,5.209486e+00,6.501290e+00,6.131226e+00,5.662960e+00,5.690359e+00,6.154858e+00,5.814131e+00,7.287561e+00
6.493754e+00,6.159095e+00,6.526495e+00,6.284134e+00,6.238325e+00,6.436150e+00,7.524561e+00,7.011214e+00,5.572154e+00,7.099202e+00,5.424950e+00,5.209486e+00,6.501290e+00,6.259581e+00,5.662960e+00,5.690359e+00,6.165418e+00,5.720312e+00,7.261225e+00
6.496775e+00,6.023448e+00,6.612041e+00,6.284134e+00,6.238325e+00,6.028279e+00,7.616284e+00,7.038784e+00,5.572154e+00,7.000334e+00,6.056784e+00,5.147494e+00,6.501290e+00,6.115892e+00,5.416100e+00,5.690359e+00,6.089045e+00,5.703782e+00,7.245655e+00
6.504288e+00,5.981414e+00,6.634633e+00,6.224558e+00,6.297109e+00,5.755742e+00,7.663877e+00,7.038784e+00,5.572154e+00,6.974479e+00,6.248043e+00,5.176150e+00,6.501290e+00,6.177944e+00,5.283204e+00,5.690359e+00,6.077642e+00,5.703782e+00,7.157735e+00
6.541030e+00,5.996452e+00,6.634633e+00,6.126869e+00,6.380123e+00,5.690359e+00,7.643962e+00,7.090077e+00,5.463832e+00,6.842683e+00,6.246107e+00,5.332719e+00,6.499787e+00,6.167516e+00,5.620401e+00,5.690359e+00,6.077642e+00,5.703782e+00,7.105786e+00
6.439350e+00,6.135565e+00,6.613384e+00,6.082219e+00,6.450470e+00,5.613128e+00,7.643004e+00,6.947937e+00,5.929589e+00,6.734592e+00,6.248043e+00,5.332719e+00,6.499787e+00,6.280396e+00,5.697093e+00,5.690359e+00,6.047372e+00,5.720312e+00,7.105786e+00
6.439350e+00,6.070738e+00,6.612041e+00,6.148468e+00,6.415097e+00,5.680173e+00,7.644441e+00,6.835185e+00,6.186209e+00,6.732211e+00,6.375025e+00,5.332719e+00,6.499787e+00,6.226537e+00,5.777652e+00,5.752573e+00,6.047372e+00,5.899897e+00,7.195937e+00
6.514713e+00,6.037871e+00,6.561031e+00,6.251904e+00,6.415097e+00,5.680173e+00,7.644441e+00,6.828712e+00,6.196444e+00,6.666957e+00,6.424869e+00,5.332719e+00,6.499787e+00,5.916202e+00,5.771441e+00,5.758902e+00,6.047372e+00,6.075346e+00,7.243513e+00
6.523562e+00,5.942799e+00,6.542472e+00,6.308098e+00,6.442540e+00,5.673323e+00,7.604894e+00,6.875232e+00,6.280396e+00,6.626718e+00,6.458338e+00,5.332719e+00,6.434547e+00,5.888878e+00,5.814131e+00,6.329721e+00,6.047372e+00,6.075346e+00,7.293698e+00
6.511745e+00,5.978886e+00,6.539586e+00,6.242223e+00,6.499787e+00,5.673323e+00,7.604894e+00,6.875232e+00,6.280396e+00,6.620073e+00,6.481577e+00,5.303305e+00,6.434547e+00,5.693732e+00,6.398595e+00,6.329721e+00,6.047372e+00,6.028279e+00,7.305188e+00
6.388561e+00,6.236370e+00,6.538140e+00,6.144186e+00,6.522093e+00,5.638355e+00,7.619724e+00,6.822197e+00,6.393591e+00,6.616065e+00,6.481577e+00,5.241747e+00,6.434547e+00,5.693732e+00,6.813445e+00,6.327937e+00,6.047372e+00,6.008813e+00,7.069023e+00
6.311735e+00,6.318968e+00,6.538140e+00,6.144186e+00,6.514713e+00,5.541264e+00,7.634821e+00,6.816736e+00,6.401917e+00,6.616065e+00,6.481577e+00,5.241747e+00,6.434547e+00,5.796058e+00,6.825460e+00,6.313548e+00,6.070738e+00,6.008813e+00,6.915723e+00
5.805135e+00,6.651572e+00,6.536692e+00,6.146329e+00,6.453625e+00,5.631212e+00,7.609367e+00,6.864848e+00,6.439350e+00,6.612041e+00,6.519147e+00,5.247024e+00,6.434547e+00,5.796058e+00,6.821107e+00,6.293419e+00,6.137727e+00,5.983936e+00,6.859615e+00
5.765191e+00,6.668228e+00,6.536692e+00,6.135565e+00,6.378426e+00,5.799093e+00,7.586296e+00,6.883463e+00,6.483107e+00,6.447306e+00,6.565265e+00,5.356586e+00,6.481577e+00,5.796058e+00,6.821107e+00,6.154858e+00,6.154858e+00,5.758902e+00,6.859615e+00
5.789960e+00,6.668228e+00,6.536692e+00,6.122493e+00,6.366470e+00,5.837730e+00,7.583248e+00,6.888572e+00,6.484635e+00,6.445720e+00,6.565265e+00,5.796058e+00,6.629363e+00,5.796058e+00,6.821107e+00,6.154858e+00,6.161207e+00,5.659482e+00,6.859615e+00
5.908083e+00,6.668228e+00,6.536692e+00,6.079933e+00,6.376727e+00,5.872118e+00,7.583756e+00,6.431331e+00,6.922644e+00,6.366470e+00,6.744059e+00,6.063785e+00,6.692084e+00,5.891644e+00,6.863803e+00,6.093570e+00,6.150603e+00,5.648974e+00,6.835185e+00
5.910797e+00,6.642487e+00,6.565265e+00,6.073045e+00,6.383507e+00,5.739793e+00,7.570443e+00,6.499787e+00,6.948897e+00,6.244167e+00,6.746412e+00,6.204558e+00,6.431331e+00,5.910797e+00,6.861711e+00,6.033086e+00,6.089045e+00,5.442418e+00,6.835185e+00
5.905362e+00,6.635947e+00,6.565265e+00,6.084499e+00,6.380123e+00,5.686975e+00,7.578657e+00,6.350886e+00,7.037028e+00,6.244167e+00,6.831954e+00,6.204558e+00,6.253829e+00,6.139885e+00,6.950815e+00,6.001415e+00,6.068426e+00,5.442418e+00,6.799056e+00
5.837730e+00,6.664409e+00,6.562444e+00,6.054439e+00,6.408529e+00,5.579730e+00,7.593878e+00,6.331502e+00,7.046647e+00,6.079933e+00,6.960348e+00,6.210600e+00,6.161207e+00,6.357842e+00,6.952729e+00,6.001415e+00,6.068426e+00,5.442418e+00,6.799056e+00
5.739793e+00,6.670766e+00,6.558198e+00,6.124683e+00,6.366470e+00,5.669881e+00,7.578145e+00,6.359574e+00,7.059618e+00,6.063785e+00,6.960348e+00,6.269096e+00,6.159095e+00,6.368187e+00,6.952729e+00,6.001415e+00,6.068426e+00,5.198497e+00,6.668228e+00
5.655992e+00,6.650279e+00,6.539586e+00,6.236370e+00,6.194405e+00,5.945421e+00,7.569928e+00,6.386879e+00,7.059618e+00,6.063785e+00,6.960348e+00,6.274762e+00,6.159095e+00,6.548219e+00,6.947937e+00,6.001415e+00,5.937536e+00,5.081404e+00,6.378426e+00
5.560682e+00,6.650279e+00,6.473891e+00,6.364751e+00,6.188264e+00,5.950643e+00,7.570443e+00,6.386879e+00,7.059618e+00,6.063785e+00,6.960348e+00,6.259581e+00,6.159095e+00,6.576470e+00,6.947937e+00,5.955837e+00,5.910797e+00,5.062595e+00,6.378426e+00
5.560682e+00,6.650279e+00,6.378426e+00,6.461468e+00,6.188264e+00,5.950643e+00,7.570443e+00,6.386879e+00,7.059618e+00,6.104793e+00,6.960348e+00,6.342121e+00,6.232448e+00,6.484635e+00,6.947937e+00,6.001415e+00,5.910797e+00,5.062595e+00,6.373320e+00
5.560682e+00,6.629363e+00,6.263398e+00,6.579251e+00,6.186209e+00,5.953243e+00,7.569928e+00,6.388561e+00,7.059618e+00,6.118097e+00,6.934397e+00,6.463029e+00,6.107023e+00,6.510258e+00,7.029973e+00,6.322565e+00,5.910797e+00,5.062595e+00,6.265301e+00
5.556828e+00,6.594413e+00,6.289716e+00,6.597146e+00,6.186209e+00,5.953243e+00,7.540622e+00,6.478510e+00,6.990257e+00,5.910797e+00,6.835185e+00,6.569481e+00,6.042633e+00,6.513230e+00,7.084226e+00,6.322565e+00,5.910797e+00,5.062595e+00,5.837730e+00
5.680173e+00,6.568078e+00,6.297109e+00,6.610696e+00,6.186209e+00,5.966147e+00,7.415175e+00,6.771936e+00,6.962243e+00,6.131226e+00,6.783325e+00,6.569481e+00,6.082219e+00,6.492240e+00,7.135687e+00,6.285998e+00,5.910797e+00,4.997212e+00,5.837730e+00
5.680173e+00,6.428105e+00,6.455199e+00,6.545350e+00,6.272877e+00,5.973810e+00,7.205635e+00,7.079184e+00,6.961296e+00,6.063785e+00,6.770789e+00,6.558198e+00,6.152733e+00,6.492240e+00,7.135687e+00,6.380123e+00,5.910797e+00,4.997212e+00,5.837730e+00
5.755742e+00,6.428105e+00,6.455199e+00,6.415097e+00,6.265301e+00,6.177944e+00,7.074117e+00,7.210080e+00,6.882437e+00,6.066108e+00,6.758095e+00,6.558198e+00,6.104793e+00,6.492240e+00,7.165493e+00,6.356108e+00,5.910797e+00,4.997212e+00,5.852202e+00
5.755742e+00,6.428105e+00,6.455199e+00,6.336826e+00,6.159095e+00,6.246107e+00,7.074963e+00,7.256297e+00,6.882437e+00,6.315358e+00,6.758095e+00,6.558198e+00,6.107023e+00,6.492240e+00,7.154615e+00,6.381816e+00,4.595120e+00,4.997212e+00,5.852202e+00
5.521461e+00,6.529419e+00,6.455199e+00,6.202536e+00,6.284134e+00,6.259581e+00,7.037906e+00,7.275865e+00,6.898715e+00,6.265301e+00,6.758095e+00,6.733402e+00,6.156979e+00,6.492240e+00,7.151485e+00,6.291569e+00,4.025352e+00,4.997212e+00,5.852202e+00
5.652489e+00,6.529419e+00,6.369901e+00,6.302619e+00,6.284134e+00,6.259581e+00,6.639876e+00,7.475906e+00,6.951772e+00,6.240276e+00,6.758095e+00,6.618739e+00,6.238325e+00,6.677083e+00,7.218910e+00,6.295266e+00,4.025352e+00,5.746203e+00,5.852202e+00
5.981414e+00,6.519147e+00,6.278521e+00,6.403574e+00,6.284134e+00,6.240276e+00,6.526495e+00,7.492760e+00,7.009409e+00,6.240276e+00,6.758095e+00,6.587550e+00,6.313548e+00,6.715383e+00,7.237778e+00,6.329721e+00,4.025352e+00,6.126869e+00,6.196444e+00
6.093570e+00,6.493754e+00,6.159095e+00,6.526495e+00,6.284134e+00,6.238325e+00,6.436150e+00,7.524561e+00,7.011214e+00,6.240276e+00,6.756932e+00,6.587550e+00,6.395262e+00,6.830874e+00,7.237778e+00,6.383507e+00,3.931826e+00,6.226537e+00,6.206576e+00
6.188264e+00,6.496775e+00,6.023448e+00,6.612041e+00,6.284134e+00,6.238325e+00,6.028279e+00,7.616284e+00,7.038784e+00,6.238325e+00,6.487684e+00,6.587550e+00,6.413459e+00,6.843750e+00,7.237778e+00,6.517671e+00,3.931826e+00,6.255750e+00,6.295266e+00
6.190315e+00,6.504288e+00,5.981414e+00,6.634633e+00,6.224558e+00,6.297109e+00,5.755742e+00,7.663877e+00,7.038784e+00,6.238325e+00,6.322565e+00,6.580639e+00,6.413459e+00,6.800170e+00,7.225481e+00,6.527958e+00,4.955827e+00,6.311735e+00,6.380123e+00
6.248043e+00,6.541030e+00,5.996452e+00,6.634633e+00,6.126869e+00,6.380123e+00,5.690359e+00,7.643962e+00,7.090077e+00,6.429719e+00,6.594413e+00,6.538140e+00,6.469250e+00,6.802395e+00,7.155396e+00,6.527958e+00,5.337538e+00,6.580639e+00,6.464588e+00
6.291569e+00,6.439350e+00,6.135565e+00,6.613384e+00,6.082219e+00,6.450470e+00,5.613128e+00,7.643004e+00,6.947937e+00,6.429719e+00,6.763885e+00,6.538140e+00,6.469250e+00,6.733402e+00,7.138073e+00,6.546785e+00,5.429346e+00,6.670766e+00,6.502790e+00
6.291569e+00,6.439350e+00,6.070738e+00,6.612041e+00,6.148468e+00,6.415097e+00,5.680173e+00,7.644441e+00,6.835185e+00,6.442540e+00,6.679599e+00,6.538140e+00,6.469250e+00,6.733402e+00,7.118016e+00,6.568078e+00,5.501258e+00,6.641182e+00,6.340359e+00
6.196444e+00,6.514713e+00,6.037871e+00,6.561031e+00,6.251904e+00,6.415097e+00,5.680173e+00,7.644441e+00,6.828712e+00,6.442540e+00,6.641182e+00,6.538140e+00,6.470800e+00,6.755769e+00,7.164720e+00,6.584791e+00,5.771441e+00,6.545350e+00,6.282267e+00
6.184149e+00,6.523562e+00,5.942799e+00,6.542472e+00,6.308098e+00,6.442540e+00,5.673323e+00,7.604894e+00,6.875232e+00,6.467699e+00,6.785588e+00,6.538140e+00,6.470800e+00,6.761573e+00,7.156177e+00,6.173786e+00,5.771441e+00,6.545350e+00,6.063785e+00
6.198479e+00,6.511745e+00,5.978886e+00,6.539586e+00,6.242223e+00,6.499787e+00,5.673323e+00,7.604894e+00,6.875232e+00,6.516193e+00,6.768493e+00,6.538140e+00,6.489205e+00,6.760415e+00,6.893656e+00,6.255750e+00,5.771441e+00,6.538140e+00,5.926926e+00
6.711740e+00,6.388561e+00,6.236370e+00,6.538140e+00,6.144186e+00,6.522093e+00,5.638355e+00,7.619724e+00,6.822197e+00,6.522093e+00,6.981935e+00,6.538140e+00,6.535241e+00,6.753438e+00,6.429719e+00,6.255750e+00,5.817111e+00,6.538140e+00,5.926926e+00
6.711740e+00,6.311735e+00,6.318968e+00,6.538140e+00,6.144186e+00,6.514713e+00,5.541264e+00,7.634821e+00,6.816736e+00,6.595781e+00,7.017506e+00,6.538140e+00,6.535241e+00,6.690842e+00,6.458338e+00,6.255750e+00,5.831882e+00,6.538140e+00,5.918894e+00
6.711740e+00,5.805135e+00,6.651572e+00,6.536692e+00,6.146329e+00,6.453625e+00,5.631212e+00,7.609367e+00,6.864848e+00,6.628041e+00,6.993933e+00,6.536692e+00,6.558198e+00,6.690842e+00,6.470800e+00,6.255750e+00,5.752573e+00,6.538140e+00,5.918894e+00
6.711740e+00,5.765191e+00,6.668228e+00,6.536692e+00,6.135565e+00,6.378426e+00,5.799093e+00,7.586296e+00,6.883463e+00,6.647688e+00,6.995766e+00,6.504288e+00,6.475433e+00,6.690842e+00,6.495266e+00,6.255750e+00,5.726848e+00,6.538140e+00,5.918894e+00
6.701960e+00,5.789960e+00,6.668228e+00,6.536692e+00,6.122493e+00,6.366470e+00,5.837730e+00,7.583248e+00,6.888572e+00,6.652863e+00,7.177782e+00,6.311735e+00,6.357842e+00,6.690842e+00,6.505784e+00,6.255750e+00,5.883322e+00,6.538140e+00,5.918894e+00
6.650279e+00,5.908083e+00,6.668228e+00,6.536692e+00,6.079933e+00,6.376727e+00,5.872118e+00,7.583756e+00,6.431331e+00,6.654153e+00,7.065613e+00,6.109248e+00,6.230481e+00,6.648985e+00,6.444131e+00,6.255750e+00,5.902633e+00,6.580639e+00,5.918894e+00
6.646391e+00,5.910797e+00,6.642487e+00,6.565265e+00,6.073045e+00,6.383507e+00,5.739793e+00,7.570443e+00,6.499787e+00,6.654153e+00,7.071573e+00,5.953243e+00,6.226537e+00,6.639876e+00,6.444131e+00,6.255750e+00,5.929589e+00,6.618739e+00,5.918894e+00
6.658011e+00,5.905362e+00,6.635947e+00,6.565265e+00,6.084499e+00,6.380123e+00,5.686975e+00,7.578657e+00,6.350886e+00,6.654153e+00,7.042286e+00,6.173786e+00,6.226537e+00,6.507278e+00,6.291569e+00,6.320768e+00,6.184149e+00,6.638568e+00,5.918894e+00
6.700731e+00,5.837730e+00,6.664409e+00,6.562444e+00,6.054439e+00,6.408529e+00,5.579730e+00,7.593878e+00,6.331502e+00,6.654153e+00,7.001246e+00,6.182085e+00,6.278521e+00,6.322565e+00,6.517671e+00,6.363028e+00,6.186209e+00,6.645091e+00,5.918894e+00
6.699500e+00,5.739793e+00,6.670766e+00,6.558198e+00,6.124683e+00,6.366470e+00,5.669881e+00,7.578145e+00,6.359574e+00,6.654153e+00,7.073270e+00,6.139885e+00,6.278521e+00,6.311735e+00,6.517671e+00,6.363028e+00,6.287859e+00,6.683361e+00,6.629363e+00
6.699500e+00,5.655992e+00,6.650279e+00,6.539586e+00,6.236370e+00,6.194405e+00,5.945421e+00,7.569928e+00,6.386879e+00,6.654153e+00,7.251345e+00,6.133398e+00,6.278521e+00,6.077642e+00,6.517671e+00,6.723832e+00,6.287859e+00,6.705639e+00,6.699500e+00
6.699500e+00,5.560682e+00,6.650279e+00,6.473891e+00,6.364751e+00,6.188264e+00,5.950643e+00,7.570443e+00,6.386879e+00,6.654153e+00,7.323831e+00,6.144186e+00,6.278521e+00,6.030685e+00,6.517671e+00,7.100852e+00,6.336826e+00,6.705639e+00,6.699500e+00
6.699500e+00,5.560682e+00,6.650279e+00,6.378426e+00,6.461468e+00,6.188264e+00,5.950643e+00,7.570443e+00,6.386879e+00,6.638568e+00,7.381502e+00,6.033086e+00,6.208590e+00,6.030685e+00,6.517671e+00,7.162397e+00,6.343880e+00,6.705639e+00,6.699500e+00
6.835185e+00,5.560682e+00,6.629363e+00,6.263398e+00,6.579251e+00,6.186209e+00,5.953243e+00,7.569928e+00,6.388561e+00,6.618739e+00,7.465655e+00,5.840642e+00,6.208590e+00,5.968708e+00,6.376727e+00,7.029088e+00,6.375025e+00,6.705639e+00,6.705639e+00
6.931472e+00,5.556828e+00,6.594413e+00,6.289716e+00,6.597146e+00,6.186209e+00,5.953243e+00,7.540622e+00,6.478510e+00,6.573680e+00,7.519150e+00,5.605802e+00,6.188264e+00,5.961005e+00,6.276643e+00,7.029088e+00,6.452049e+00,6.765039e+00,6.793466e+00
6.898715e+00,5.680173e+00,6.568078e+00,6.297109e+00,6.610696e+00,6.186209e+00,5.966147e+00,7.415175e+00,6.771936e+00,6.184149e+00,7.519150e+00,5.609472e+00,6.152733e+00,5.961005e+00,6.150603e+00,7.029088e+00,6.452049e+00,6.765039e+00,6.793466e+00
6.923629e+00,5.680173e+00,6.428105e+00,6.455199e+00,6.545350e+00,6.272877e+00,5.973810e+00,7.205635e+00,7.079184e+00,6.167516e+00,7.534228e+00,5.655992e+00,6.082219e+00,5.961005e+00,6.150603e+00,6.958448e+00,6.452049e+00,6.975414e+00,6.842683e+00
6.959399e+00,5.755742e+00,6.428105e+00,6.455199e+00,6.415097e+00,6.265301e+00,6.177944e+00,7.074117e+00,7.210080e+00,6.242223e+00,7.555382e+00,5.686975e+00,6.011267e+00,5.961005e+00,6.066108e+00,6.958448e+00,6.452049e+00,7.176255e+00,6.851185e+00
6.959399e+00,5.755742e+00,6.428105e+00,6.455199e+00,6.336826e+00,6.159095e+00,6.246107e+00,7.074963e+00,7.256297e+00,6.016157e+00,7.560601e+00,5.755742e+00,5.963579e+00,5.961005e+00,6.066108e+00,6.954639e+00,6.452049e+00,7.223296e+00,6.907755e+00
6.959399e+00,5.521461e+00,6.529419e+00,6.455199e+00,6.202536e+00,6.284134e+00,6.259581e+00,7.037906e+00,7.275865e+00,6.016157e+00,7.595387e+00,5.525453e+00,5.991465e+00,5.961005e+00,6.066108e+00,6.977281e+00,6.452049e+00,7.223296e+00,6.935370e+00
6.925595e+00,5.652489e+00,6.529419e+00,6.369901e+00,6.302619e+00,6.284134e+00,6.259581e+00,6.639876e+00,7.475906e+00,5.869297e+00,7.629976e+00,5.521461e+00,5.950643e+00,5.537334e+00,5.834811e+00,6.975414e+00,6.452049e+00,7.188413e+00,6.935370e+00
6.810142e+00,5.981414e+00,6.519147e+00,6.278521e+00,6.403574e+00,6.284134e+00,6.240276e+00,6.526495e+00,7.492760e+00,5.869297e+00,7.746733e+00,5.686975e+00,5.883322e+00,5.407172e+00,5.755742e+00,6.994850e+00,6.452049e+00,7.072422e+00,6.964136e+00
6.754604e+00,6.093570e+00,6.493754e+00,6.159095e+00,6.526495e+00,6.284134e+00,6.238325e+00,6.436150e+00,7.524561e+00,5.869297e+00,7.748029e+00,5.902633e+00,5.743003e+00,4.077537e+00,5.768321e+00,7.074963e+00,6.452049e+00,7.234177e+00,6.999422e+00
6.929517e+00,6.188264e+00,6.496775e+00,6.023448e+00,6.612041e+00,6.284134e+00,6.238325e+00,6.028279e+00,7.616284e+00,5.869297e+00,7.750184e+00,5.948035e+00,5.707110e+00,3.610918e+00,5.768321e+00,7.082549e+00,6.458338e+00,7.234177e+00,6.956545e+00
6.967909e+00,6.190315e+00,6.504288e+00,5.981414e+00,6.634633e+00,6.224558e+00,6.297109e+00,5.755742e+00,7.663877e+00,6.016157e+00,7.754053e+00,5.978886e+00,5.707110e+00,4.174387e+00,5.768321e+00,7.076654e+00,6.304449e+00,7.277248e+00,6.909753e+00
6.910751e+00,6.248043e+00,6.541030e+00,5.996452e+00,6.634633e+00,6.126869e+00,6.380123e+00,5.690359e+00,7.643962e+00,5.707110e+00,7.668094e+00,5.978886e+00,5.583496e+00,4.564348e+00,5.768321e+00,7.076654e+00,6.175867e+00,7.152269e+00,7.037028e+00
6.887553e+00,6.291569e+00,6.439350e+00,6.135565e+00,6.613384e+00,6.082219e+00,6.450470e+00,5.613128e+00,7.643004e+00,5.749393e+00,7.602401e+00,6.037871e+00,5.583496e+00,4.574711e+00,5.768321e+00,7.065613e+00,6.133398e+00,7.130099e+00,7.047517e+00
6.887553e+00,6.291569e+00,6.439350e+00,6.070738e+00,6.612041e+00,6.148468e+00,6.415097e+00,5.680173e+00,7.644441e+00,5.826000e+00,7.602401e+00,6.054439e+00,5.583496e+00,4.574711e+00,5.942799e+00,7.137278e+00,6.095825e+00,7.104144e+00,7.034388e+00
6.887553e+00,6.196444e+00,6.514713e+00,6.037871e+00,6.561031e+00,6.251904e+00,6.415097e+00,5.680173e+00,7.644441e+00,5.874931e+00,7.602401e+00,6.054439e+00,5.605802e+00,4.356709e+00,5.774552e+00,7.145196e+00,5.908083e+00,7.104144e+00,7.004882e+00
7.081709e+00,6.184149e+00,6.523562e+00,5.942799e+00,6.542472e+00,6.308098e+00,6.442540e+00,5.673323e+00,7.604894e+00,5.886104e+00,7.532624e+00,6.054439e+00,5.609472e+00,4.290459e+00,5.924256e+00,7.228388e+00,5.908083e+00,7.104144e+00,7.004882e+00
7.070724e+00,6.198479e+00,6.511745e+00,5.978886e+00,6.539586e+00,6.242223e+00,6.499787e+00,5.673323e+00,7.604894e+00,6.049733e+00,7.532624e+00,6.054439e+00,5.564520e+00,4.290459e+00,5.860786e+00,7.198184e+00,6.171701e+00,7.104144e+00,7.004882e+00
6.695799e+00,6.711740e+00,6.388561e+00,6.236370e+00,6.538140e+00,6.144186e+00,6.522093e+00,5.638355e+00,7.619724e+00,6.042633e+00,7.476472e+00,6.054439e+00,5.438079e+00,4.317488e+00,6.293419e+00,7.199678e+00,6.180017e+00,7.104144e+00,7.004882e+00
6.714171e+00,6.711740e+00,6.311735e+00,6.318968e+00,6.538140e+00,6.144186e+00,6.514713e+00,5.541264e+00,7.634821e+00,5.968708e+00,7.454141e+00,6.054439e+00,5.590987e+00,4.317488e+00,6.238325e+00,7.199678e+00,6.148468e+00,7.104144e+00,7.004882e+00
6.714171e+00,6.711740e+00,5.805135e+00,6.651572e+00,6.536692e+00,6.146329e+00,6.453625e+00,5.631212e+00,7.609367e+00,6.118097e+00,7.454141e+00,6.054439e+00,5.529429e+00,4.317488e+00,6.234411e+00,7.203406e+00,6.139885e+00,7.104144e+00,7.004882e+00
6.714171e+00,6.711740e+00,5.765191e+00,6.668228e+00,6.536692e+00,6.135565e+00,6.378426e+00,5.799093e+00,7.586296e+00,6.297109e+00,7.507141e+00,6.054439e+00,5.529429e+00,4.317488e+00,6.202536e+00,7.206377e+00,6.139885e+00,7.104144e+00,7.004882e+00
6.714171e+00,6.701960e+00,5.789960e+00,6.668228e+00,6.536692e+00,6.122493e+00,6.366470e+00,5.837730e+00,7.583248e+00,6.291569e+00,7.395108e+00,6.054439e+00,5.379897e+00,4.317488e+00,6.190315e+00,7.207119e+00,6.059123e+00,7.104144e+00,7.004882e+00
6.714171e+00,6.650279e+00,5.908083e+00,6.668228e+00,6.536692e+00,6.079933e+00,6.376727e+00,5.872118e+00,7.583756e+00,6.289716e+00,7.425954e+00,6.054439e+00,5.062595e+00,4.343805e+00,6.461468e+00,7.207119e+00,6.042633e+00,7.079184e+00,7.004882e+00
6.714171e+00,6.646391e+00,5.910797e+00,6.642487e+00,6.565265e+00,6.073045e+00,6.383507e+00,5.739793e+00,7.570443e+00,6.289716e+00,7.438972e+00,6.054439e+00,5.062595e+00,4.343805e+00,6.525030e+00,7.207119e+00,6.018593e+00,7.055313e+00,7.004882e+00
6.716595e+00,6.658011e+00,5.905362e+00,6.635947e+00,6.565265e+00,6.084499e+00,6.380123e+00,5.686975e+00,7.578657e+00,6.289716e+00,7.413970e+00,5.802118e+00,5.062595e+00,4.343805e+00,6.561031e+00,7.203406e+00,5.710427e+00,7.042286e+00,7.004882e+00
6.674561e+00,6.700731e+00,5.837730e+00,6.664409e+00,6.562444e+00,6.054439e+00,6.408529e+00,5.579730e+00,7.593878e+00,6.289716e+00,7.363914e+00,5.780744e+00,5.342334e+00,4.343805e+00,6.342121e+00,7.185387e+00,5.707110e+00,7.030857e+00,7.126891e+00
6.674561e+00,6.699500e+00,5.739793e+00,6.670766e+00,6.558198e+00,6.124683e+00,6.366470e+00,5.669881e+00,7.578145e+00,6.313548e+00,7.310550e+00,5.894403e+00,5.342334e+00,4.343805e+00,6.342121e+00,7.185387e+00,5.517453e+00,7.003974e+00,6.874198e+00
6.674561e+00,6.699500e+00,5.655992e+00,6.650279e+00,6.539586e+00,6.236370e+00,6.194405e+00,5.945421e+00,7.569928e+00,6.313548e+00,7.156956e+00,5.897154e+00,5.342334e+00,4.882802e+00,6.342121e+00,7.029088e+00,5.525453e+00,6.987490e+00,6.815640e+00
6.674561e+00,6.699500e+00,5.560682e+00,6.650279e+00,6.473891e+00,6.364751e+00,6.188264e+00,5.950643e+00,7.570443e+00,6.313548e+00,7.080868e+00,5.883322e+00,5.342334e+00,4.882802e+00,6.410175e+00,6.617403e+00,5.918894e+00,6.987490e+00,6.815640e+00
6.674561e+00,6.699500e+00,5.560682e+00,6.650279e+00,6.378426e+00,6.461468e+00,6.188264e+00,5.950643e+00,7.570443e+00,6.298949e+00,7.002156e+00,5.883322e+00,5.680173e+00,4.882802e+00,6.439350e+00,6.481577e+00,6.107023e+00,6.987490e+00,6.815640e+00
6.513230e+00,6.835185e+00,5.560682e+00,6.629363e+00,6.263398e+00,6.579251e+00,6.186209e+00,5.953243e+00,7.569928e+00,6.298949e+00,6.865891e+00,5.883322e+00,5.857933e+00,4.882802e+00,6.637258e+00,6.481577e+00,6.068426e+00,6.987490e+00,6.810142e+00
6.363028e+00,6.931472e+00,5.556828e+00,6.594413e+00,6.289716e+00,6.597146e+00,6.186209e+00,5.953243e+00,7.540622e+00,6.265301e+00,6.760415e+00,5.883322e+00,5.880533e+00,4.955827e+00,6.802395e+00,6.481577e+00,5.953243e+00,6.940222e+00,6.723832e+00
6.361302e+00,6.898715e+00,5.680173e+00,6.568078e+00,6.297109e+00,6.610696e+00,6.186209e+00,5.966147e+00,7.415175e+00,6.375025e+00,6.760415e+00,5.897154e+00,5.880533e+00,4.955827e+00,6.802395e+00,6.481577e+00,5.953243e+00,7.095064e+00,6.723832e+00
6.317165e+00,6.923629e+00,5.680173e+00,6.428105e+00,6.455199e+00,6.545350e+00,6.272877e+00,5.973810e+00,7.205635e+00,6.375025e+00,6.742881e+00,5.860786e+00,5.880533e+00,5.220356e+00,7.013915e+00,6.481577e+00,6.416732e+00,6.910751e+00,6.705639e+00
6.202536e+00,6.959399e+00,5.755742e+00,6.428105e+00,6.455199e+00,6.415097e+00,6.265301e+00,6.177944e+00,7.074117e+00,6.308098e+00,6.763885e+00,5.834811e+00,5.880533e+00,5.620401e+00,7.037906e+00,6.496775e+00,6.416732e+00,6.639876e+00,6.689599e+00
6.202536e+00,6.959399e+00,5.755742e+00,6.428105e+00,6.455199e+00,6.336826e+00,6.159095e+00,6.246107e+00,7.074963e+00,6.327937e+00,6.763885e+00,5.771441e+00,5.880533e+00,5.863631e+00,7.037906e+00,6.693324e+00,6.416732e+00,6.553933e+00,6.677083e+00
6.202536e+00,6.959399e+00,5.521461e+00,6.529419e+00,6.455199e+00,6.202536e+00,6.284134e+00,6.259581e+00,7.037906e+00,6.401917e+00,6.768493e+00,5.509388e+00,5.780744e+00,5.863631e+00,7.037906e+00,6.658011e+00,6.416732e+00,6.553933e+00,6.645091e+00
6.234411e+00,6.925595e+00,5.652489e+00,6.529419e+00,6.369901e+00,6.302619e+00,6.284134e+00,6.259581e+00,6.639876e+00,6.403574e+00,6.685861e+00,5.446737e+00,5.703782e+00,5.863631e+00,7.037906e+00,6.658011e+00,6.416732e+00,6.369901e+00,6.645091e+00
6.259581e+00,6.810142e+00,5.981414e+00,6.519147e+00,6.278521e+00,6.403574e+00,6.284134e+00,6.240276e+00,6.526495e+00,6.405228e+00,6.302619e+00,5.231109e+00,5.652489e+00,5.863631e+00,7.037906e+00,6.605298e+00,6.416732e+00,6.369901e+00,6.390241e+00
6.329721e+00,6.754604e+00,6.093570e+00,6.493754e+00,6.159095e+00,6.526495e+00,6.284134e+00,6.238325e+00,6.436150e+00,6.405228e+00,6.297109e+00,4.753590e+00,5.652489e+00,5.863631e+00,7.034388e+00,6.424869e+00,6.416732e+00,5.796058e+00,6.315358e+00
5.869297e+00,6.929517e+00,6.188264e+00,6.496775e+00,6.023448e+00,6.612041e+00,6.284134e+00,6.238325e+00,6.028279e+00,6.405228e+00,6.287859e+00,4.875197e+00,5.652489e+00,5.863631e+00,7.034388e+00,6.259581e+00,6.410175e+00,5.749393e+00,6.450470e+00
5.777652e+00,6.967909e+00,6.190315e+00,6.504288e+00,5.981414e+00,6.634633e+00,6.224558e+00,6.297109e+00,5.755742e+00,6.300786e+00,6.270988e+00,4.859812e+00,5.945421e+00,6.006353e+00,7.034388e+00,6.259581e+00,6.423247e+00,5.407172e+00,6.545350e+00
5.805135e+00,6.910751e+00,6.248043e+00,6.541030e+00,5.996452e+00,6.634633e+00,6.126869e+00,6.380123e+00,5.690359e+00,6.298949e+00,6.270988e+00,4.859812e+00,6.093570e+00,5.978886e+00,7.034388e+00,6.259581e+00,6.590301e+00,5.407172e+00,6.507278e+00
5.971262e+00,6.887553e+00,6.291569e+00,6.439350e+00,6.135565e+00,6.613384e+00,6.082219e+00,6.450470e+00,5.613128e+00,6.274762e+00,6.270988e+00,4.653960e+00,6.093570e+00,5.976351e+00,7.081709e+00,6.263398e+00,6.590301e+00,5.181784e+00,6.450470e+00
5.991465e+00,6.887553e+00,6.291569e+00,6.439350e+00,6.070738e+00,6.612041e+00,6.148468e+00,6.415097e+00,5.680173e+00,6.210600e+00,6.270988e+00,5.393628e+00,6.093570e+00,6.230481e+00,7.038784e+00,6.139885e+00,6.590301e+00,5.153292e+00,6.489205e+00
5.991465e+00,6.887553e+00,6.196444e+00,6.514713e+00,6.037871e+00,6.561031e+00,6.251904e+00,6.415097e+00,5.680173e+00,6.175867e+00,6.270988e+00,5.552960e+00,6.077642e+00,6.343880e+00,7.038784e+00,6.502790e+00,6.590301e+00,5.153292e+00,6.501290e+00
5.247024e+00,7.081709e+00,6.184149e+00,6.523562e+00,5.942799e+00,6.542472e+00,6.308098e+00,6.442540e+00,5.673323e+00,6.133398e+00,6.261492e+00,5.894403e+00,6.077642e+00,6.448889e+00,6.990257e+00,6.350886e+00,6.590301e+00,5.153292e+00,6.516193e+00
5.247024e+00,7.070724e+00,6.198479e+00,6.511745e+00,5.978886e+00,6.539586e+00,6.242223e+00,6.499787e+00,5.673323e+00,5.899897e+00,6.261492e+00,6.082219e+00,6.077642e+00,6.448889e+00,6.987490e+00,6.458338e+00,6.424869e+00,5.170484e+00,6.516193e+00
5.579730e+00,6.695799e+00,6.711740e+00,6.388561e+00,6.236370e+00,6.538140e+00,6.144186e+00,6.522093e+00,5.638355e+00,5.897154e+00,6.037871e+00,6.082219e+00,6.077642e+00,6.445720e+00,6.861711e+00,6.674561e+00,6.393591e+00,5.817111e+00,6.516193e+00
5.537334e+00,6.714171e+00,6.711740e+00,6.311735e+00,6.318968e+00,6.538140e+00,6.144186e+00,6.514713e+00,5.541264e+00,5.834811e+00,6.037871e+00,6.082219e+00,5.986452e+00,6.445720e+00,6.935370e+00,6.674561e+00,6.393591e+00,5.817111e+00,6.516193e+00
5.786897e+00,6.714171e+00,6.711740e+00,5.805135e+00,6.651572e+00,6.536692e+00,6.146329e+00,6.453625e+00,5.631212e+00,5.541264e+00,6.037871e+00,6.082219e+00,5.986452e+00,6.445720e+00,6.922644e+00,6.668228e+00,6.393591e+00,6.306275e+00,6.763885e+00
5.786897e+00,6.714171e+00,6.711740e+00,5.765191e+00,6.668228e+00,6.536692e+00,6.135565e+00,6.378426e+00,5.799093e+00,5.017280e+00,5.676754e+00,6.082219e+00,5.955837e+00,6.472346e+00,6.922644e+00,6.663133e+00,6.393591e+00,6.350886e+00,6.766192e+00
5.950643e+00,6.714171e+00,6.701960e+00,5.789960e+00,6.668228e+00,6.536692e+00,6.122493e+00,6.366470e+00,5.837730e+00,5.010635e+00,5.662960e+00,6.082219e+00,5.955837e+00,6.472346e+00,6.921658e+00,6.670766e+00,6.361302e+00,6.434547e+00,6.766192e+00
5.950643e+00,6.714171e+00,6.650279e+00,5.908083e+00,6.668228e+00,6.536692e+00,6.079933e+00,6.376727e+00,5.872118e+00,5.010635e+00,5.468060e+00,6.082219e+00,5.955837e+00,6.747587e+00,6.759255e+00,6.744059e+00,6.361302e+00,6.434547e+00,6.766192e+00
5.950643e+00,6.714171e+00,6.646391e+00,5.910797e+00,6.642487e+00,6.565265e+00,6.073045e+00,6.383507e+00,5.739793e+00,5.010635e+00,5.327876e+00,6.326149e+00,5.955837e+00,6.748760e+00,6.709304e+00,6.778785e+00,6.361302e+00,6.478510e+00,6.766192e+00
5.921578e+00,6.716595e+00,6.658011e+00,5.905362e+00,6.635947e+00,6.565265e+00,6.084499e+00,6.380123e+00,5.686975e+00,5.429346e+00,5.327876e+00,6.406880e+00,5.955837e+00,6.748760e+00,6.678342e+00,6.744059e+00,6.361302e+00,6.511745e+00,6.766192e+00
5.921578e+00,6.674561e+00,6.700731e+00,5.837730e+00,6.664409e+00,6.562444e+00,6.054439e+00,6.408529e+00,5.579730e+00,5.552960e+00,5.327876e+00,6.408529e+00,5.968708e+00,6.748760e+00,6.678342e+00,6.760415e+00,6.390241e+00,6.511745e+00,6.586172e+00
5.921578e+00,6.674561e+00,6.699500e+00,5.739793e+00,6.670766e+00,6.558198e+00,6.124683e+00,6.366470e+00,5.669881e+00,5.505332e+00,5.332719e+00,6.342121e+00,6.156979e+00,6.761573e+00,6.679599e+00,6.805723e+00,6.390241e+00,6.511745e+00,6.426488e+00
5.921578e+00,6.674561e+00,6.699500e+00,5.655992e+00,6.650279e+00,6.539586e+00,6.236370e+00,6.194405e+00,5.945421e+00,5.786897e+00,5.247024e+00,6.432940e+00,6.289716e+00,6.695799e+00,6.679599e+00,6.740519e+00,6.386879e+00,6.511745e+00,6.426488e+00
6.006353e+00,6.674561e+00,6.699500e+00,5.560682e+00,6.650279e+00,6.473891e+00,6.364751e+00,6.188264e+00,5.950643e+00,5.786897e+00,5.181784e+00,6.432940e+00,6.289716e+00,6.721426e+00,6.628041e+00,6.740519e+00,6.100319e+00,6.523562e+00,6.533789e+00
6.593045e+00,6.674561e+00,6.699500e+00,5.560682e+00,6.650279e+00,6.378426e+00,6.461468e+00,6.188264e+00,5.950643e+00,5.786897e+00,5.463832e+00,6.492240e+00,6.120297e+00,6.723832e+00,6.603944e+00,6.740519e+00,5.899897e+00,6.523562e+00,6.548219e+00
6.594413e+00,6.513230e+00,6.835185e+00,5.560682e+00,6.629363e+00,6.263398e+00,6.579251e+00,6.186209e+00,5.953243e+00,5.786897e+00,5.572154e+00,6.637258e+00,6.086775e+00,6.725034e+00,6.398595e+00,6.740519e+00,5.897154e+00,6.556778e+00,6.573680e+00
6.594413e+00,6.363028e+00,6.931472e+00,5.556828e+00,6.594413e+00,6.289716e+00,6.597146e+00,6.186209e+00,5.953243e+00,5.786897e+00,5.993961e+00,6.689599e+00,6.084499e+00,6.720220e+00,6.124683e+00,6.740519e+00,5.897154e+00,6.556778e+00,6.573680e+00
6.594413e+00,6.361302e+00,6.898715e+00,5.680173e+00,6.568078e+00,6.297109e+00,6.610696e+00,6.186209e+00,5.966147e+00,5.572154e+00,6.030685e+00,6.740519e+00,6.161207e+00,6.720220e+00,6.124683e+00,6.820016e+00,5.897154e+00,6.274762e+00,6.573680e+00
6.594413e+00,6.317165e+00,6.923629e+00,5.680173e+00,6.428105e+00,6.455199e+00,6.545350e+00,6.272877e+00,5.973810e+00,5.572154e+00,6.159095e+00,6.802395e+00,6.161207e+00,6.666957e+00,5.501258e+00,6.825460e+00,4.919981e+00,6.352629e+00,6.530878e+00
6.594413e+00,6.202536e+00,6.959399e+00,5.755742e+00,6.428105e+00,6.455199e+00,6.415097e+00,6.265301e+00,6.177944e+00,5.572154e+00,6.030685e+00,6.804615e+00,6.161207e+00,6.543912e+00,5.384495e+00,6.955593e+00,4.919981e+00,7.103322e+00,6.530878e+00
6.594413e+00,6.202536e+00,6.959399e+00,5.755742e+00,6.428105e+00,6.455199e+00,6.336826e+00,6.159095e+00,6.246107e+00,5.463832e+00,6.486161e+00,6.804615e+00,6.161207e+00,6.428105e+00,5.384495e+00,6.858565e+00,4.948760e+00,7.105786e+00,6.475433e+00
6.594413e+00,6.202536e+00,6.959399e+00,5.521461e+00,6.529419e+00,6.455199e+00,6.202536e+00,6.284134e+00,6.259581e+00,5.929589e+00,6.369901e+00,6.804615e+00,6.163315e+00,6.428105e+00,5.384495e+00,7.010312e+00,4.948760e+00,7.105786e+00,6.470800e+00
6.572283e+00,6.234411e+00,6.925595e+00,5.652489e+00,6.529419e+00,6.369901e+00,6.302619e+00,6.284134e+00,6.259581e+00,6.186209e+00,6.368187e+00,6.804615e+00,6.364751e+00,6.428105e+00,5.488938e+00,7.021976e+00,4.948760e+00,7.105786e+00,6.470800e+00
6.553933e+00,6.259581e+00,6.810142e+00,5.981414e+00,6.519147e+00,6.278521e+00,6.403574e+00,6.284134e+00,6.240276e+00,6.196444e+00,6.368187e+00,6.804615e+00,6.364751e+00,6.428105e+00,5.488938e+00,7.055313e+00,4.948760e+00,7.109879e+00,6.470800e+00
6.498282e+00,6.329721e+00,6.754604e+00,6.093570e+00,6.493754e+00,6.159095e+00,6.526495e+00,6.284134e+00,6.238325e+00,6.280396e+00,6.368187e+00,6.804615e+00,6.486161e+00,6.445720e+00,5.501258e+00,7.055313e+00,4.948760e+00,7.109879e+00,6.470800e+00
6.492240e+00,5.869297e+00,6.929517e+00,6.188264e+00,6.496775e+00,6.023448e+00,6.612041e+00,6.284134e+00,6.238325e+00,6.280396e+00,6.368187e+00,6.768493e+00,6.486161e+00,6.563856e+00,5.501258e+00,7.055313e+00,4.948760e+00,7.113956e+00,6.338594e+00
6.469250e+00,5.777652e+00,6.967909e+00,6.190315e+00,6.504288e+00,5.981414e+00,6.634633e+00,6.224558e+00,6.297109e+00,6.393591e+00,6.373320e+00,6.756932e+00,6.429719e+00,6.535241e+00,5.594711e+00,7.057037e+00,4.890349e+00,7.177019e+00,6.220590e+00
6.453625e+00,5.805135e+00,6.910751e+00,6.248043e+00,6.541030e+00,5.996452e+00,6.634633e+00,6.126869e+00,6.380123e+00,6.401917e+00,6.373320e+00,6.756932e+00,6.606650e+00,6.675823e+00,5.929589e+00,7.057037e+00,3.044522e+00,7.192182e+00,5.831882e+00
6.354370e+00,5.971262e+00,6.887553e+00,6.291569e+00,6.439350e+00,6.135565e+00,6.613384e+00,6.082219e+00,6.450470e+00,6.439350e+00,6.373320e+00,6.756932e+00,6.609349e+00,6.715383e+00,5.799093e+00,7.055313e+00,3.044522e+00,7.192182e+00,5.831882e+00
6.340359e+00,5.991465e+00,6.887553e+00,6.291569e+00,6.439350e+00,6.070738e+00,6.612041e+00,6.148468e+00,6.415097e+00,6.483107e+00,6.373320e+00,6.603944e+00,6.659294e+00,6.776507e+00,6.035481e+00,7.002156e+00,3.044522e+00,7.199678e+00,5.755742e+00
6.340359e+00,5.991465e+00,6.887553e+00,6.196444e+00,6.514713e+00,6.037871e+00,6.561031e+00,6.251904e+00,6.415097e+00,6.484635e+00,6.373320e+00,6.551080e+00,6.701960e+00,6.704414e+00,6.282267e+00,6.787845e+00,3.850148e+00,7.199678e+00,5.730100e+00
6.340359e+00,5.247024e+00,7.081709e+00,6.184149e+00,6.523562e+00,5.942799e+00,6.542472e+00,6.308098e+00,6.442540e+00,6.922644e+00,6.478510e+00,6.519147e+00,6.709304e+00,6.723832e+00,6.302619e+00,6.769642e+00,3.850148e+00,7.199678e+00,5.697093e+00
6.340359e+00,5.247024e+00,7.070724e+00,6.198479e+00,6.511745e+00,5.978886e+00,6.539586e+00,6.242223e+00,6.499787e+00,6.948897e+00,6.520621e+00,6.419995e+00,6.760415e+00,6.723832e+00,6.668228e+00,6.692084e+00,3.850148e+00,7.197435e+00,5.837730e+00
6.198479e+00,5.579730e+00,6.695799e+00,6.711740e+00,6.388561e+00,6.236370e+00,6.538140e+00,6.144186e+00,6.522093e+00,7.037028e+00,6.520621e+00,6.436150e+00,6.760415e+00,6.859615e+00,6.685861e+00,6.543912e+00,3.850148e+00,7.069874e+00,5.921578e+00
6.340359e+00,5.537334e+00,6.714171e+00,6.711740e+00,6.311735e+00,6.318968e+00,6.538140e+00,6.144186e+00,6.514713e+00,7.046647e+00,6.520621e+00,6.436150e+00,6.762730e+00,6.871091e+00,6.903747e+00,6.561031e+00,3.850148e+00,7.069874e+00,6.144186e+00
6.204558e+00,5.786897e+00,6.714171e+00,6.711740e+00,5.805135e+00,6.651572e+00,6.536692e+00,6.146329e+00,6.453625e+00,7.059618e+00,6.520621e+00,6.436150e+00,6.859615e+00,6.875232e+00,6.908755e+00,6.561031e+00,3.951244e+00,6.871091e+00,5.655992e+00
6.302619e+00,5.786897e+00,6.714171e+00,6.711740e+00,5.765191e+00,6.668228e+00,6.536692e+00,6.135565e+00,6.378426e+00,7.059618e+00,6.519147e+00,6.436150e+00,6.861711e+00,6.872128e+00,6.908755e+00,6.561031e+00,3.951244e+00,6.844815e+00,5.648974e+00
6.190315e+00,5.950643e+00,6.714171e+00,6.701960e+00,5.789960e+00,6.668228e+00,6.536692e+00,6.122493e+00,6.366470e+00,7.059618e+00,6.487684e+00,6.436150e+00,6.862758e+00,6.922644e+00,6.908755e+00,6.552508e+00,3.951244e+00,6.790097e+00,5.648974e+00
6.192362e+00,5.950643e+00,6.714171e+00,6.650279e+00,5.908083e+00,6.668228e+00,6.536692e+00,6.079933e+00,6.376727e+00,7.059618e+00,6.487684e+00,6.436150e+00,6.862758e+00,6.802395e+00,6.908755e+00,6.463029e+00,3.951244e+00,6.790097e+00,5.710427e+00
6.276643e+00,5.950643e+00,6.714171e+00,6.646391e+00,5.910797e+00,6.642487e+00,6.565265e+00,6.073045e+00,6.383507e+00,7.059618e+00,6.487684e+00,6.343880e+00,6.862758e+00,6.856462e+00,6.908755e+00,6.415097e+00,3.951244e+00,6.758095e+00,5.710427e+00
6.361302e+00,5.921578e+00,6.716595e+00,6.658011e+00,5.905362e+00,6.635947e+00,6.565265e+00,6.084499e+00,6.380123e+00,6.990257e+00,6.487684e+00,6.265301e+00,6.862758e+00,6.857514e+00,6.946976e+00,6.415097e+00,3.951244e+00,6.759255e+00,5.710427e+00
6.431331e+00,5.921578e+00,6.674561e+00,6.700731e+00,5.837730e+00,6.664409e+00,6.562444e+00,6.054439e+00,6.408529e+00,6.962243e+00,6.487684e+00,6.263398e+00,6.771936e+00,6.857514e+00,7.093405e+00,6.405228e+00,4.060443e+00,7.126891e+00,5.710427e+00
6.472346e+00,5.921578e+00,6.674561e+00,6.699500e+00,5.739793e+00,6.670766e+00,6.558198e+00,6.124683e+00,6.366470e+00,6.961296e+00,6.486161e+00,6.255750e+00,6.674561e+00,6.845880e+00,7.160846e+00,6.336826e+00,4.060443e+00,7.130899e+00,6.421622e+00
6.473891e+00,5.921578e+00,6.674561e+00,6.699500e+00,5.655992e+00,6.650279e+00,6.539586e+00,6.236370e+00,6.194405e+00,6.882437e+00,6.486161e+00,6.144186e+00,6.685861e+00,6.990257e+00,7.228388e+00,6.329721e+00,4.248495e+00,7.170120e+00,6.421622e+00
6.445720e+00,6.006353e+00,6.674561e+00,6.699500e+00,5.560682e+00,6.650279e+00,6.473891e+00,6.364751e+00,6.188264e+00,6.882437e+00,6.486161e+00,6.144186e+00,6.687109e+00,6.972606e+00,7.273786e+00,6.329721e+00,5.247024e+00,7.173958e+00,6.327937e+00
5.908083e+00,6.593045e+00,6.674561e+00,6.699500e+00,5.560682e+00,6.650279e+00,6.378426e+00,6.461468e+00,6.188264e+00,6.898715e+00,6.393591e+00,6.059123e+00,6.688355e+00,6.970730e+00,7.273786e+00,6.329721e+00,5.572154e+00,7.173958e+00,6.309918e+00
5.940171e+00,6.594413e+00,6.513230e+00,6.835185e+00,5.560682e+00,6.629363e+00,6.263398e+00,6.579251e+00,6.186209e+00,6.951772e+00,6.345636e+00,6.182085e+00,6.793466e+00,6.969791e+00,7.273786e+00,6.329721e+00,5.673323e+00,7.156177e+00,6.276643e+00
6.018593e+00,6.594413e+00,6.363028e+00,6.931472e+00,5.556828e+00,6.594413e+00,6.289716e+00,6.597146e+00,6.186209e+00,7.009409e+00,6.068426e+00,6.093570e+00,6.785588e+00,6.964136e+00,7.273786e+00,6.342121e+00,5.823046e+00,7.156177e+00,6.276643e+00
6.317165e+00,6.594413e+00,6.361302e+00,6.898715e+00,5.680173e+00,6.568078e+00,6.297109e+00,6.610696e+00,6.186209e+00,7.011214e+00,6.033086e+00,5.978886e+00,6.745236e+00,6.964136e+00,7.273786e+00,6.210600e+00,6.173786e+00,7.179308e+00,6.276643e+00
6.533789e+00,6.594413e+00,6.317165e+00,6.923629e+00,5.680173e+00,6.428105e+00,6.455199e+00,6.545350e+00,6.272877e+00,7.038784e+00,5.849325e+00,5.831882e+00,6.745236e+00,6.964136e+00,7.284135e+00,6.200509e+00,6.228511e+00,7.183112e+00,6.276643e+00
6.558198e+00,6.594413e+00,6.202536e+00,6.959399e+00,5.755742e+00,6.428105e+00,6.455199e+00,6.415097e+00,6.265301e+00,7.038784e+00,5.846439e+00,6.685861e+00,6.804615e+00,6.964136e+00,7.319202e+00,5.910797e+00,6.253829e+00,6.543912e+00,6.276643e+00
6.700731e+00,6.594413e+00,6.202536e+00,6.959399e+00,5.755742e+00,6.428105e+00,6.455199e+00,6.336826e+00,6.159095e+00,7.090077e+00,4.564348e+00,6.685861e+00,6.805723e+00,6.964136e+00,7.319202e+00,5.739793e+00,6.246107e+00,6.539586e+00,6.261492e+00
6.731018e+00,6.594413e+00,6.202536e+00,6.959399e+00,5.521461e+00,6.529419e+00,6.455199e+00,6.202536e+00,6.284134e+00,6.947937e+00,4.564348e+00,6.685861e+00,7.031741e+00,6.976348e+00,7.321189e+00,5.081404e+00,6.246107e+00,6.606650e+00,6.261492e+00
6.800170e+00,6.572283e+00,6.234411e+00,6.925595e+00,5.652489e+00,6.529419e+00,6.369901e+00,6.302619e+00,6.284134e+00,6.835185e+00,4.564348e+00,6.712956e+00,6.948897e+00,6.982863e+00,7.321850e+00,4.997212e+00,6.246107e+00,6.665684e+00,6.261492e+00
6.801283e+00,6.553933e+00,6.259581e+00,6.810142e+00,5.981414e+00,6.519147e+00,6.278521e+00,6.403574e+00,6.284134e+00,6.828712e+00,4.564348e+00,6.731018e+00,6.983790e+00,6.982863e+00,7.566828e+00,4.700480e+00,6.421622e+00,6.659294e+00,6.261492e+00
6.801283e+00,6.498282e+00,6.329721e+00,6.754604e+00,6.093570e+00,6.493754e+00,6.159095e+00,6.526495e+00,6.284134e+00,6.875232e+00,4.564348e+00,6.731018e+00,6.913737e+00,6.972606e+00,7.584265e+00,5.332719e+00,6.568078e+00,6.659294e+00,6.331502e+00
6.801283e+00,6.492240e+00,5.869297e+00,6.929517e+00,6.188264e+00,6.496775e+00,6.023448e+00,6.612041e+00,6.284134e+00,6.875232e+00,5.620401e+00,6.731018e+00,6.915723e+00,6.895683e+00,7.586804e+00,5.365976e+00,6.568078e+00,6.656727e+00,6.383507e+00
6.838405e+00,6.469250e+00,5.777652e+00,6.967909e+00,6.190315e+00,6.504288e+00,5.981414e+00,6.634633e+00,6.224558e+00,6.822197e+00,5.872118e+00,6.731018e+00,6.853299e+00,6.818924e+00,7.579679e+00,5.356586e+00,6.568078e+00,6.548219e+00,6.419995e+00
6.852243e+00,6.453625e+00,5.805135e+00,6.910751e+00,6.248043e+00,6.541030e+00,5.996452e+00,6.634633e+00,6.126869e+00,6.816736e+00,5.918894e+00,6.731018e+00,6.641182e+00,6.670766e+00,7.561642e+00,5.356586e+00,6.568078e+00,6.519147e+00,6.440947e+00
6.854355e+00,6.354370e+00,5.971262e+00,6.887553e+00,6.291569e+00,6.439350e+00,6.135565e+00,6.613384e+00,6.082219e+00,6.864848e+00,6.093570e+00,6.731018e+00,6.638568e+00,6.629363e+00,7.558517e+00,5.356586e+00,6.568078e+00,6.519147e+00,6.440947e+00
6.858565e+00,6.340359e+00,5.991465e+00,6.887553e+00,6.291569e+00,6.439350e+00,6.070738e+00,6.612041e+00,6.148468e+00,6.883463e+00,6.324359e+00,6.731018e+00,6.587550e+00,6.381816e+00,7.508239e+00,5.375278e+00,6.568078e+00,6.504288e+00,6.445720e+00
6.858565e+00,6.340359e+00,5.991465e+00,6.887553e+00,6.196444e+00,6.514713e+00,6.037871e+00,6.561031e+00,6.251904e+00,6.888572e+00,6.470800e+00,6.731018e+00,6.539586e+00,6.381816e+00,7.462215e+00,5.303305e+00,6.656727e+00,6.504288e+00,6.445720e+00
6.858565e+00,6.340359e+00,5.247024e+00,7.081709e+00,6.184149e+00,6.523562e+00,5.942799e+00,6.542472e+00,6.308098e+00,6.431331e+00,6.398595e+00,6.626718e+00,6.529419e+00,6.238325e+00,7.491645e+00,5.303305e+00,6.656727e+00,6.504288e+00,6.445720e+00
6.858565e+00,6.340359e+00,5.247024e+00,7.070724e+00,6.198479e+00,6.511745e+00,5.978886e+00,6.539586e+00,6.242223e+00,6.499787e+00,6.391917e+00,6.612041e+00,6.464588e+00,6.238325e+00,7.416980e+00,5.303305e+00,6.656727e+00,6.504288e+00,6.396930e+00
6.858565e+00,6.198479e+00,5.579730e+00,6.695799e+00,6.711740e+00,6.388561e+00,6.236370e+00,6.538140e+00,6.144186e+00,6.350886e+00,6.527958e+00,6.610696e+00,6.464588e+00,5.968708e+00,7.370231e+00,5.384495e+00,6.656727e+00,6.504288e+00,6.345636e+00
6.771936e+00,6.340359e+00,5.537334e+00,6.714171e+00,6.711740e+00,6.311735e+00,6.318968e+00,6.538140e+00,6.144186e+00,6.331502e+00,6.535241e+00,6.637258e+00,6.461468e+00,5.940171e+00,7.181592e+00,5.327876e+00,6.659294e+00,6.548219e+00,6.167516e+00
6.771936e+00,6.204558e+00,5.786897e+00,6.714171e+00,6.711740e+00,5.805135e+00,6.651572e+00,6.536692e+00,6.146329e+00,6.359574e+00,6.535241e+00,6.693324e+00,6.313548e+00,5.929589e+00,7.177782e+00,5.327876e+00,6.766192e+00,6.576470e+00,6.146329e+00
6.711740e+00,6.302619e+00,5.786897e+00,6.714171e+00,6.711740e+00,5.765191e+00,6.668228e+00,6.536692e+00,6.135565e+00,6.386879e+00,6.535241e+00,6.697034e+00,6.343880e+00,5.891644e+00,7.177782e+00,5.327876e+00,6.853299e+00,6.576470e+00,6.146329e+00
6.711740e+00,6.190315e+00,5.950643e+00,6.714171e+00,6.701960e+00,5.789960e+00,6.668228e+00,6.536692e+00,6.122493e+00,6.386879e+00,6.535241e+00,6.726233e+00,6.342121e+00,5.743003e+00,7.177782e+00,5.323010e+00,6.859615e+00,6.576470e+00,6.146329e+00
6.726233e+00,6.192362e+00,5.950643e+00,6.714171e+00,6.650279e+00,5.908083e+00,6.668228e+00,6.536692e+00,6.079933e+00,6.386879e+00,6.535241e+00,6.830874e+00,6.342121e+00,5.393628e+00,7.177782e+00,5.459586e+00,6.867974e+00,6.576470e+00,6.171701e+00
6.673298e+00,6.276643e+00,5.950643e+00,6.714171e+00,6.646391e+00,5.910797e+00,6.642487e+00,6.565265e+00,6.073045e+00,6.388561e+00,6.535241e+00,6.784457e+00,6.342121e+00,5.129899e+00,7.207119e+00,5.662960e+00,6.867974e+00,6.576470e+00,6.171701e+00
6.720220e+00,6.361302e+00,5.921578e+00,6.716595e+00,6.658011e+00,5.905362e+00,6.635947e+00,6.565265e+00,6.084499e+00,6.478510e+00,6.535241e+00,6.779922e+00,6.342121e+00,5.476464e+00,7.177782e+00,5.666427e+00,6.867974e+00,6.543912e+00,6.171701e+00
6.679599e+00,6.431331e+00,5.921578e+00,6.674561e+00,6.700731e+00,5.837730e+00,6.664409e+00,6.562444e+00,6.054439e+00,6.771936e+00,6.535241e+00,6.779922e+00,6.342121e+00,5.808142e+00,7.050123e+00,5.805135e+00,6.843750e+00,5.743003e+00,6.171701e+00
6.841615e+00,6.472346e+00,5.921578e+00,6.674561e+00,6.699500e+00,5.739793e+00,6.670766e+00,6.558198e+00,6.124683e+00,7.079184e+00,6.535241e+00,6.773080e+00,6.342121e+00,6.030685e+00,6.974479e+00,6.180017e+00,6.843750e+00,5.726848e+00,5.111988e+00
6.850126e+00,6.473891e+00,5.921578e+00,6.674561e+00,6.699500e+00,5.655992e+00,6.650279e+00,6.539586e+00,6.236370e+00,7.210080e+00,6.535241e+00,6.773080e+00,6.202536e+00,5.736572e+00,6.886532e+00,6.393591e+00,6.830874e+00,5.616771e+00,5.111988e+00
6.834109e+00,6.445720e+00,6.006353e+00,6.674561e+00,6.699500e+00,5.560682e+00,6.650279e+00,6.473891e+00,6.364751e+00,7.256297e+00,6.535241e+00,6.775366e+00,6.200509e+00,5.768321e+00,6.818924e+00,6.431331e+00,6.692084e+00,5.720312e+00,5.017280e+00
6.765039e+00,5.908083e+00,6.593045e+00,6.674561e+00,6.699500e+00,5.560682e+00,6.650279e+00,6.378426e+00,6.461468e+00,7.275865e+00,6.535241e+00,6.784457e+00,6.214608e+00,5.932245e+00,6.818924e+00,6.487684e+00,6.597146e+00,6.028279e+00,5.017280e+00
6.749931e+00,5.940171e+00,6.594413e+00,6.513230e+00,6.835185e+00,5.560682e+00,6.629363e+00,6.263398e+00,6.579251e+00,7.475906e+00,6.535241e+00,6.612041e+00,6.025866e+00,5.958425e+00,6.818924e+00,6.643790e+00,6.558198e+00,6.882437e+00,5.455321e+00
6.712956e+00,6.018593e+00,6.594413e+00,6.363028e+00,6.931472e+00,5.556828e+00,6.594413e+00,6.289716e+00,6.597146e+00,7.492760e+00,6.535241e+00,6.704414e+00,6.124683e+00,6.113682e+00,6.818924e+00,6.651572e+00,6.489205e+00,7.090077e+00,5.659482e+00
6.617403e+00,6.317165e+00,6.594413e+00,6.361302e+00,6.898715e+00,5.680173e+00,6.568078e+00,6.297109e+00,6.610696e+00,7.524561e+00,6.535241e+00,6.704414e+00,6.124683e+00,6.363028e+00,6.818924e+00,6.651572e+00,6.272877e+00,7.077498e+00,5.826000e+00
6.426488e+00,6.533789e+00,6.594413e+00,6.317165e+00,6.923629e+00,5.680173e+00,6.428105e+00,6.455199e+00,6.545350e+00,7.616284e+00,6.535241e+00,6.722630e+00,6.124683e+00,6.456770e+00,6.802395e+00,6.651572e+00,6.220590e+00,7.087574e+00,5.883322e+00
6.418365e+00,6.558198e+00,6.594413e+00,6.202536e+00,6.959399e+00,5.755742e+00,6.428105e+00,6.455199e+00,6.415097e+00,7.663877e+00,6.535241e+00,5.986452e+00,6.150603e+00,6.456770e+00,6.742881e+00,6.633318e+00,6.194405e+00,7.100027e+00,6.285998e+00
6.579251e+00,6.700731e+00,6.594413e+00,6.202536e+00,6.959399e+00,5.755742e+00,6.428105e+00,6.455199e+00,6.336826e+00,7.643962e+00,6.535241e+00,5.996452e+00,6.148468e+00,6.456770e+00,6.742881e+00,6.711740e+00,6.371612e+00,7.194437e+00,6.532334e+00
6.545350e+00,6.731018e+00,6.594413e+00,6.202536e+00,6.959399e+00,5.521461e+00,6.529419e+00,6.455199e+00,6.202536e+00,7.643004e+00,6.535241e+00,5.998937e+00,5.690359e+00,6.436150e+00,6.739337e+00,6.751101e+00,6.419995e+00,7.157735e+00,6.565265e+00
6.455199e+00,6.800170e+00,6.572283e+00,6.234411e+00,6.925595e+00,5.652489e+00,6.529419e+00,6.369901e+00,6.302619e+00,7.644441e+00,6.576470e+00,6.218600e+00,5.634790e+00,6.424869e+00,6.709304e+00,6.751101e+00,6.492240e+00,7.130899e+00,6.616065e+00
6.496775e+00,6.801283e+00,6.553933e+00,6.259581e+00,6.810142e+00,5.981414e+00,6.519147e+00,6.278521e+00,6.403574e+00,7.644441e+00,6.711740e+00,6.343880e+00,5.493061e+00,6.424869e+00,5.991465e+00,6.751101e+00,6.368187e+00,7.130899e+00,6.674561e+00
6.502790e+00,6.801283e+00,6.498282e+00,6.329721e+00,6.754604e+00,6.093570e+00,6.493754e+00,6.159095e+00,6.526495e+00,7.604894e+00,6.935370e+00,6.456770e+00,5.484797e+00,6.432940e+00,5.897154e+00,6.630683e+00,6.186209e+00,7.130899e+00,6.628041e+00
6.502790e+00,6.801283e+00,6.492240e+00,5.869297e+00,6.929517e+00,6.188264e+00,6.496775e+00,6.023448e+00,6.612041e+00,7.604894e+00,6.744059e+00,6.508769e+00,5.476464e+00,6.523562e+00,5.950643e+00,6.621406e+00,6.324359e+00,7.128496e+00,6.587550e+00
6.455199e+00,6.838405e+00,6.469250e+00,5.777652e+00,6.967909e+00,6.190315e+00,6.504288e+00,5.981414e+00,6.634633e+00,7.619724e+00,6.658011e+00,6.559615e+00,5.525453e+00,6.523562e+00,5.948035e+00,6.645091e+00,6.437752e+00,7.128496e+00,6.602588e+00
6.487684e+00,6.852243e+00,6.453625e+00,5.805135e+00,6.910751e+00,6.248043e+00,6.541030e+00,5.996452e+00,6.634633e+00,7.634821e+00,6.801283e+00,6.559615e+00,5.525453e+00,6.573680e+00,5.739793e+00,6.646391e+00,6.445720e+00,7.128496e+00,6.584791e+00
6.517671e+00,6.854355e+00,6.354370e+00,5.971262e+00,6.887553e+00,6.291569e+00,6.439350e+00,6.135565e+00,6.613384e+00,7.609367e+00,6.738152e+00,6.569481e+00,5.525453e+00,6.672033e+00,5.765191e+00,6.758095e+00,6.445720e+00,7.138867e+00,6.584791e+00
6.538140e+00,6.858565e+00,6.340359e+00,5.991465e+00,6.887553e+00,6.291569e+00,6.439350e+00,6.070738e+00,6.612041e+00,7.586296e+00,6.620073e+00,6.874198e+00,5.525453e+00,6.672033e+00,5.793014e+00,6.896694e+00,6.575076e+00,7.279319e+00,6.580639e+00
6.538140e+00,6.858565e+00,6.340359e+00,5.991465e+00,6.887553e+00,6.196444e+00,6.514713e+00,6.037871e+00,6.561031e+00,7.583248e+00,6.599870e+00,6.978214e+00,5.525453e+00,6.672033e+00,5.683580e+00,6.923629e+00,6.453625e+00,7.279319e+00,6.580639e+00
6.538140e+00,6.858565e+00,6.340359e+00,5.247024e+00,7.081709e+00,6.184149e+00,6.523562e+00,5.942799e+00,6.542472e+00,7.583756e+00,6.575076e+00,7.024649e+00,5.525453e+00,6.688355e+00,5.442418e+00,6.927558e+00,6.674561e+00,7.288244e+00,6.580639e+00
6.541030e+00,6.858565e+00,6.340359e+00,5.247024e+00,7.070724e+00,6.198479e+00,6.511745e+00,5.978886e+00,6.539586e+00,7.570443e+00,6.541030e+00,7.024649e+00,5.583496e+00,6.703188e+00,5.225747e+00,6.927558e+00,6.767343e+00,7.364547e+00,6.559615e+00
6.541030e+00,6.858565e+00,6.198479e+00,5.579730e+00,6.695799e+00,6.711740e+00,6.388561e+00,6.236370e+00,6.538140e+00,7.578657e+00,6.415097e+00,7.016610e+00,5.817111e+00,6.785588e+00,5.389072e+00,6.955593e+00,6.817831e+00,7.392648e+00,6.559615e+00
6.548219e+00,6.771936e+00,6.340359e+00,5.537334e+00,6.714171e+00,6.711740e+00,6.311735e+00,6.318968e+00,6.538140e+00,7.593878e+00,6.421622e+00,6.998510e+00,5.910797e+00,6.790097e+00,5.389072e+00,7.017506e+00,6.815640e+00,7.378384e+00,6.559615e+00
6.551080e+00,6.771936e+00,6.204558e+00,5.786897e+00,6.714171e+00,6.711740e+00,5.805135e+00,6.651572e+00,6.536692e+00,7.578145e+00,6.421622e+00,6.957497e+00,6.001415e+00,6.793466e+00,5.389072e+00,7.034388e+00,6.708084e+00,7.383368e+00,6.559615e+00
6.551080e+00,6.711740e+00,6.302619e+00,5.786897e+00,6.714171e+00,6.711740e+00,5.765191e+00,6.668228e+00,6.536692e+00,7.569928e+00,6.421622e+00,7.069874e+00,5.953243e+00,6.836259e+00,5.389072e+00,7.061334e+00,6.692084e+00,7.434848e+00,6.559615e+00
6.558198e+00,6.711740e+00,6.190315e+00,5.950643e+00,6.714171e+00,6.701960e+00,5.789960e+00,6.668228e+00,6.536692e+00,7.570443e+00,6.445720e+00,7.069874e+00,5.986452e+00,6.864848e+00,5.389072e+00,7.075809e+00,6.809039e+00,7.449498e+00,6.559615e+00
6.545350e+00,6.726233e+00,6.192362e+00,5.950643e+00,6.714171e+00,6.650279e+00,5.908083e+00,6.668228e+00,6.536692e+00,7.570443e+00,6.511745e+00,7.085064e+00,6.018593e+00,6.870053e+00,5.389072e+00,7.054450e+00,6.806829e+00,7.588830e+00,6.516193e+00
6.545350e+00,6.673298e+00,6.276643e+00,5.950643e+00,6.714171e+00,6.646391e+00,5.910797e+00,6.642487e+00,6.565265e+00,7.569928e+00,6.514713e+00,7.064759e+00,6.018593e+00,6.870053e+00,5.198497e+00,7.037028e+00,6.806829e+00,7.588830e+00,6.516193e+00
6.419995e+00,6.720220e+00,6.361302e+00,5.921578e+00,6.716595e+00,6.658011e+00,5.905362e+00,6.635947e+00,6.565265e+00,7.540622e+00,6.514713e+00,7.064759e+00,6.018593e+00,6.909753e+00,5.209486e+00,7.068172e+00,6.806829e+00,7.588830e+00,6.520621e+00
6.419995e+00,6.679599e+00,6.431331e+00,5.921578e+00,6.674561e+00,6.700731e+00,5.837730e+00,6.664409e+00,6.562444e+00,7.415175e+00,6.514713e+00,7.073270e+00,6.018593e+00,6.811244e+00,5.170484e+00,7.023759e+00,6.806829e+00,7.588830e+00,6.520621e+00
6.152733e+00,6.841615e+00,6.472346e+00,5.921578e+00,6.674561e+00,6.699500e+00,5.739793e+00,6.670766e+00,6.558198e+00,7.205635e+00,6.514713e+00,7.080026e+00,6.018593e+00,6.715383e+00,5.164786e+00,6.879356e+00,6.806829e+00,7.618742e+00,6.520621e+00
6.150603e+00,6.850126e+00,6.473891e+00,5.921578e+00,6.674561e+00,6.699500e+00,5.655992e+00,6.650279e+00,6.539586e+00,7.074117e+00,6.514713e+00,7.163172e+00,6.013715e+00,6.665684e+00,5.164786e+00,6.875232e+00,6.806829e+00,7.613819e+00,6.520621e+00
6.150603e+00,6.834109e+00,6.445720e+00,6.006353e+00,6.674561e+00,6.699500e+00,5.560682e+00,6.650279e+00,6.473891e+00,7.074963e+00,6.514713e+00,7.163172e+00,6.018593e+00,6.669498e+00,5.164786e+00,6.878326e+00,6.806829e+00,7.604894e+00,6.520621e+00
6.175867e+00,6.765039e+00,5.908083e+00,6.593045e+00,6.674561e+00,6.699500e+00,5.560682e+00,6.650279e+00,6.378426e+00,7.037906e+00,6.542472e+00,7.156956e+00,6.052089e+00,6.594413e+00,5.170484e+00,6.854355e+00,6.806829e+00,7.548556e+00,6.520621e+00
6.175867e+00,6.749931e+00,5.940171e+00,6.594413e+00,6.513230e+00,6.835185e+00,5.560682e+00,6.629363e+00,6.263398e+00,6.639876e+00,6.610696e+00,7.142037e+00,5.940171e+00,6.580639e+00,5.170484e+00,6.775366e+00,6.806829e+00,7.198931e+00,6.390241e+00
6.175867e+00,6.712956e+00,6.018593e+00,6.594413e+00,6.363028e+00,6.931472e+00,5.556828e+00,6.594413e+00,6.289716e+00,6.526495e+00,6.741701e+00,7.138073e+00,5.820083e+00,6.486161e+00,5.170484e+00,6.907755e+00,6.806829e+00,7.057037e+00,6.297109e+00
6.023448e+00,6.617403e+00,6.317165e+00,6.594413e+00,6.361302e+00,6.898715e+00,5.680173e+00,6.568078e+00,6.297109e+00,6.436150e+00,6.776507e+00,7.143618e+00,5.820083e+00,6.269096e+00,5.170484e+00,6.910751e+00,6.791221e+00,7.044033e+00,6.196444e+00
6.028279e+00,6.426488e+00,6.533789e+00,6.594413e+00,6.317165e+00,6.923629e+00,5.680173e+00,6.428105e+00,6.455199e+00,6.028279e+00,6.777647e+00,7.134094e+00,5.820083e+00,6.154858e+00,5.252273e+00,6.923629e+00,6.791221e+00,6.997596e+00,6.154858e+00
6.025866e+00,6.418365e+00,6.558198e+00,6.594413e+00,6.202536e+00,6.959399e+00,5.755742e+00,6.428105e+00,6.455199e+00,5.755742e+00,6.884487e+00,7.127694e+00,5.686975e+00,6.154858e+00,5.283204e+00,7.111512e+00,6.791221e+00,6.972606e+00,5.680173e+00
5.398163e+00,6.579251e+00,6.700731e+00,6.594413e+00,6.202536e+00,6.959399e+00,5.755742e+00,6.428105e+00,6.455199e+00,5.690359e+00,6.889591e+00,7.172425e+00,5.690359e+00,6.198479e+00,5.303305e+00,7.121252e+00,6.678342e+00,6.853299e+00,4.962845e+00
5.420535e+00,6.545350e+00,6.731018e+00,6.594413e+00,6.202536e+00,6.959399e+00,5.521461e+00,6.529419e+00,6.455199e+00,5.613128e+00,6.889591e+00,7.207119e+00,5.472271e+00,6.315358e+00,5.493061e+00,7.192934e+00,6.641182e+00,6.853299e+00,4.787492e+00
5.420535e+00,6.455199e+00,6.800170e+00,6.572283e+00,6.234411e+00,6.925595e+00,5.652489e+00,6.529419e+00,6.369901e+00,5.680173e+00,6.859615e+00,7.132498e+00,5.472271e+00,6.375025e+00,5.493061e+00,7.192934e+00,6.579251e+00,6.846943e+00,4.418841e+00
5.298317e+00,6.496775e+00,6.801283e+00,6.553933e+00,6.259581e+00,6.810142e+00,5.981414e+00,6.519147e+00,6.278521e+00,5.680173e+00,6.744059e+00,7.064759e+00,5.472271e+00,6.447306e+00,5.493061e+00,7.193686e+00,6.548219e+00,6.846943e+00,3.637586e+00
5.505332e+00,6.502790e+00,6.801283e+00,6.498282e+00,6.329721e+00,6.754604e+00,6.093570e+00,6.493754e+00,6.159095e+00,5.673323e+00,6.469250e+00,7.004882e+00,5.509388e+00,6.478510e+00,5.700444e+00,7.230563e+00,6.548219e+00,6.846943e+00,3.583519e+00
5.556828e+00,6.502790e+00,6.801283e+00,6.492240e+00,5.869297e+00,6.929517e+00,6.188264e+00,6.496775e+00,6.023448e+00,5.673323e+00,6.467699e+00,6.973543e+00,5.509388e+00,6.432940e+00,6.006353e+00,7.230563e+00,6.439350e+00,6.846943e+00,3.583519e+00
5.743003e+00,6.455199e+00,6.838405e+00,6.469250e+00,5.777652e+00,6.967909e+00,6.190315e+00,6.504288e+00,5.981414e+00,5.638355e+00,6.463029e+00,6.940222e+00,5.459586e+00,6.523562e+00,6.122493e+00,7.217443e+00,6.326149e+00,6.846943e+00,1.098612e+00
5.673323e+00,6.487684e+00,6.852243e+00,6.453625e+00,5.805135e+00,6.910751e+00,6.248043e+00,6.541030e+00,5.996452e+00,5.541264e+00,6.347389e+00,6.940222e+00,5.459586e+00,6.473891e+00,6.475433e+00,7.216709e+00,6.317165e+00,7.024649e+00,1.098612e+00
6.040255e+00,6.517671e+00,6.854355e+00,6.354370e+00,5.971262e+00,6.887553e+00,6.291569e+00,6.439350e+00,6.135565e+00,5.631212e+00,6.530878e+00,6.933423e+00,5.459586e+00,6.356108e+00,6.535241e+00,7.163172e+00,6.317165e+00,7.015712e+00,1.098612e+00
6.543912e+00,6.538140e+00,6.858565e+00,6.340359e+00,5.991465e+00,6.887553e+00,6.291569e+00,6.439350e+00,6.070738e+00,5.799093e+00,6.570883e+00,6.648985e+00,5.459586e+00,6.356108e+00,6.620073e+00,7.079184e+00,6.146329e+00,6.884487e+00,4.290459e+00
6.704414e+00,6.538140e+00,6.858565e+00,6.340359e+00,5.991465e+00,6.887553e+00,6.196444e+00,6.514713e+00,6.037871e+00,5.837730e+00,6.464588e+00,6.577861e+00,5.459586e+00,6.401917e+00,6.786717e+00,7.063048e+00,6.124683e+00,6.897705e+00,5.398163e+00
6.741701e+00,6.538140e+00,6.858565e+00,6.340359e+00,5.247024e+00,7.081709e+00,6.184149e+00,6.523562e+00,5.942799e+00,5.872118e+00,6.467699e+00,6.504288e+00,5.459586e+00,6.411818e+00,6.820016e+00,7.059618e+00,5.703782e+00,6.884487e+00,5.955837e+00
6.745236e+00,6.541030e+00,6.858565e+00,6.340359e+00,5.247024e+00,7.070724e+00,6.198479e+00,6.511745e+00,5.978886e+00,5.739793e+00,6.467699e+00,6.504288e+00,5.393628e+00,6.391917e+00,6.787845e+00,7.059618e+00,5.407172e+00,6.769642e+00,6.293419e+00
6.745236e+00,6.541030e+00,6.858565e+00,6.198479e+00,5.579730e+00,6.695799e+00,6.711740e+00,6.388561e+00,6.236370e+00,5.686975e+00,6.459904e+00,6.504288e+00,5.010635e+00,6.272877e+00,6.830874e+00,6.985642e+00,5.293305e+00,6.716595e+00,6.426488e+00
6.761573e+00,6.548219e+00,6.771936e+00,6.340359e+00,5.537334e+00,6.714171e+00,6.711740e+00,6.311735e+00,6.318968e+00,5.579730e+00,6.624065e+00,6.583409e+00,4.762174e+00,6.265301e+00,6.896694e+00,6.921658e+00,5.659482e+00,6.708084e+00,6.650279e+00
6.887553e+00,6.551080e+00,6.771936e+00,6.204558e+00,5.786897e+00,6.714171e+00,6.711740e+00,5.805135e+00,6.651572e+00,5.669881e+00,6.692084e+00,6.591674e+00,4.454347e+00,6.270988e+00,6.902743e+00,6.902743e+00,5.983936e+00,6.673298e+00,6.684612e+00
7.039660e+00,6.551080e+00,6.711740e+00,6.302619e+00,5.786897e+00,6.714171e+00,6.711740e+00,5.765191e+00,6.668228e+00,5.945421e+00,6.725034e+00,6.418365e+00,4.454347e+00,6.196444e+00,7.102499e+00,6.897705e+00,6.139885e+00,6.559615e+00,6.706862e+00
7.035269e+00,6.558198e+00,6.711740e+00,6.190315e+00,5.950643e+00,6.714171e+00,6.701960e+00,5.789960e+00,6.668228e+00,5.950643e+00,6.818924e+00,6.487684e+00,5.252273e+00,6.154858e+00,7.406103e+00,6.896694e+00,6.001415e+00,6.542472e+00,7.010312e+00
7.031741e+00,6.545350e+00,6.726233e+00,6.192362e+00,5.950643e+00,6.714171e+00,6.650279e+00,5.908083e+00,6.668228e+00,5.950643e+00,6.897705e+00,6.308098e+00,5.517453e+00,6.144186e+00,7.460490e+00,6.932448e+00,6.240276e+00,6.184149e+00,7.019297e+00
7.031741e+00,6.545350e+00,6.673298e+00,6.276643e+00,5.950643e+00,6.714171e+00,6.646391e+00,5.910797e+00,6.642487e+00,5.953243e+00,6.895683e+00,6.329721e+00,5.802118e+00,6.144186e+00,7.520235e+00,6.931472e+00,6.297109e+00,6.240276e+00,7.123673e+00
7.037906e+00,6.419995e+00,6.720220e+00,6.361302e+00,5.921578e+00,6.716595e+00,6.658011e+00,5.905362e+00,6.635947e+00,5.953243e+00,6.897705e+00,6.499787e+00,6.272877e+00,5.874931e+00,7.549609e+00,6.896694e+00,6.336826e+00,6.240276e+00,7.210080e+00
7.054450e+00,6.419995e+00,6.679599e+00,6.431331e+00,5.921578e+00,6.674561e+00,6.700731e+00,5.837730e+00,6.664409e+00,5.966147e+00,6.957497e+00,6.484635e+00,6.329721e+00,5.874931e+00,7.588324e+00,6.896694e+00,6.336826e+00,6.240276e+00,7.217443e+00
7.183112e+00,6.152733e+00,6.841615e+00,6.472346e+00,5.921578e+00,6.674561e+00,6.699500e+00,5.739793e+00,6.670766e+00,5.973810e+00,7.045777e+00,6.472346e+00,6.329721e+00,5.877736e+00,7.588324e+00,6.896694e+00,6.336826e+00,6.240276e+00,7.217443e+00
7.298445e+00,6.150603e+00,6.850126e+00,6.473891e+00,5.921578e+00,6.674561e+00,6.699500e+00,5.655992e+00,6.650279e+00,6.177944e+00,7.083388e+00,6.298949e+00,6.329721e+00,5.902633e+00,7.594884e+00,6.777647e+00,6.338594e+00,6.511745e+00,7.217443e+00
7.351800e+00,6.150603e+00,6.834109e+00,6.445720e+00,6.006353e+00,6.674561e+00,6.699500e+00,5.560682e+00,6.650279e+00,6.246107e+00,7.090077e+00,6.295266e+00,6.326149e+00,6.302619e+00,7.597396e+00,6.747587e+00,6.354370e+00,6.608001e+00,7.217443e+00
7.388328e+00,6.175867e+00,6.765039e+00,5.908083e+00,6.593045e+00,6.674561e+00,6.699500e+00,5.560682e+00,6.650279e+00,6.259581e+00,7.074963e+00,6.295266e+00,6.285998e+00,6.426488e+00,7.605392e+00,6.732211e+00,6.354370e+00,6.621406e+00,7.217443e+00
7.390181e+00,6.175867e+00,6.749931e+00,5.940171e+00,6.594413e+00,6.513230e+00,6.835185e+00,5.560682e+00,6.629363e+00,6.259581e+00,7.057898e+00,6.306275e+00,6.285998e+00,6.565265e+00,7.640123e+00,6.684612e+00,6.354370e+00,6.933423e+00,7.217443e+00
7.393263e+00,6.175867e+00,6.712956e+00,6.018593e+00,6.594413e+00,6.363028e+00,6.931472e+00,5.556828e+00,6.594413e+00,6.240276e+00,6.964136e+00,6.248043e+00,6.295266e+00,6.624065e+00,7.670429e+00,6.496775e+00,6.354370e+00,6.994850e+00,7.217443e+00
7.397562e+00,6.023448e+00,6.617403e+00,6.317165e+00,6.594413e+00,6.361302e+00,6.898715e+00,5.680173e+00,6.568078e+00,6.238325e+00,6.947937e+00,6.238325e+00,6.304449e+00,6.685861e+00,7.750184e+00,6.492240e+00,6.354370e+00,7.011214e+00,7.217443e+00
7.398174e+00,6.028279e+00,6.426488e+00,6.533789e+00,6.594413e+00,6.317165e+00,6.923629e+00,5.680173e+00,6.428105e+00,6.238325e+00,6.955593e+00,6.232448e+00,6.304449e+00,6.695799e+00,7.743703e+00,6.472346e+00,6.354370e+00,7.076654e+00,7.217443e+00
7.391415e+00,6.025866e+00,6.418365e+00,6.558198e+00,6.594413e+00,6.202536e+00,6.959399e+00,5.755742e+00,6.428105e+00,6.297109e+00,6.994850e+00,6.190315e+00,6.263398e+00,6.709304e+00,7.756623e+00,6.079933e+00,6.354370e+00,7.266129e+00,7.217443e+00
7.377759e+00,5.398163e+00,6.579251e+00,6.700731e+00,6.594413e+00,6.202536e+00,6.959399e+00,5.755742e+00,6.428105e+00,6.380123e+00,7.063048e+00,6.124683e+00,6.261492e+00,6.684612e+00,7.796469e+00,5.894403e+00,6.354370e+00,7.368970e+00,7.217443e+00
7.421178e+00,5.420535e+00,6.545350e+00,6.731018e+00,6.594413e+00,6.202536e+00,6.959399e+00,5.521461e+00,6.529419e+00,6.450470e+00,7.122867e+00,6.016157e+00,6.261492e+00,6.605298e+00,7.796058e+00,5.446737e+00,6.388561e+00,7.457032e+00,7.217443e+00
7.421178e+00,5.420535e+00,6.455199e+00,6.800170e+00,6.572283e+00,6.234411e+00,6.925595e+00,5.652489e+00,6.529419e+00,6.415097e+00,7.199678e+00,5.998937e+00,6.261492e+00,6.558198e+00,7.847763e+00,5.451038e+00,6.429719e+00,7.549609e+00,7.217443e+00
7.433075e+00,5.298317e+00,6.496775e+00,6.801283e+00,6.553933e+00,6.259581e+00,6.810142e+00,5.981414e+00,6.519147e+00,6.415097e+00,7.215240e+00,5.998937e+00,6.263398e+00,6.499787e+00,7.908755e+00,5.620401e+00,6.429719e+00,7.554859e+00,7.217443e+00
7.403061e+00,5.505332e+00,6.502790e+00,6.801283e+00,6.498282e+00,6.329721e+00,6.754604e+00,6.093570e+00,6.493754e+00,6.442540e+00,7.237778e+00,5.998937e+00,6.257668e+00,6.461468e+00,7.895436e+00,5.645447e+00,6.429719e+00,7.578145e+00,7.217443e+00
7.419381e+00,5.556828e+00,6.502790e+00,6.801283e+00,6.492240e+00,5.869297e+00,6.929517e+00,6.188264e+00,6.496775e+00,6.499787e+00,7.237778e+00,5.998937e+00,6.257668e+00,6.487684e+00,7.845024e+00,5.676754e+00,6.444131e+00,7.607381e+00,7.217443e+00
7.387090e+00,5.743003e+00,6.455199e+00,6.838405e+00,6.469250e+00,5.777652e+00,6.967909e+00,6.190315e+00,6.504288e+00,6.522093e+00,7.231287e+00,5.998937e+00,6.274762e+00,6.419995e+00,7.821643e+00,5.765191e+00,6.486161e+00,7.647786e+00,7.217443e+00
7.379008e+00,5.673323e+00,6.487684e+00,6.852243e+00,6.453625e+00,5.805135e+00,6.910751e+00,6.248043e+00,6.541030e+00,6.514713e+00,7.181592e+00,5.998937e+00,6.308098e+00,6.525030e+00,7.741099e+00,6.142037e+00,6.579251e+00,7.643004e+00,7.217443e+00
7.280008e+00,6.040255e+00,6.517671e+00,6.854355e+00,6.354370e+00,5.971262e+00,6.887553e+00,6.291569e+00,6.439350e+00,6.453625e+00,7.076654e+00,5.998937e+00,6.308098e+00,6.566672e+00,7.718685e+00,6.628041e+00,6.579251e+00,7.685703e+00,7.217443e+00
7.054450e+00,6.543912e+00,6.538140e+00,6.858565e+00,6.340359e+00,5.991465e+00,6.887553e+00,6.291569e+00,6.439350e+00,6.378426e+00,7.034388e+00,5.998937e+00,6.309918e+00,6.616065e+00,7.709757e+00,6.846943e+00,6.579251e+00,7.661056e+00,7.164720e+00
6.944087e+00,6.704414e+00,6.538140e+00,6.858565e+00,6.340359e+00,5.991465e+00,6.887553e+00,6.196444e+00,6.514713e+00,6.366470e+00,7.039660e+00,5.857933e+00,6.309918e+00,6.579251e+00,7.665753e+00,6.908755e+00,6.579251e+00,7.654917e+00,7.047517e+00
6.913737e+00,6.741701e+00,6.538140e+00,6.858565e+00,6.340359e+00,5.247024e+00,7.081709e+00,6.184149e+00,6.523562e+00,6.376727e+00,7.040536e+00,5.857933e+00,6.309918e+00,6.566672e+00,7.676937e+00,6.918695e+00,6.579251e+00,7.654917e+00,6.900731e+00
6.908755e+00,6.745236e+00,6.541030e+00,6.858565e+00,6.340359e+00,5.247024e+00,7.070724e+00,6.198479e+00,6.511745e+00,6.383507e+00,7.063904e+00,5.857933e+00,6.309918e+00,6.568078e+00,7.659171e+00,6.918695e+00,6.579251e+00,7.650169e+00,6.760415e+00
6.908755e+00,6.745236e+00,6.541030e+00,6.858565e+00,6.198479e+00,5.579730e+00,6.695799e+00,6.711740e+00,6.388561e+00,6.380123e+00,7.124478e+00,5.857933e+00,6.309918e+00,6.563856e+00,7.619724e+00,6.913737e+00,6.549651e+00,7.650169e+00,6.666957e+00
6.889591e+00,6.761573e+00,6.548219e+00,6.771936e+00,6.340359e+00,5.537334e+00,6.714171e+00,6.711740e+00,6.311735e+00,6.408529e+00,7.023759e+00,5.686975e+00,6.309918e+00,6.563856e+00,7.588324e+00,6.917706e+00,6.415097e+00,7.650169e+00,6.459904e+00
6.762730e+00,6.887553e+00,6.551080e+00,6.771936e+00,6.204558e+00,5.786897e+00,6.714171e+00,6.711740e+00,5.805135e+00,6.366470e+00,7.056175e+00,5.752573e+00,6.302619e+00,6.694562e+00,7.585281e+00,6.958448e+00,6.216606e+00,7.650169e+00,6.416732e+00
6.558198e+00,7.039660e+00,6.551080e+00,6.711740e+00,6.302619e+00,5.786897e+00,6.714171e+00,6.711740e+00,5.765191e+00,6.194405e+00,7.113956e+00,5.963579e+00,6.302619e+00,6.693324e+00,7.480428e+00,6.945051e+00,5.934894e+00,7.657283e+00,6.386879e+00
6.558198e+00,7.035269e+00,6.558198e+00,6.711740e+00,6.190315e+00,5.950643e+00,6.714171e+00,6.701960e+00,5.789960e+00,6.188264e+00,7.037906e+00,5.771441e+00,6.059123e+00,6.712956e+00,7.206377e+00,6.929517e+00,5.826000e+00,7.651120e+00,5.726848e+00
6.577861e+00,7.031741e+00,6.545350e+00,6.726233e+00,6.192362e+00,5.950643e+00,6.714171e+00,6.650279e+00,5.908083e+00,6.188264e+00,6.928538e+00,5.765191e+00,5.877736e+00,6.748760e+00,7.135687e+00,6.892642e+00,5.411646e+00,7.634337e+00,5.693732e+00
6.588926e+00,7.031741e+00,6.545350e+00,6.673298e+00,6.276643e+00,5.950643e+00,6.714171e+00,6.646391e+00,5.910797e+00,6.186209e+00,6.928538e+00,5.846439e+00,5.616771e+00,7.234898e+00,7.049255e+00,6.903747e+00,5.267858e+00,7.634337e+00,5.159055e+00
6.577861e+00,7.037906e+00,6.419995e+00,6.720220e+00,6.361302e+00,5.921578e+00,6.716595e+00,6.658011e+00,5.905362e+00,6.186209e+00,6.926577e+00,5.497168e+00,4.356709e+00,7.319202e+00,7.026427e+00,6.907755e+00,5.147494e+00,7.634337e+00,5.575949e+00
6.538140e+00,7.054450e+00,6.419995e+00,6.679599e+00,6.431331e+00,5.921578e+00,6.674561e+00,6.700731e+00,5.837730e+00,6.186209e+00,6.869014e+00,5.513429e+00,3.951244e+00,7.329750e+00,6.963190e+00,6.966967e+00,5.147494e+00,7.634337e+00,6.037871e+00
6.234411e+00,7.183112e+00,6.152733e+00,6.841615e+00,6.472346e+00,5.921578e+00,6.674561e+00,6.699500e+00,5.739793e+00,6.272877e+00,6.765039e+00,5.513429e+00,3.951244e+00,7.504392e+00,7.009409e+00,6.973543e+00,5.147494e+00,7.604894e+00,6.472346e+00
5.831882e+00,7.298445e+00,6.150603e+00,6.850126e+00,6.473891e+00,5.921578e+00,6.674561e+00,6.699500e+00,5.655992e+00,6.265301e+00,6.712956e+00,5.521461e+00,4.290459e+00,7.560601e+00,7.050123e+00,6.981006e+00,5.141664e+00,7.517521e+00,6.487684e+00
5.560682e+00,7.351800e+00,6.150603e+00,6.834109e+00,6.445720e+00,6.006353e+00,6.674561e+00,6.699500e+00,5.560682e+00,6.159095e+00,6.703188e+00,5.533389e+00,4.290459e+00,7.474205e+00,7.133296e+00,6.989335e+00,5.087596e+00,7.465655e+00,6.507278e+00
5.293305e+00,7.388328e+00,6.175867e+00,6.765039e+00,5.908083e+00,6.593045e+00,6.674561e+00,6.699500e+00,5.560682e+00,6.284134e+00,6.701960e+00,5.533389e+00,4.290459e+00,7.565275e+00,7.133296e+00,6.999422e+00,5.087596e+00,7.459915e+00,6.572283e+00
5.648974e+00,7.390181e+00,6.175867e+00,6.749931e+00,5.940171e+00,6.594413e+00,6.513230e+00,6.835185e+00,5.560682e+00,6.284134e+00,6.665684e+00,5.509388e+00,4.290459e+00,7.627057e+00,7.077498e+00,7.026427e+00,5.087596e+00,7.287561e+00,6.572283e+00
5.680173e+00,7.393263e+00,6.175867e+00,6.712956e+00,6.018593e+00,6.594413e+00,6.363028e+00,6.931472e+00,5.556828e+00,6.284134e+00,6.665684e+00,5.351858e+00,4.219508e+00,7.612831e+00,7.029088e+00,7.026427e+00,5.087596e+00,7.207119e+00,6.572283e+00
5.655992e+00,7.397562e+00,6.023448e+00,6.617403e+00,6.317165e+00,6.594413e+00,6.361302e+00,6.898715e+00,5.680173e+00,6.284134e+00,6.648985e+00,5.342334e+00,4.143135e+00,7.588830e+00,6.857514e+00,7.026427e+00,5.087596e+00,7.193686e+00,6.572283e+00
5.631212e+00,7.398174e+00,6.028279e+00,6.426488e+00,6.533789e+00,6.594413e+00,6.317165e+00,6.923629e+00,5.680173e+00,6.284134e+00,6.637258e+00,5.342334e+00,4.143135e+00,7.592366e+00,6.864848e+00,7.026427e+00,5.087596e+00,7.129298e+00,6.572283e+00
5.686975e+00,7.391415e+00,6.025866e+00,6.418365e+00,6.558198e+00,6.594413e+00,6.202536e+00,6.959399e+00,5.755742e+00,6.224558e+00,6.432940e+00,5.342334e+00,4.812184e+00,7.612337e+00,6.901737e+00,7.026427e+00,5.087596e+00,6.900731e+00,6.684612e+00
5.686975e+00,7.377759e+00,5.398163e+00,6.579251e+00,6.700731e+00,6.594413e+00,6.202536e+00,6.959399e+00,5.755742e+00,6.126869e+00,6.291569e+00,5.187386e+00,4.820282e+00,7.611842e+00,6.901737e+00,7.026427e+00,5.093750e+00,6.731018e+00,6.751101e+00
5.389072e+00,7.421178e+00,5.420535e+00,6.545350e+00,6.731018e+00,6.594413e+00,6.202536e+00,6.959399e+00,5.521461e+00,6.082219e+00,6.148468e+00,5.220356e+00,4.820282e+00,7.618251e+00,6.875232e+00,7.026427e+00,5.181784e+00,6.539586e+00,6.751101e+00
5.389072e+00,7.421178e+00,5.420535e+00,6.455199e+00,6.800170e+00,6.572283e+00,6.234411e+00,6.925595e+00,5.652489e+00,6.148468e+00,5.910797e+00,5.429346e+00,4.820282e+00,7.618251e+00,6.732211e+00,7.025538e+00,5.147494e+00,6.261492e+00,6.751101e+00
5.393628e+00,7.433075e+00,5.298317e+00,6.496775e+00,6.801283e+00,6.553933e+00,6.259581e+00,6.810142e+00,5.981414e+00,6.251904e+00,5.852202e+00,5.429346e+00,4.812184e+00,7.618742e+00,6.543912e+00,6.991177e+00,5.147494e+00,6.267201e+00,6.751101e+00
5.513429e+00,7.403061e+00,5.505332e+00,6.502790e+00,6.801283e+00,6.498282e+00,6.329721e+00,6.754604e+00,6.093570e+00,6.308098e+00,5.768321e+00,5.429346e+00,4.762174e+00,7.618742e+00,6.513230e+00,6.938284e+00,5.147494e+00,6.177944e+00,6.754604e+00
5.707110e+00,7.419381e+00,5.556828e+00,6.502790e+00,6.801283e+00,6.492240e+00,5.869297e+00,6.929517e+00,6.188264e+00,6.242223e+00,5.768321e+00,5.429346e+00,4.804021e+00,7.604894e+00,6.517671e+00,6.929517e+00,5.093750e+00,6.061457e+00,6.754604e+00
5.710427e+00,7.387090e+00,5.743003e+00,6.455199e+00,6.838405e+00,6.469250e+00,5.777652e+00,6.967909e+00,6.190315e+00,6.144186e+00,5.768321e+00,5.429346e+00,4.727388e+00,7.599401e+00,6.523562e+00,6.902743e+00,5.231109e+00,5.883322e+00,6.754604e+00
5.963579e+00,7.379008e+00,5.673323e+00,6.487684e+00,6.852243e+00,6.453625e+00,5.805135e+00,6.910751e+00,6.248043e+00,6.144186e+00,5.768321e+00,5.505332e+00,4.795791e+00,7.584265e+00,6.523562e+00,6.744059e+00,4.919981e+00,5.303305e+00,6.878326e+00
5.963579e+00,7.280008e+00,6.040255e+00,6.517671e+00,6.854355e+00,6.354370e+00,5.971262e+00,6.887553e+00,6.291569e+00,6.146329e+00,5.768321e+00,5.556828e+00,4.820282e+00,7.596894e+00,6.523562e+00,6.287859e+00,5.407172e+00,4.955827e+00,6.925595e+00
6.018593e+00,7.054450e+00,6.543912e+00,6.538140e+00,6.858565e+00,6.340359e+00,5.991465e+00,6.887553e+00,6.291569e+00,6.135565e+00,5.768321e+00,5.940171e+00,5.693732e+00,7.596392e+00,6.439350e+00,5.783825e+00,5.488938e+00,4.955827e+00,7.003974e+00
6.070738e+00,6.944087e+00,6.704414e+00,6.538140e+00,6.858565e+00,6.340359e+00,5.991465e+00,6.887553e+00,6.196444e+00,6.122493e+00,5.746203e+00,6.287859e+00,5.717028e+00,7.611842e+00,6.373320e+00,5.549076e+00,5.749393e+00,4.955827e+00,7.045777e+00
6.093570e+00,6.913737e+00,6.741701e+00,6.538140e+00,6.858565e+00,6.340359e+00,5.247024e+00,7.081709e+00,6.184149e+00,6.079933e+00,5.730100e+00,6.440947e+00,5.730100e+00,7.610358e+00,6.274762e+00,5.509388e+00,5.749393e+00,5.010635e+00,7.129298e+00
6.236370e+00,6.908755e+00,6.745236e+00,6.541030e+00,6.858565e+00,6.340359e+00,5.247024e+00,7.070724e+00,6.198479e+00,6.073045e+00,5.638355e+00,6.455199e+00,5.730100e+00,7.707962e+00,6.274762e+00,5.509388e+00,5.921578e+00,5.164786e+00,7.281386e+00
6.366470e+00,6.908755e+00,6.745236e+00,6.541030e+00,6.858565e+00,6.198479e+00,5.579730e+00,6.695799e+00,6.711740e+00,6.084499e+00,5.337538e+00,6.455199e+00,5.866468e+00,7.727976e+00,6.274762e+00,5.497168e+00,5.983936e+00,5.164786e+00,7.281386e+00
6.369901e+00,6.889591e+00,6.761573e+00,6.548219e+00,6.771936e+00,6.340359e+00,5.537334e+00,6.714171e+00,6.711740e+00,6.054439e+00,5.318120e+00,6.466145e+00,5.934894e+00,7.749322e+00,6.274762e+00,5.545177e+00,6.006353e+00,5.164786e+00,7.286192e+00
6.551080e+00,6.762730e+00,6.887553e+00,6.551080e+00,6.771936e+00,6.204558e+00,5.786897e+00,6.714171e+00,6.711740e+00,6.124683e+00,4.736198e+00,6.672033e+00,6.280396e+00,7.705713e+00,6.274762e+00,5.365976e+00,6.006353e+00,5.164786e+00,7.286192e+00
6.565265e+00,6.558198e+00,7.039660e+00,6.551080e+00,6.711740e+00,6.302619e+00,5.786897e+00,6.714171e+00,6.711740e+00,6.236370e+00,2.890372e+00,6.563856e+00,6.343880e+00,7.739794e+00,6.228511e+00,5.407172e+00,5.981414e+00,5.075174e+00,7.286192e+00
6.565265e+00,6.558198e+00,7.035269e+00,6.558198e+00,6.711740e+00,6.190315e+00,5.950643e+00,6.714171e+00,6.701960e+00,6.364751e+00,2.397895e+00,6.575076e+00,6.583409e+00,7.751475e+00,6.216606e+00,5.463832e+00,5.963579e+00,5.075174e+00,7.284135e+00
6.545350e+00,6.577861e+00,7.031741e+00,6.545350e+00,6.726233e+00,6.192362e+00,5.950643e+00,6.714171e+00,6.650279e+00,6.461468e+00,2.995732e+00,6.594413e+00,6.583409e+00,7.745868e+00,6.216606e+00,5.613128e+00,5.963579e+00,4.990433e+00,7.284135e+00
6.533789e+00,6.588926e+00,7.031741e+00,6.545350e+00,6.673298e+00,6.276643e+00,5.950643e+00,6.714171e+00,6.646391e+00,6.579251e+00,3.784190e+00,6.539586e+00,6.583409e+00,7.483244e+00,6.269096e+00,5.480639e+00,5.963579e+00,4.820282e+00,7.284135e+00
6.530878e+00,6.577861e+00,7.037906e+00,6.419995e+00,6.720220e+00,6.361302e+00,5.921578e+00,6.716595e+00,6.658011e+00,6.597146e+00,3.784190e+00,6.555357e+00,6.584791e+00,7.447168e+00,6.240276e+00,5.480639e+00,5.963579e+00,4.820282e+00,7.132498e+00
6.587550e+00,6.538140e+00,7.054450e+00,6.419995e+00,6.679599e+00,6.431331e+00,5.921578e+00,6.674561e+00,6.700731e+00,6.610696e+00,3.688879e+00,6.741701e+00,6.577861e+00,7.457032e+00,6.276643e+00,5.187386e+00,5.963579e+00,4.820282e+00,6.991177e+00
6.625392e+00,6.234411e+00,7.183112e+00,6.152733e+00,6.841615e+00,6.472346e+00,5.921578e+00,6.674561e+00,6.699500e+00,6.545350e+00,3.637586e+00,7.029088e+00,6.577861e+00,7.288928e+00,6.177944e+00,5.147494e+00,5.963579e+00,4.820282e+00,6.765039e+00
6.625392e+00,5.831882e+00,7.298445e+00,6.150603e+00,6.850126e+00,6.473891e+00,5.921578e+00,6.674561e+00,6.699500e+00,6.415097e+00,3.637586e+00,7.126087e+00,6.597146e+00,7.212294e+00,6.047372e+00,5.159055e+00,5.963579e+00,4.820282e+00,6.984716e+00
6.625392e+00,5.560682e+00,7.351800e+00,6.150603e+00,6.834109e+00,6.445720e+00,6.006353e+00,6.674561e+00,6.699500e+00,6.336826e+00,3.637586e+00,7.126087e+00,6.597146e+00,7.185387e+00,5.768321e+00,5.241747e+00,5.963579e+00,4.820282e+00,7.210818e+00
6.738152e+00,5.293305e+00,7.388328e+00,6.175867e+00,6.765039e+00,5.908083e+00,6.593045e+00,6.674561e+00,6.699500e+00,6.202536e+00,4.077537e+00,7.126087e+00,6.599870e+00,6.984716e+00,5.860786e+00,5.181784e+00,5.963579e+00,5.099866e+00,7.263330e+00
6.693324e+00,5.648974e+00,7.390181e+00,6.175867e+00,6.749931e+00,5.940171e+00,6.594413e+00,6.513230e+00,6.835185e+00,6.302619e+00,4.094345e+00,7.126891e+00,6.621406e+00,6.773080e+00,5.857933e+00,4.997212e+00,5.963579e+00,5.099866e+00,7.280697e+00
6.677083e+00,5.680173e+00,7.393263e+00,6.175867e+00,6.712956e+00,6.018593e+00,6.594413e+00,6.363028e+00,6.931472e+00,6.403574e+00,4.110874e+00,7.126891e+00,6.621406e+00,6.840547e+00,5.966147e+00,4.997212e+00,6.008813e+00,5.648974e+00,7.303170e+00
6.839476e+00,5.655992e+00,7.397562e+00,6.023448e+00,6.617403e+00,6.317165e+00,6.594413e+00,6.361302e+00,6.898715e+00,6.526495e+00,4.382027e+00,7.169350e+00,6.621406e+00,6.885510e+00,6.089045e+00,4.997212e+00,6.008813e+00,5.648974e+00,7.303170e+00
6.842683e+00,5.631212e+00,7.398174e+00,6.028279e+00,6.426488e+00,6.533789e+00,6.594413e+00,6.317165e+00,6.923629e+00,6.612041e+00,5.638355e+00,7.186144e+00,6.621406e+00,6.870053e+00,6.073045e+00,4.997212e+00,6.008813e+00,5.648974e+00,7.303170e+00
6.825460e+00,5.686975e+00,7.391415e+00,6.025866e+00,6.418365e+00,6.558198e+00,6.594413e+00,6.202536e+00,6.959399e+00,6.634633e+00,5.774552e+00,7.195937e+00,6.538140e+00,6.877296e+00,5.891644e+00,4.997212e+00,6.023448e+00,5.648974e+00,7.244228e+00
6.825460e+00,5.686975e+00,7.377759e+00,5.398163e+00,6.579251e+00,6.700731e+00,6.594413e+00,6.202536e+00,6.959399e+00,6.634633e+00,5.897154e+00,7.195937e+00,6.536692e+00,6.901737e+00,5.583496e+00,5.003946e+00,6.033086e+00,5.659482e+00,7.204149e+00
6.824374e+00,5.389072e+00,7.421178e+00,5.420535e+00,6.545350e+00,6.731018e+00,6.594413e+00,6.202536e+00,6.959399e+00,6.613384e+00,6.206576e+00,7.191429e+00,6.546785e+00,6.888572e+00,5.533389e+00,5.003946e+00,5.945421e+00,5.659482e+00,7.204149e+00
6.843750e+00,5.389072e+00,7.421178e+00,5.420535e+00,6.455199e+00,6.800170e+00,6.572283e+00,6.234411e+00,6.925595e+00,6.612041e+00,6.437752e+00,7.145196e+00,6.546785e+00,6.910751e+00,5.645447e+00,5.003946e+00,5.894403e+00,5.641907e+00,7.204149e+00
6.820016e+00,5.393628e+00,7.433075e+00,5.298317e+00,6.496775e+00,6.801283e+00,6.553933e+00,6.259581e+00,6.810142e+00,6.561031e+00,6.437752e+00,7.145196e+00,6.546785e+00,6.905753e+00,5.583496e+00,4.962845e+00,5.894403e+00,5.594711e+00,7.204149e+00
6.791221e+00,5.513429e+00,7.403061e+00,5.505332e+00,6.502790e+00,6.801283e+00,6.498282e+00,6.329721e+00,6.754604e+00,6.542472e+00,6.429719e+00,7.145196e+00,6.546785e+00,6.905753e+00,5.583496e+00,4.955827e+00,5.934894e+00,5.631212e+00,7.201916e+00
6.680855e+00,5.707110e+00,7.419381e+00,5.556828e+00,6.502790e+00,6.801283e+00,6.492240e+00,5.869297e+00,6.929517e+00,6.539586e+00,6.437752e+00,7.145196e+00,6.539586e+00,6.886532e+00,5.572154e+00,4.955827e+00,5.948035e+00,5.613128e+00,7.201916e+00
6.675823e+00,5.710427e+00,7.387090e+00,5.743003e+00,6.455199e+00,6.838405e+00,6.469250e+00,5.777652e+00,6.967909e+00,6.538140e+00,6.439350e+00,7.145196e+00,6.539586e+00,6.881411e+00,5.594711e+00,4.955827e+00,6.063785e+00,5.564520e+00,7.201916e+00
6.559615e+00,5.963579e+00,7.379008e+00,5.673323e+00,6.487684e+00,6.852243e+00,6.453625e+00,5.805135e+00,6.910751e+00,6.538140e+00,6.442540e+00,7.130899e+00,6.501290e+00,6.839476e+00,5.697093e+00,4.955827e+00,6.267201e+00,5.505332e+00,7.122060e+00
6.590301e+00,5.963579e+00,7.280008e+00,6.040255e+00,6.517671e+00,6.854355e+00,6.354370e+00,5.971262e+00,6.887553e+00,6.536692e+00,6.444131e+00,7.133296e+00,6.496775e+00,6.777647e+00,5.697093e+00,4.955827e+00,6.098074e+00,5.351858e+00,7.083388e+00
6.559615e+00,6.018593e+00,7.054450e+00,6.543912e+00,6.538140e+00,6.858565e+00,6.340359e+00,5.991465e+00,6.887553e+00,6.536692e+00,6.447306e+00,7.032624e+00,6.192362e+00,6.788972e+00,5.886104e+00,4.955827e+00,6.257668e+00,5.351858e+00,7.011214e+00
6.527958e+00,6.070738e+00,6.944087e+00,6.704414e+00,6.538140e+00,6.858565e+00,6.340359e+00,5.991465e+00,6.887553e+00,6.536692e+00,6.447306e+00,6.882437e+00,6.177944e+00,6.784457e+00,5.902633e+00,4.955827e+00,6.109248e+00,5.351858e+00,6.963190e+00
6.514713e+00,6.093570e+00,6.913737e+00,6.741701e+00,6.538140e+00,6.858565e+00,6.340359e+00,5.247024e+00,7.081709e+00,6.536692e+00,6.447306e+00,6.786717e+00,6.169611e+00,6.953684e+00,5.948035e+00,5.023881e+00,6.109248e+00,5.327876e+00,6.855409e+00
6.413459e+00,6.236370e+00,6.908755e+00,6.745236e+00,6.541030e+00,6.858565e+00,6.340359e+00,5.247024e+00,7.070724e+00,6.565265e+00,6.447306e+00,6.782192e+00,6.169611e+00,6.858565e+00,6.054439e+00,5.023881e+00,5.968708e+00,5.198497e+00,6.577861e+00
6.289716e+00,6.366470e+00,6.908755e+00,6.745236e+00,6.541030e+00,6.858565e+00,6.198479e+00,5.579730e+00,6.695799e+00,6.565265e+00,6.447306e+00,6.829794e+00,6.070738e+00,6.919684e+00,6.265301e+00,5.023881e+00,5.905362e+00,6.122493e+00,6.577861e+00
6.285998e+00,6.369901e+00,6.889591e+00,6.761573e+00,6.548219e+00,6.771936e+00,6.340359e+00,5.537334e+00,6.714171e+00,6.562444e+00,6.448889e+00,6.830874e+00,6.047372e+00,6.876265e+00,6.265301e+00,4.912655e+00,5.886104e+00,6.163315e+00,6.598509e+00
6.040255e+00,6.551080e+00,6.762730e+00,6.887553e+00,6.551080e+00,6.771936e+00,6.204558e+00,5.786897e+00,6.714171e+00,6.558198e+00,6.453625e+00,6.624065e+00,5.826000e+00,6.874198e+00,6.366470e+00,4.990433e+00,5.888878e+00,6.579251e+00,6.598509e+00
6.013715e+00,6.565265e+00,6.558198e+00,7.039660e+00,6.551080e+00,6.711740e+00,6.302619e+00,5.786897e+00,6.714171e+00,6.539586e+00,6.453625e+00,6.617403e+00,5.843544e+00,6.791221e+00,6.386879e+00,5.081404e+00,6.120297e+00,6.624065e+00,6.648985e+00
6.016157e+00,6.565265e+00,6.558198e+00,7.035269e+00,6.558198e+00,6.711740e+00,6.190315e+00,5.950643e+00,6.714171e+00,6.473891e+00,6.484635e+00,6.632002e+00,5.323010e+00,6.733402e+00,6.395262e+00,5.043425e+00,6.369901e+00,6.624065e+00,6.648985e+00
6.184149e+00,6.545350e+00,6.577861e+00,7.031741e+00,6.545350e+00,6.726233e+00,6.192362e+00,5.950643e+00,6.714171e+00,6.378426e+00,6.470800e+00,6.613384e+00,5.323010e+00,6.712956e+00,6.429719e+00,4.727388e+00,6.424869e+00,6.624065e+00,6.648985e+00
6.333280e+00,6.533789e+00,6.588926e+00,7.031741e+00,6.545350e+00,6.673298e+00,6.276643e+00,5.950643e+00,6.714171e+00,6.263398e+00,6.432940e+00,6.629363e+00,5.323010e+00,6.749931e+00,6.458338e+00,4.644391e+00,6.424869e+00,6.617403e+00,6.648985e+00
6.349139e+00,6.530878e+00,6.577861e+00,7.037906e+00,6.419995e+00,6.720220e+00,6.361302e+00,5.921578e+00,6.716595e+00,6.289716e+00,6.440947e+00,6.612041e+00,5.476464e+00,6.692084e+00,6.439350e+00,4.672829e+00,6.458338e+00,6.617403e+00,6.648985e+00
6.318968e+00,6.587550e+00,6.538140e+00,7.054450e+00,6.419995e+00,6.679599e+00,6.431331e+00,5.921578e+00,6.674561e+00,6.297109e+00,6.444131e+00,6.390241e+00,5.480639e+00,6.726233e+00,6.398595e+00,4.672829e+00,6.461468e+00,6.617403e+00,6.648985e+00
6.267201e+00,6.625392e+00,6.234411e+00,7.183112e+00,6.152733e+00,6.841615e+00,6.472346e+00,5.921578e+00,6.674561e+00,6.455199e+00,6.444131e+00,5.849325e+00,5.480639e+00,6.726233e+00,6.419995e+00,4.672829e+00,6.476972e+00,6.617403e+00,6.645091e+00
6.484635e+00,6.625392e+00,5.831882e+00,7.298445e+00,6.150603e+00,6.850126e+00,6.473891e+00,5.921578e+00,6.674561e+00,6.455199e+00,6.444131e+00,5.446737e+00,5.411646e+00,6.755769e+00,6.421622e+00,4.574711e+00,6.495266e+00,6.617403e+00,6.302619e+00
6.577861e+00,6.625392e+00,5.560682e+00,7.351800e+00,6.150603e+00,6.834109e+00,6.445720e+00,6.006353e+00,6.674561e+00,6.455199e+00,6.444131e+00,5.433722e+00,5.463832e+00,6.755769e+00,6.418365e+00,4.290459e+00,6.508769e+00,6.617403e+00,5.556828e+00
6.469250e+00,6.738152e+00,5.293305e+00,7.388328e+00,6.175867e+00,6.765039e+00,5.908083e+00,6.593045e+00,6.674561e+00,6.455199e+00,6.410175e+00,5.433722e+00,5.455321e+00,6.822197e+00,6.467699e+00,4.290459e+00,6.508769e+00,6.562444e+00,4.948760e+00
6.393591e+00,6.693324e+00,5.648974e+00,7.390181e+00,6.175867e+00,6.749931e+00,5.940171e+00,6.594413e+00,6.513230e+00,6.369901e+00,6.408529e+00,5.429346e+00,5.384495e+00,6.813445e+00,6.610696e+00,4.644391e+00,6.508769e+00,6.562444e+00,4.753590e+00
6.391917e+00,6.677083e+00,5.680173e+00,7.393263e+00,6.175867e+00,6.712956e+00,6.018593e+00,6.594413e+00,6.363028e+00,6.278521e+00,6.476972e+00,5.429346e+00,5.384495e+00,6.727432e+00,6.598509e+00,4.644391e+00,6.532334e+00,6.376727e+00,4.418841e+00
6.200509e+00,6.839476e+00,5.655992e+00,7.397562e+00,6.023448e+00,6.617403e+00,6.317165e+00,6.594413e+00,6.361302e+00,6.159095e+00,6.796824e+00,5.176150e+00,5.384495e+00,6.674561e+00,6.526495e+00,4.644391e+00,6.532334e+00,6.376727e+00,4.727388e+00
6.220590e+00,6.842683e+00,5.631212e+00,7.398174e+00,6.028279e+00,6.426488e+00,6.533789e+00,6.594413e+00,6.317165e+00,6.023448e+00,6.695799e+00,5.062595e+00,5.433722e+00,6.674561e+00,6.637258e+00,5.117994e+00,6.532334e+00,6.434547e+00,4.770685e+00
6.263398e+00,6.825460e+00,5.686975e+00,7.391415e+00,6.025866e+00,6.418365e+00,6.558198e+00,6.594413e+00,6.202536e+00,5.981414e+00,6.684612e+00,5.043425e+00,5.433722e+00,6.598509e+00,6.665684e+00,5.356586e+00,6.523562e+00,6.442540e+00,4.770685e+00
6.263398e+00,6.825460e+00,5.686975e+00,7.377759e+00,5.398163e+00,6.579251e+00,6.700731e+00,6.594413e+00,6.202536e+00,5.996452e+00,6.793466e+00,5.159055e+00,5.433722e+00,6.566672e+00,6.668228e+00,5.416100e+00,6.516193e+00,6.437752e+00,4.770685e+00
6.263398e+00,6.824374e+00,5.389072e+00,7.421178e+00,5.420535e+00,6.545350e+00,6.731018e+00,6.594413e+00,6.202536e+00,6.135565e+00,6.752270e+00,5.159055e+00,5.402677e+00,6.566672e+00,6.669498e+00,5.416100e+00,6.516193e+00,6.458338e+00,4.770685e+00
6.228511e+00,6.843750e+00,5.389072e+00,7.421178e+00,5.420535e+00,6.455199e+00,6.800170e+00,6.572283e+00,6.234411e+00,6.070738e+00,6.591674e+00,5.159055e+00,5.402677e+00,6.535241e+00,6.666957e+00,5.416100e+00,6.516193e+00,6.458338e+00,4.770685e+00
6.226537e+00,6.820016e+00,5.393628e+00,7.433075e+00,5.298317e+00,6.496775e+00,6.801283e+00,6.553933e+00,6.259581e+00,6.037871e+00,6.661855e+00,5.159055e+00,5.402677e+00,6.535241e+00,6.825460e+00,5.424950e+00,6.516193e+00,6.458338e+00,4.770685e+00
6.222576e+00,6.791221e+00,5.513429e+00,7.403061e+00,5.505332e+00,6.502790e+00,6.801283e+00,6.498282e+00,6.329721e+00,5.942799e+00,6.700731e+00,5.159055e+00,5.402677e+00,6.594413e+00,6.836259e+00,5.424950e+00,6.493754e+00,6.442540e+00,4.770685e+00
6.336826e+00,6.680855e+00,5.707110e+00,7.419381e+00,5.556828e+00,6.502790e+00,6.801283e+00,6.492240e+00,5.869297e+00,5.978886e+00,6.700731e+00,5.159055e+00,5.429346e+00,6.594413e+00,6.903747e+00,5.645447e+00,6.486161e+00,6.442540e+00,4.962845e+00
6.388561e+00,6.675823e+00,5.710427e+00,7.387090e+00,5.743003e+00,6.455199e+00,6.838405e+00,6.469250e+00,5.777652e+00,6.236370e+00,6.703188e+00,5.159055e+00,5.480639e+00,6.594413e+00,6.899723e+00,5.857933e+00,6.326149e+00,6.442540e+00,5.017280e+00
6.478510e+00,6.559615e+00,5.963579e+00,7.379008e+00,5.673323e+00,6.487684e+00,6.852243e+00,6.453625e+00,5.805135e+00,6.318968e+00,6.700731e+00,5.159055e+00,5.480639e+00,6.594413e+00,6.890609e+00,5.872118e+00,6.122493e+00,6.442540e+00,4.948760e+00
6.511745e+00,6.590301e+00,5.963579e+00,7.280008e+00,6.040255e+00,6.517671e+00,6.854355e+00,6.354370e+00,5.971262e+00,6.651572e+00,6.703188e+00,5.068904e+00,5.480639e+00,6.594413e+00,6.890609e+00,5.902633e+00,6.137727e+00,6.442540e+00,5.017280e+00
6.565265e+00,6.559615e+00,6.018593e+00,7.054450e+00,6.543912e+00,6.538140e+00,6.858565e+00,6.340359e+00,5.991465e+00,6.668228e+00,6.830874e+00,5.062595e+00,5.480639e+00,6.584791e+00,6.825460e+00,5.902633e+00,6.079933e+00,6.442540e+00,5.442418e+00
6.659294e+00,6.527958e+00,6.070738e+00,6.944087e+00,6.704414e+00,6.538140e+00,6.858565e+00,6.340359e+00,5.991465e+00,6.668228e+00,6.831954e+00,5.062595e+00,5.480639e+00,6.551080e+00,6.817831e+00,5.902633e+00,6.079933e+00,6.442540e+00,5.564520e+00
6.660575e+00,6.514713e+00,6.093570e+00,6.913737e+00,6.741701e+00,6.538140e+00,6.858565e+00,6.340359e+00,5.247024e+00,6.668228e+00,6.882437e+00,5.062595e+00,5.480639e+00,6.411818e+00,6.799056e+00,5.874931e+00,6.142037e+00,6.445720e+00,5.575949e+00
6.656727e+00,6.413459e+00,6.236370e+00,6.908755e+00,6.745236e+00,6.541030e+00,6.858565e+00,6.340359e+00,5.247024e+00,6.642487e+00,6.948897e+00,5.030438e+00,5.480639e+00,6.526495e+00,6.749931e+00,5.880533e+00,6.196444e+00,6.489205e+00,5.758902e+00
6.660575e+00,6.289716e+00,6.366470e+00,6.908755e+00,6.745236e+00,6.541030e+00,6.858565e+00,6.198479e+00,5.579730e+00,6.635947e+00,6.948897e+00,4.700480e+00,5.480639e+00,6.520621e+00,6.625392e+00,5.880533e+00,6.222576e+00,5.971262e+00,5.758902e+00
6.660575e+00,6.285998e+00,6.369901e+00,6.889591e+00,6.761573e+00,6.548219e+00,6.771936e+00,6.340359e+00,5.537334e+00,6.664409e+00,7.020191e+00,4.624973e+00,5.416100e+00,6.577861e+00,6.625392e+00,5.880533e+00,6.218600e+00,5.921578e+00,5.686975e+00
6.661855e+00,6.040255e+00,6.551080e+00,6.762730e+00,6.887553e+00,6.551080e+00,6.771936e+00,6.204558e+00,5.786897e+00,6.670766e+00,7.023759e+00,4.624973e+00,5.030438e+00,6.573680e+00,6.548219e+00,5.849325e+00,6.216606e+00,4.852030e+00,5.843544e+00
6.661855e+00,6.013715e+00,6.565265e+00,6.558198e+00,7.039660e+00,6.551080e+00,6.711740e+00,6.302619e+00,5.786897e+00,6.650279e+00,7.023759e+00,4.624973e+00,4.718499e+00,6.573680e+00,6.530878e+00,5.758902e+00,6.008813e+00,4.997212e+00,5.789960e+00
6.756932e+00,6.016157e+00,6.565265e+00,6.558198e+00,7.035269e+00,6.558198e+00,6.711740e+00,6.190315e+00,5.950643e+00,6.650279e+00,7.005789e+00,4.418841e+00,4.663439e+00,6.573680e+00,6.523562e+00,5.736572e+00,5.690359e+00,5.062595e+00,5.799093e+00
6.665684e+00,6.184149e+00,6.545350e+00,6.577861e+00,7.031741e+00,6.545350e+00,6.726233e+00,6.192362e+00,5.950643e+00,6.650279e+00,7.007601e+00,4.418841e+00,4.700480e+00,6.573680e+00,6.583409e+00,5.736572e+00,5.572154e+00,5.062595e+00,5.799093e+00
6.561031e+00,6.333280e+00,6.533789e+00,6.588926e+00,7.031741e+00,6.545350e+00,6.673298e+00,6.276643e+00,5.950643e+00,6.629363e+00,7.015712e+00,4.584967e+00,4.700480e+00,6.613384e+00,6.525030e+00,5.736572e+00,5.602119e+00,5.062595e+00,5.799093e+00
6.548219e+00,6.349139e+00,6.530878e+00,6.577861e+00,7.037906e+00,6.419995e+00,6.720220e+00,6.361302e+00,5.921578e+00,6.594413e+00,7.126891e+00,5.273000e+00,4.290459e+00,6.648985e+00,6.520621e+00,5.707110e+00,5.521461e+00,5.062595e+00,5.799093e+00
6.514713e+00,6.318968e+00,6.587550e+00,6.538140e+00,7.054450e+00,6.419995e+00,6.679599e+00,6.431331e+00,5.921578e+00,6.568078e+00,7.233455e+00,5.488938e+00,4.276666e+00,6.566672e+00,6.541030e+00,5.707110e+00,5.590987e+00,5.062595e+00,5.828946e+00
6.514713e+00,6.267201e+00,6.625392e+00,6.234411e+00,7.183112e+00,6.152733e+00,6.841615e+00,6.472346e+00,5.921578e+00,6.428105e+00,7.260523e+00,5.393628e+00,4.382027e+00,6.532334e+00,6.522093e+00,5.707110e+00,5.641907e+00,5.062595e+00,5.814131e+00
6.329721e+00,6.484635e+00,6.625392e+00,5.831882e+00,7.298445e+00,6.150603e+00,6.850126e+00,6.473891e+00,5.921578e+00,6.428105e+00,7.260523e+00,5.433722e+00,4.110874e+00,6.562444e+00,6.520621e+00,5.707110e+00,5.648974e+00,5.062595e+00,5.814131e+00
6.208590e+00,6.577861e+00,6.625392e+00,5.560682e+00,7.351800e+00,6.150603e+00,6.834109e+00,6.445720e+00,6.006353e+00,6.428105e+00,7.260523e+00,5.433722e+00,3.891820e+00,6.587550e+00,6.520621e+00,5.752573e+00,5.616771e+00,6.059123e+00,5.814131e+00
6.156979e+00,6.469250e+00,6.738152e+00,5.293305e+00,7.388328e+00,6.175867e+00,6.765039e+00,5.908083e+00,6.593045e+00,6.529419e+00,7.279319e+00,5.433722e+00,3.970292e+00,6.502790e+00,6.396930e+00,5.765191e+00,5.799093e+00,6.154858e+00,5.814131e+00
6.148468e+00,6.393591e+00,6.693324e+00,5.648974e+00,7.390181e+00,6.175867e+00,6.749931e+00,5.940171e+00,6.594413e+00,6.529419e+00,7.325808e+00,5.433722e+00,5.075174e+00,6.501290e+00,6.212606e+00,5.662960e+00,5.799093e+00,6.154858e+00,5.814131e+00
6.249975e+00,6.391917e+00,6.677083e+00,5.680173e+00,7.393263e+00,6.175867e+00,6.712956e+00,6.018593e+00,6.594413e+00,6.519147e+00,7.296413e+00,5.433722e+00,5.209486e+00,6.501290e+00,6.131226e+00,5.662960e+00,5.690359e+00,6.154858e+00,5.814131e+00
6.177944e+00,6.200509e+00,6.839476e+00,5.655992e+00,7.397562e+00,6.023448e+00,6.617403e+00,6.317165e+00,6.594413e+00,6.493754e+00,7.099202e+00,5.424950e+00,5.209486e+00,6.501290e+00,6.259581e+00,5.662960e+00,5.690359e+00,6.165418e+00,5.720312e+00
6.226537e+00,6.220590e+00,6.842683e+00,5.631212e+00,7.398174e+00,6.028279e+00,6.426488e+00,6.533789e+00,6.594413e+00,6.496775e+00,7.000334e+00,6.056784e+00,5.147494e+00,6.501290e+00,6.115892e+00,5.416100e+00,5.690359e+00,6.089045e+00,5.703782e+00
6.295266e+00,6.263398e+00,6.825460e+00,5.686975e+00,7.391415e+00,6.025866e+00,6.418365e+00,6.558198e+00,6.594413e+00,6.504288e+00,6.974479e+00,6.248043e+00,5.176150e+00,6.501290e+00,6.177944e+00,5.283204e+00,5.690359e+00,6.077642e+00,5.703782e+00
6.302619e+00,6.263398e+00,6.825460e+00,5.686975e+00,7.377759e+00,5.398163e+00,6.579251e+00,6.700731e+00,6.594413e+00,6.541030e+00,6.842683e+00,6.246107e+00,5.332719e+00,6.499787e+00,6.167516e+00,5.620401e+00,5.690359e+00,6.077642e+00,5.703782e+00
6.311735e+00,6.263398e+00,6.824374e+00,5.389072e+00,7.421178e+00,5.420535e+00,6.545350e+00,6.731018e+00,6.594413e+00,6.439350e+00,6.734592e+00,6.248043e+00,5.332719e+00,6.499787e+00,6.280396e+00,5.697093e+00,5.690359e+00,6.047372e+00,5.720312e+00
6.311735e+00,6.228511e+00,6.843750e+00,5.389072e+00,7.421178e+00,5.420535e+00,6.455199e+00,6.800170e+00,6.572283e+00,6.439350e+00,6.732211e+00,6.375025e+00,5.332719e+00,6.499787e+00,6.226537e+00,5.777652e+00,5.752573e+00,6.047372e+00,5.899897e+00
6.311735e+00,6.226537e+00,6.820016e+00,5.393628e+00,7.433075e+00,5.298317e+00,6.496775e+00,6.801283e+00,6.553933e+00,6.514713e+00,6.666957e+00,6.424869e+00,5.332719e+00,6.499787e+00,5.916202e+00,5.771441e+00,5.758902e+00,6.047372e+00,6.075346e+00
6.317165e+00,6.222576e+00,6.791221e+00,5.513429e+00,7.403061e+00,5.505332e+00,6.502790e+00,6.801283e+00,6.498282e+00,6.523562e+00,6.626718e+00,6.458338e+00,5.332719e+00,6.434547e+00,5.888878e+00,5.814131e+00,6.329721e+00,6.047372e+00,6.075346e+00
6.361302e+00,6.336826e+00,6.680855e+00,5.707110e+00,7.419381e+00,5.556828e+00,6.502790e+00,6.801283e+00,6.492240e+00,6.511745e+00,6.620073e+00,6.481577e+00,5.303305e+00,6.434547e+00,5.693732e+00,6.398595e+00,6.329721e+00,6.047372e+00,6.028279e+00
6.309918e+00,6.388561e+00,6.675823e+00,5.710427e+00,7.387090e+00,5.743003e+00,6.455199e+00,6.838405e+00,6.469250e+00,6.388561e+00,6.616065e+00,6.481577e+00,5.241747e+00,6.434547e+00,5.693732e+00,6.813445e+00,6.327937e+00,6.047372e+00,6.008813e+00
6.202536e+00,6.478510e+00,6.559615e+00,5.963579e+00,7.379008e+00,5.673323e+00,6.487684e+00,6.852243e+00,6.453625e+00,6.311735e+00,6.616065e+00,6.481577e+00,5.241747e+00,6.434547e+00,5.796058e+00,6.825460e+00,6.313548e+00,6.070738e+00,6.008813e+00
6.109248e+00,6.511745e+00,6.590301e+00,5.963579e+00,7.280008e+00,6.040255e+00,6.517671e+00,6.854355e+00,6.354370e+00,5.805135e+00,6.612041e+00,6.519147e+00,5.247024e+00,6.434547e+00,5.796058e+00,6.821107e+00,6.293419e+00,6.137727e+00,5.983936e+00
6.082219e+00,6.565265e+00,6.559615e+00,6.018593e+00,7.054450e+00,6.543912e+00,6.538140e+00,6.858565e+00,6.340359e+00,5.765191e+00,6.447306e+00,6.565265e+00,5.356586e+00,6.481577e+00,5.796058e+00,6.821107e+00,6.154858e+00,6.154858e+00,5.758902e+00
5.963579e+00,6.659294e+00,6.527958e+00,6.070738e+00,6.944087e+00,6.704414e+00,6.538140e+00,6.858565e+00,6.340359e+00,5.789960e+00,6.445720e+00,6.565265e+00,5.796058e+00,6.629363e+00,5.796058e+00,6.821107e+00,6.154858e+00,6.161207e+00,5.659482e+00
6.013715e+00,6.660575e+00,6.514713e+00,6.093570e+00,6.913737e+00,6.741701e+00,6.538140e+00,6.858565e+00,6.340359e+00,5.908083e+00,6.366470e+00,6.744059e+00,6.063785e+00,6.692084e+00,5.891644e+00,6.863803e+00,6.093570e+00,6.150603e+00,5.648974e+00
6.159095e+00,6.656727e+00,6.413459e+00,6.236370e+00,6.908755e+00,6.745236e+00,6.541030e+00,6.858565e+00,6.340359e+00,5.910797e+00,6.244167e+00,6.746412e+00,6.204558e+00,6.431331e+00,5.910797e+00,6.861711e+00,6.033086e+00,6.089045e+00,5.442418e+00
6.152733e+00,6.660575e+00,6.289716e+00,6.366470e+00,6.908755e+00,6.745236e+00,6.541030e+00,6.858565e+00,6.198479e+00,5.905362e+00,6.244167e+00,6.831954e+00,6.204558e+00,6.253829e+00,6.139885e+00,6.950815e+00,6.001415e+00,6.068426e+00,5.442418e+00
6.381816e+00,6.660575e+00,6.285998e+00,6.369901e+00,6.889591e+00,6.761573e+00,6.548219e+00,6.771936e+00,6.340359e+00,5.837730e+00,6.079933e+00,6.960348e+00,6.210600e+00,6.161207e+00,6.357842e+00,6.952729e+00,6.001415e+00,6.068426e+00,5.442418e+00
6.386879e+00,6.661855e+00,6.040255e+00,6.551080e+00,6.762730e+00,6.887553e+00,6.551080e+00,6.771936e+00,6.204558e+00,5.739793e+00,6.063785e+00,6.960348e+00,6.269096e+00,6.159095e+00,6.368187e+00,6.952729e+00,6.001415e+00,6.068426e+00,5.198497e+00
6.386879e+00,6.661855e+00,6.013715e+00,6.565265e+00,6.558198e+00,7.039660e+00,6.551080e+00,6.711740e+00,6.302619e+00,5.655992e+00,6.063785e+00,6.960348e+00,6.274762e+00,6.159095e+00,6.548219e+00,6.947937e+00,6.001415e+00,5.937536e+00,5.081404e+00
6.259581e+00,6.756932e+00,6.016157e+00,6.565265e+00,6.558198e+00,7.035269e+00,6.558198e+00,6.711740e+00,6.190315e+00,5.560682e+00,6.063785e+00,6.960348e+00,6.259581e+00,6.159095e+00,6.576470e+00,6.947937e+00,5.955837e+00,5.910797e+00,5.062595e+00
6.322565e+00,6.665684e+00,6.184149e+00,6.545350e+00,6.577861e+00,7.031741e+00,6.545350e+00,6.726233e+00,6.192362e+00,5.560682e+00,6.104793e+00,6.960348e+00,6.342121e+00,6.232448e+00,6.484635e+00,6.947937e+00,6.001415e+00,5.910797e+00,5.062595e+00
6.380123e+00,6.561031e+00,6.333280e+00,6.533789e+00,6.588926e+00,7.031741e+00,6.545350e+00,6.673298e+00,6.276643e+00,5.560682e+00,6.118097e+00,6.934397e+00,6.463029e+00,6.107023e+00,6.510258e+00,7.029973e+00,6.322565e+00,5.910797e+00,5.062595e+00
6.381816e+00,6.548219e+00,6.349139e+00,6.530878e+00,6.577861e+00,7.037906e+00,6.419995e+00,6.720220e+00,6.361302e+00,5.556828e+00,5.910797e+00,6.835185e+00,6.569481e+00,6.042633e+00,6.513230e+00,7.084226e+00,6.322565e+00,5.910797e+00,5.062595e+00
6.408529e+00,6.514713e+00,6.318968e+00,6.587550e+00,6.538140e+00,7.054450e+00,6.419995e+00,6.679599e+00,6.431331e+00,5.680173e+00,6.131226e+00,6.783325e+00,6.569481e+00,6.082219e+00,6.492240e+00,7.135687e+00,6.285998e+00,5.910797e+00,4.997212e+00
6.436150e+00,6.514713e+00,6.267201e+00,6.625392e+00,6.234411e+00,7.183112e+00,6.152733e+00,6.841615e+00,6.472346e+00,5.680173e+00,6.063785e+00,6.770789e+00,6.558198e+00,6.152733e+00,6.492240e+00,7.135687e+00,6.380123e+00,5.910797e+00,4.997212e+00
6.628041e+00,6.329721e+00,6.484635e+00,6.625392e+00,5.831882e+00,7.298445e+00,6.150603e+00,6.850126e+00,6.473891e+00,5.755742e+00,6.066108e+00,6.758095e+00,6.558198e+00,6.104793e+00,6.492240e+00,7.165493e+00,6.356108e+00,5.910797e+00,4.997212e+00
6.628041e+00,6.208590e+00,6.577861e+00,6.625392e+00,5.560682e+00,7.351800e+00,6.150603e+00,6.834109e+00,6.445720e+00,5.755742e+00,6.315358e+00,6.758095e+00,6.558198e+00,6.107023e+00,6.492240e+00,7.154615e+00,6.381816e+00,4.595120e+00,4.997212e+00
6.628041e+00,6.156979e+00,6.469250e+00,6.738152e+00,5.293305e+00,7.388328e+00,6.175867e+00,6.765039e+00,5.908083e+00,5.521461e+00,6.265301e+00,6.758095e+00,6.733402e+00,6.156979e+00,6.492240e+00,7.151485e+00,6.291569e+00,4.025352e+00,4.997212e+00
6.628041e+00,6.148468e+00,6.393591e+00,6.693324e+00,5.648974e+00,7.390181e+00,6.175867e+00,6.749931e+00,5.940171e+00,5.652489e+00,6.240276e+00,6.758095e+00,6.618739e+00,6.238325e+00,6.677083e+00,7.218910e+00,6.295266e+00,4.025352e+00,5.746203e+00
6.645091e+00,6.249975e+00,6.391917e+00,6.677083e+00,5.680173e+00,7.393263e+00,6.175867e+00,6.712956e+00,6.018593e+00,5.981414e+00,6.240276e+00,6.758095e+00,6.587550e+00,6.313548e+00,6.715383e+00,7.237778e+00,6.329721e+00,4.025352e+00,6.126869e+00
6.695799e+00,6.177944e+00,6.200509e+00,6.839476e+00,5.655992e+00,7.397562e+00,6.023448e+00,6.617403e+00,6.317165e+00,6.093570e+00,6.240276e+00,6.756932e+00,6.587550e+00,6.395262e+00,6.830874e+00,7.237778e+00,6.383507e+00,3.931826e+00,6.226537e+00
6.904751e+00,6.226537e+00,6.220590e+00,6.842683e+00,5.631212e+00,7.398174e+00,6.028279e+00,6.426488e+00,6.533789e+00,6.188264e+00,6.238325e+00,6.487684e+00,6.587550e+00,6.413459e+00,6.843750e+00,7.237778e+00,6.517671e+00,3.931826e+00,6.255750e+00
6.845880e+00,6.295266e+00,6.263398e+00,6.825460e+00,5.686975e+00,7.391415e+00,6.025866e+00,6.418365e+00,6.558198e+00,6.190315e+00,6.238325e+00,6.322565e+00,6.580639e+00,6.413459e+00,6.800170e+00,7.225481e+00,6.527958e+00,4.955827e+00,6.311735e+00
6.841615e+00,6.302619e+00,6.263398e+00,6.825460e+00,5.686975e+00,7.377759e+00,5.398163e+00,6.579251e+00,6.700731e+00,6.248043e+00,6.429719e+00,6.594413e+00,6.538140e+00,6.469250e+00,6.802395e+00,7.155396e+00,6.527958e+00,5.337538e+00,6.580639e+00
6.836259e+00,6.311735e+00,6.263398e+00,6.824374e+00,5.389072e+00,7.421178e+00,5.420535e+00,6.545350e+00,6.731018e+00,6.291569e+00,6.429719e+00,6.763885e+00,6.538140e+00,6.469250e+00,6.733402e+00,7.138073e+00,6.546785e+00,5.429346e+00,6.670766e+00
6.843750e+00,6.311735e+00,6.228511e+00,6.843750e+00,5.389072e+00,7.421178e+00,5.420535e+00,6.455199e+00,6.800170e+00,6.291569e+00,6.442540e+00,6.679599e+00,6.538140e+00,6.469250e+00,6.733402e+00,7.118016e+00,6.568078e+00,5.501258e+00,6.641182e+00
6.853299e+00,6.311735e+00,6.226537e+00,6.820016e+00,5.393628e+00,7.433075e+00,5.298317e+00,6.496775e+00,6.801283e+00,6.196444e+00,6.442540e+00,6.641182e+00,6.538140e+00,6.470800e+00,6.755769e+00,7.164720e+00,6.584791e+00,5.771441e+00,6.545350e+00
6.850126e+00,6.317165e+00,6.222576e+00,6.791221e+00,5.513429e+00,7.403061e+00,5.505332e+00,6.502790e+00,6.801283e+00,6.184149e+00,6.467699e+00,6.785588e+00,6.538140e+00,6.470800e+00,6.761573e+00,7.156177e+00,6.173786e+00,5.771441e+00,6.545350e+00
6.754604e+00,6.361302e+00,6.336826e+00,6.680855e+00,5.707110e+00,7.419381e+00,5.556828e+00,6.502790e+00,6.801283e+00,6.198479e+00,6.516193e+00,6.768493e+00,6.538140e+00,6.489205e+00,6.760415e+00,6.893656e+00,6.255750e+00,5.771441e+00,6.538140e+00
6.753438e+00,6.309918e+00,6.388561e+00,6.675823e+00,5.710427e+00,7.387090e+00,5.743003e+00,6.455199e+00,6.838405e+00,6.711740e+00,6.522093e+00,6.981935e+00,6.538140e+00,6.535241e+00,6.753438e+00,6.429719e+00,6.255750e+00,5.817111e+00,6.538140e+00
6.753438e+00,6.202536e+00,6.478510e+00,6.559615e+00,5.963579e+00,7.379008e+00,5.673323e+00,6.487684e+00,6.852243e+00,6.711740e+00,6.595781e+00,7.017506e+00,6.538140e+00,6.535241e+00,6.690842e+00,6.458338e+00,6.255750e+00,5.831882e+00,6.538140e+00
6.753438e+00,6.109248e+00,6.511745e+00,6.590301e+00,5.963579e+00,7.280008e+00,6.040255e+00,6.517671e+00,6.854355e+00,6.711740e+00,6.628041e+00,6.993933e+00,6.536692e+00,6.558198e+00,6.690842e+00,6.470800e+00,6.255750e+00,5.752573e+00,6.538140e+00
6.723832e+00,6.082219e+00,6.565265e+00,6.559615e+00,6.018593e+00,7.054450e+00,6.543912e+00,6.538140e+00,6.858565e+00,6.711740e+00,6.647688e+00,6.995766e+00,6.504288e+00,6.475433e+00,6.690842e+00,6.495266e+00,6.255750e+00,5.726848e+00,6.538140e+00
6.698268e+00,5.963579e+00,6.659294e+00,6.527958e+00,6.070738e+00,6.944087e+00,6.704414e+00,6.538140e+00,6.858565e+00,6.701960e+00,6.652863e+00,7.177782e+00,6.311735e+00,6.357842e+00,6.690842e+00,6.505784e+00,6.255750e+00,5.883322e+00,6.538140e+00
6.670766e+00,6.013715e+00,6.660575e+00,6.514713e+00,6.093570e+00,6.913737e+00,6.741701e+00,6.538140e+00,6.858565e+00,6.650279e+00,6.654153e+00,7.065613e+00,6.109248e+00,6.230481e+00,6.648985e+00,6.444131e+00,6.255750e+00,5.902633e+00,6.580639e+00
6.586172e+00,6.159095e+00,6.656727e+00,6.413459e+00,6.236370e+00,6.908755e+00,6.745236e+00,6.541030e+00,6.858565e+00,6.646391e+00,6.654153e+00,7.071573e+00,5.953243e+00,6.226537e+00,6.639876e+00,6.444131e+00,6.255750e+00,5.929589e+00,6.618739e+00
6.586172e+00,6.152733e+00,6.660575e+00,6.289716e+00,6.366470e+00,6.908755e+00,6.745236e+00,6.541030e+00,6.858565e+00,6.658011e+00,6.654153e+00,7.042286e+00,6.173786e+00,6.226537e+00,6.507278e+00,6.291569e+00,6.320768e+00,6.184149e+00,6.638568e+00
6.408529e+00,6.381816e+00,6.660575e+00,6.285998e+00,6.369901e+00,6.889591e+00,6.761573e+00,6.548219e+00,6.771936e+00,6.700731e+00,6.654153e+00,7.001246e+00,6.182085e+00,6.278521e+00,6.322565e+00,6.517671e+00,6.363028e+00,6.186209e+00,6.645091e+00
6.401917e+00,6.386879e+00,6.661855e+00,6.040255e+00,6.551080e+00,6.762730e+00,6.887553e+00,6.551080e+00,6.771936e+00,6.699500e+00,6.654153e+00,7.073270e+00,6.139885e+00,6.278521e+00,6.311735e+00,6.517671e+00,6.363028e+00,6.287859e+00,6.683361e+00
6.411818e+00,6.386879e+00,6.661855e+00,6.013715e+00,6.565265e+00,6.558198e+00,7.039660e+00,6.551080e+00,6.711740e+00,6.699500e+00,6.654153e+00,7.251345e+00,6.133398e+00,6.278521e+00,6.077642e+00,6.517671e+00,6.723832e+00,6.287859e+00,6.705639e+00
6.413459e+00,6.259581e+00,6.756932e+00,6.016157e+00,6.565265e+00,6.558198e+00,7.035269e+00,6.558198e+00,6.711740e+00,6.699500e+00,6.654153e+00,7.323831e+00,6.144186e+00,6.278521e+00,6.030685e+00,6.517671e+00,7.100852e+00,6.336826e+00,6.705639e+00
6.426488e+00,6.322565e+00,6.665684e+00,6.184149e+00,6.545350e+00,6.577861e+00,7.031741e+00,6.545350e+00,6.726233e+00,6.699500e+00,6.638568e+00,7.381502e+00,6.033086e+00,6.208590e+00,6.030685e+00,6.517671e+00,7.162397e+00,6.343880e+00,6.705639e+00
6.371612e+00,6.380123e+00,6.561031e+00,6.333280e+00,6.533789e+00,6.588926e+00,7.031741e+00,6.545350e+00,6.673298e+00,6.835185e+00,6.618739e+00,7.465655e+00,5.840642e+00,6.208590e+00,5.968708e+00,6.376727e+00,7.029088e+00,6.375025e+00,6.705639e+00
6.369901e+00,6.381816e+00,6.548219e+00,6.349139e+00,6.530878e+00,6.577861e+00,7.037906e+00,6.419995e+00,6.720220e+00,6.931472e+00,6.573680e+00,7.519150e+00,5.605802e+00,6.188264e+00,5.961005e+00,6.276643e+00,7.029088e+00,6.452049e+00,6.765039e+00
6.342121e+00,6.408529e+00,6.514713e+00,6.318968e+00,6.587550e+00,6.538140e+00,7.054450e+00,6.419995e+00,6.679599e+00,6.898715e+00,6.184149e+00,7.519150e+00,5.609472e+00,6.152733e+00,5.961005e+00,6.150603e+00,7.029088e+00,6.452049e+00,6.765039e+00
6.311735e+00,6.436150e+00,6.514713e+00,6.267201e+00,6.625392e+00,6.234411e+00,7.183112e+00,6.152733e+00,6.841615e+00,6.923629e+00,6.167516e+00,7.534228e+00,5.655992e+00,6.082219e+00,5.961005e+00,6.150603e+00,6.958448e+00,6.452049e+00,6.975414e+00
6.003887e+00,6.628041e+00,6.329721e+00,6.484635e+00,6.625392e+00,5.831882e+00,7.298445e+00,6.150603e+00,6.850126e+00,6.959399e+00,6.242223e+00,7.555382e+00,5.686975e+00,6.011267e+00,5.961005e+00,6.066108e+00,6.958448e+00,6.452049e+00,7.176255e+00
6.186209e+00,6.628041e+00,6.208590e+00,6.577861e+00,6.625392e+00,5.560682e+00,7.351800e+00,6.150603e+00,6.834109e+00,6.959399e+00,6.016157e+00,7.560601e+00,5.755742e+00,5.963579e+00,5.961005e+00,6.066108e+00,6.954639e+00,6.452049e+00,7.223296e+00
6.575076e+00,6.628041e+00,6.156979e+00,6.469250e+00,6.738152e+00,5.293305e+00,7.388328e+00,6.175867e+00,6.765039e+00,6.959399e+00,6.016157e+00,7.595387e+00,5.525453e+00,5.991465e+00,5.961005e+00,6.066108e+00,6.977281e+00,6.452049e+00,7.223296e+00
6.575076e+00,6.628041e+00,6.148468e+00,6.393591e+00,6.693324e+00,5.648974e+00,7.390181e+00,6.175867e+00,6.749931e+00,6.925595e+00,5.869297e+00,7.629976e+00,5.521461e+00,5.950643e+00,5.537334e+00,5.834811e+00,6.975414e+00,6.452049e+00,7.188413e+00
6.797940e+00,6.645091e+00,6.249975e+00,6.391917e+00,6.677083e+00,5.680173e+00,7.393263e+00,6.175867e+00,6.712956e+00,6.810142e+00,5.869297e+00,7.746733e+00,5.686975e+00,5.883322e+00,5.407172e+00,5.755742e+00,6.994850e+00,6.452049e+00,7.072422e+00
6.783325e+00,6.695799e+00,6.177944e+00,6.200509e+00,6.839476e+00,5.655992e+00,7.397562e+00,6.023448e+00,6.617403e+00,6.754604e+00,5.869297e+00,7.748029e+00,5.902633e+00,5.743003e+00,4.077537e+00,5.768321e+00,7.074963e+00,6.452049e+00,7.234177e+00
6.502790e+00,6.904751e+00,6.226537e+00,6.220590e+00,6.842683e+00,5.631212e+00,7.398174e+00,6.028279e+00,6.426488e+00,6.929517e+00,5.869297e+00,7.750184e+00,5.948035e+00,5.707110e+00,3.610918e+00,5.768321e+00,7.082549e+00,6.458338e+00,7.234177e+00
6.787845e+00,6.845880e+00,6.295266e+00,6.263398e+00,6.825460e+00,5.686975e+00,7.391415e+00,6.025866e+00,6.418365e+00,6.967909e+00,6.016157e+00,7.754053e+00,5.978886e+00,5.707110e+00,4.174387e+00,5.768321e+00,7.076654e+00,6.304449e+00,7.277248e+00
6.824374e+00,6.841615e+00,6.302619e+00,6.263398e+00,6.825460e+00,5.686975e+00,7.377759e+00,5.398163e+00,6.579251e+00,6.910751e+00,5.707110e+00,7.668094e+00,5.978886e+00,5.583496e+00,4.564348e+00,5.768321e+00,7.076654e+00,6.175867e+00,7.152269e+00
7.069874e+00,6.836259e+00,6.311735e+00,6.263398e+00,6.824374e+00,5.389072e+00,7.421178e+00,5.420535e+00,6.545350e+00,6.887553e+00,5.749393e+00,7.602401e+00,6.037871e+00,5.583496e+00,4.574711e+00,5.768321e+00,7.065613e+00,6.133398e+00,7.130099e+00
7.096721e+00,6.843750e+00,6.311735e+00,6.228511e+00,6.843750e+00,5.389072e+00,7.421178e+00,5.420535e+00,6.455199e+00,6.887553e+00,5.826000e+00,7.602401e+00,6.054439e+00,5.583496e+00,4.574711e+00,5.942799e+00,7.137278e+00,6.095825e+00,7.104144e+00
7.099202e+00,6.853299e+00,6.311735e+00,6.226537e+00,6.820016e+00,5.393628e+00,7.433075e+00,5.298317e+00,6.496775e+00,6.887553e+00,5.874931e+00,7.602401e+00,6.054439e+00,5.605802e+00,4.356709e+00,5.774552e+00,7.145196e+00,5.908083e+00,7.104144e+00
7.105786e+00,6.850126e+00,6.317165e+00,6.222576e+00,6.791221e+00,5.513429e+00,7.403061e+00,5.505332e+00,6.502790e+00,7.081709e+00,5.886104e+00,7.532624e+00,6.054439e+00,5.609472e+00,4.290459e+00,5.924256e+00,7.228388e+00,5.908083e+00,7.104144e+00
7.191429e+00,6.754604e+00,6.361302e+00,6.336826e+00,6.680855e+00,5.707110e+00,7.419381e+00,5.556828e+00,6.502790e+00,7.070724e+00,6.049733e+00,7.532624e+00,6.054439e+00,5.564520e+00,4.290459e+00,5.860786e+00,7.198184e+00,6.171701e+00,7.104144e+00
7.218177e+00,6.753438e+00,6.309918e+00,6.388561e+00,6.675823e+00,5.710427e+00,7.387090e+00,5.743003e+00,6.455199e+00,6.695799e+00,6.042633e+00,7.476472e+00,6.054439e+00,5.438079e+00,4.317488e+00,6.293419e+00,7.199678e+00,6.180017e+00,7.104144e+00
7.245655e+00,6.753438e+00,6.202536e+00,6.478510e+00,6.559615e+00,5.963579e+00,7.379008e+00,5.673323e+00,6.487684e+00,6.714171e+00,5.968708e+00,7.454141e+00,6.054439e+00,5.590987e+00,4.317488e+00,6.238325e+00,7.199678e+00,6.148468e+00,7.104144e+00
7.254885e+00,6.753438e+00,6.109248e+00,6.511745e+00,6.590301e+00,5.963579e+00,7.280008e+00,6.040255e+00,6.517671e+00,6.714171e+00,6.118097e+00,7.454141e+00,6.054439e+00,5.529429e+00,4.317488e+00,6.234411e+00,7.203406e+00,6.139885e+00,7.104144e+00
7.254885e+00,6.723832e+00,6.082219e+00,6.565265e+00,6.559615e+00,6.018593e+00,7.054450e+00,6.543912e+00,6.538140e+00,6.714171e+00,6.297109e+00,7.507141e+00,6.054439e+00,5.529429e+00,4.317488e+00,6.202536e+00,7.206377e+00,6.139885e+00,7.104144e+00
7.254885e+00,6.698268e+00,5.963579e+00,6.659294e+00,6.527958e+00,6.070738e+00,6.944087e+00,6.704414e+00,6.538140e+00,6.714171e+00,6.291569e+00,7.395108e+00,6.054439e+00,5.379897e+00,4.317488e+00,6.190315e+00,7.207119e+00,6.059123e+00,7.104144e+00
7.254885e+00,6.670766e+00,6.013715e+00,6.660575e+00,6.514713e+00,6.093570e+00,6.913737e+00,6.741701e+00,6.538140e+00,6.714171e+00,6.289716e+00,7.425954e+00,6.054439e+00,5.062595e+00,4.343805e+00,6.461468e+00,7.207119e+00,6.042633e+00,7.079184e+00
7.254885e+00,6.586172e+00,6.159095e+00,6.656727e+00,6.413459e+00,6.236370e+00,6.908755e+00,6.745236e+00,6.541030e+00,6.714171e+00,6.289716e+00,7.438972e+00,6.054439e+00,5.062595e+00,4.343805e+00,6.525030e+00,7.207119e+00,6.018593e+00,7.055313e+00
7.254885e+00,6.586172e+00,6.152733e+00,6.660575e+00,6.289716e+00,6.366470e+00,6.908755e+00,6.745236e+00,6.541030e+00,6.716595e+00,6.289716e+00,7.413970e+00,5.802118e+00,5.062595e+00,4.343805e+00,6.561031e+00,7.203406e+00,5.710427e+00,7.042286e+00
7.252762e+00,6.408529e+00,6.381816e+00,6.660575e+00,6.285998e+00,6.369901e+00,6.889591e+00,6.761573e+00,6.548219e+00,6.674561e+00,6.289716e+00,7.363914e+00,5.780744e+00,5.342334e+00,4.343805e+00,6.342121e+00,7.185387e+00,5.707110e+00,7.030857e+00
7.353722e+00,6.401917e+00,6.386879e+00,6.661855e+00,6.040255e+00,6.551080e+00,6.762730e+00,6.887553e+00,6.551080e+00,6.674561e+00,6.313548e+00,7.310550e+00,5.894403e+00,5.342334e+00,4.343805e+00,6.342121e+00,7.185387e+00,5.517453e+00,7.003974e+00
7.370231e+00,6.411818e+00,6.386879e+00,6.661855e+00,6.013715e+00,6.565265e+00,6.558198e+00,7.039660e+00,6.551080e+00,6.674561e+00,6.313548e+00,7.156956e+00,5.897154e+00,5.342334e+00,4.882802e+00,6.342121e+00,7.029088e+00,5.525453e+00,6.987490e+00
7.375256e+00,6.413459e+00,6.259581e+00,6.756932e+00,6.016157e+00,6.565265e+00,6.558198e+00,7.035269e+00,6.558198e+00,6.674561e+00,6.313548e+00,7.080868e+00,5.883322e+00,5.342334e+00,4.882802e+00,6.410175e+00,6.617403e+00,5.918894e+00,6.987490e+00
7.471932e+00,6.426488e+00,6.322565e+00,6.665684e+00,6.184149e+00,6.545350e+00,6.577861e+00,7.031741e+00,6.545350e+00,6.674561e+00,6.298949e+00,7.002156e+00,5.883322e+00,5.680173e+00,4.882802e+00,6.439350e+00,6.481577e+00,6.107023e+00,6.987490e+00
7.504392e+00,6.371612e+00,6.380123e+00,6.561031e+00,6.333280e+00,6.533789e+00,6.588926e+00,7.031741e+00,6.545350e+00,6.513230e+00,6.298949e+00,6.865891e+00,5.883322e+00,5.857933e+00,4.882802e+00,6.637258e+00,6.481577e+00,6.068426e+00,6.987490e+00
7.515889e+00,6.369901e+00,6.381816e+00,6.548219e+00,6.349139e+00,6.530878e+00,6.577861e+00,7.037906e+00,6.419995e+00,6.363028e+00,6.265301e+00,6.760415e+00,5.883322e+00,5.880533e+00,4.955827e+00,6.802395e+00,6.481577e+00,5.953243e+00,6.940222e+00
7.586296e+00,6.342121e+00,6.408529e+00,6.514713e+00,6.318968e+00,6.587550e+00,6.538140e+00,7.054450e+00,6.419995e+00,6.361302e+00,6.375025e+00,6.760415e+00,5.897154e+00,5.880533e+00,4.955827e+00,6.802395e+00,6.481577e+00,5.953243e+00,7.095064e+00
7.586296e+00,6.311735e+00,6.436150e+00,6.514713e+00,6.267201e+00,6.625392e+00,6.234411e+00,7.183112e+00,6.152733e+00,6.317165e+00,6.375025e+00,6.742881e+00,5.860786e+00,5.880533e+00,5.220356e+00,7.013915e+00,6.481577e+00,6.416732e+00,6.910751e+00
7.586296e+00,6.003887e+00,6.628041e+00,6.329721e+00,6.484635e+00,6.625392e+00,5.831882e+00,7.298445e+00,6.150603e+00,6.202536e+00,6.308098e+00,6.763885e+00,5.834811e+00,5.880533e+00,5.620401e+00,7.037906e+00,6.496775e+00,6.416732e+00,6.639876e+00
7.567346e+00,6.186209e+00,6.628041e+00,6.208590e+00,6.577861e+00,6.625392e+00,5.560682e+00,7.351800e+00,6.150603e+00,6.202536e+00,6.327937e+00,6.763885e+00,5.771441e+00,5.880533e+00,5.863631e+00,7.037906e+00,6.693324e+00,6.416732e+00,6.553933e+00
7.440147e+00,6.575076e+00,6.628041e+00,6.156979e+00,6.469250e+00,6.738152e+00,5.293305e+00,7.388328e+00,6.175867e+00,6.202536e+00,6.401917e+00,6.768493e+00,5.509388e+00,5.780744e+00,5.863631e+00,7.037906e+00,6.658011e+00,6.416732e+00,6.553933e+00
7.440147e+00,6.575076e+00,6.628041e+00,6.148468e+00,6.393591e+00,6.693324e+00,5.648974e+00,7.390181e+00,6.175867e+00,6.234411e+00,6.403574e+00,6.685861e+00,5.446737e+00,5.703782e+00,5.863631e+00,7.037906e+00,6.658011e+00,6.416732e+00,6.369901e+00
7.286876e+00,6.797940e+00,6.645091e+00,6.249975e+00,6.391917e+00,6.677083e+00,5.680173e+00,7.393263e+00,6.175867e+00,6.259581e+00,6.405228e+00,6.302619e+00,5.231109e+00,5.652489e+00,5.863631e+00,7.037906e+00,6.605298e+00,6.416732e+00,6.369901e+00
7.268223e+00,6.783325e+00,6.695799e+00,6.177944e+00,6.200509e+00,6.839476e+00,5.655992e+00,7.397562e+00,6.023448e+00,6.329721e+00,6.405228e+00,6.297109e+00,4.753590e+00,5.652489e+00,5.863631e+00,7.034388e+00,6.424869e+00,6.416732e+00,5.796058e+00
7.261927e+00,6.502790e+00,6.904751e+00,6.226537e+00,6.220590e+00,6.842683e+00,5.631212e+00,7.398174e+00,6.028279e+00,5.869297e+00,6.405228e+00,6.287859e+00,4.875197e+00,5.652489e+00,5.863631e+00,7.034388e+00,6.259581e+00,6.410175e+00,5.749393e+00
7.097549e+00,6.787845e+00,6.845880e+00,6.295266e+00,6.263398e+00,6.825460e+00,5.686975e+00,7.391415e+00,6.025866e+00,5.777652e+00,6.300786e+00,6.270988e+00,4.859812e+00,5.945421e+00,6.006353e+00,7.034388e+00,6.259581e+00,6.423247e+00,5.407172e+00
7.094235e+00,6.824374e+00,6.841615e+00,6.302619e+00,6.263398e+00,6.825460e+00,5.686975e+00,7.377759e+00,5.398163e+00,5.805135e+00,6.298949e+00,6.270988e+00,4.859812e+00,6.093570e+00,5.978886e+00,7.034388e+00,6.259581e+00,6.590301e+00,5.407172e+00
6.855409e+00,7.069874e+00,6.836259e+00,6.311735e+00,6.263398e+00,6.824374e+00,5.389072e+00,7.421178e+00,5.420535e+00,5.971262e+00,6.274762e+00,6.270988e+00,4.653960e+00,6.093570e+00,5.976351e+00,7.081709e+00,6.263398e+00,6.590301e+00,5.181784e+00
6.813445e+00,7.096721e+00,6.843750e+00,6.311735e+00,6.228511e+00,6.843750e+00,5.389072e+00,7.421178e+00,5.420535e+00,5.991465e+00,6.210600e+00,6.270988e+00,5.393628e+00,6.093570e+00,6.230481e+00,7.038784e+00,6.139885e+00,6.590301e+00,5.153292e+00
6.800170e+00,7.099202e+00,6.853299e+00,6.311735e+00,6.226537e+00,6.820016e+00,5.393628e+00,7.433075e+00,5.298317e+00,5.991465e+00,6.175867e+00,6.270988e+00,5.552960e+00,6.077642e+00,6.343880e+00,7.038784e+00,6.502790e+00,6.590301e+00,5.153292e+00
6.791221e+00,7.105786e+00,6.850126e+00,6.317165e+00,6.222576e+00,6.791221e+00,5.513429e+00,7.403061e+00,5.505332e+00,5.247024e+00,6.133398e+00,6.261492e+00,5.894403e+00,6.077642e+00,6.448889e+00,6.990257e+00,6.350886e+00,6.590301e+00,5.153292e+00
6.660575e+00,7.191429e+00,6.754604e+00,6.361302e+00,6.336826e+00,6.680855e+00,5.707110e+00,7.419381e+00,5.556828e+00,5.247024e+00,5.899897e+00,6.261492e+00,6.082219e+00,6.077642e+00,6.448889e+00,6.987490e+00,6.458338e+00,6.424869e+00,5.170484e+00
6.613384e+00,7.218177e+00,6.753438e+00,6.309918e+00,6.388561e+00,6.675823e+00,5.710427e+00,7.387090e+00,5.743003e+00,5.579730e+00,5.897154e+00,6.037871e+00,6.082219e+00,6.077642e+00,6.445720e+00,6.861711e+00,6.674561e+00,6.393591e+00,5.817111e+00
6.561031e+00,7.245655e+00,6.753438e+00,6.202536e+00,6.478510e+00,6.559615e+00,5.963579e+00,7.379008e+00,5.673323e+00,5.537334e+00,5.834811e+00,6.037871e+00,6.082219e+00,5.986452e+00,6.445720e+00,6.935370e+00,6.674561e+00,6.393591e+00,5.817111e+00
6.542472e+00,7.254885e+00,6.753438e+00,6.109248e+00,6.511745e+00,6.590301e+00,5.963579e+00,7.280008e+00,6.040255e+00,5.786897e+00,5.541264e+00,6.037871e+00,6.082219e+00,5.986452e+00,6.445720e+00,6.922644e+00,6.668228e+00,6.393591e+00,6.306275e+00
6.542472e+00,7.254885e+00,6.723832e+00,6.082219e+00,6.565265e+00,6.559615e+00,6.018593e+00,7.054450e+00,6.543912e+00,5.786897e+00,5.017280e+00,5.676754e+00,6.082219e+00,5.955837e+00,6.472346e+00,6.922644e+00,6.663133e+00,6.393591e+00,6.350886e+00
6.693324e+00,7.254885e+00,6.698268e+00,5.963579e+00,6.659294e+00,6.527958e+00,6.070738e+00,6.944087e+00,6.704414e+00,5.950643e+00,5.010635e+00,5.662960e+00,6.082219e+00,5.955837e+00,6.472346e+00,6.921658e+00,6.670766e+00,6.361302e+00,6.434547e+00
6.874198e+00,7.254885e+00,6.670766e+00,6.013715e+00,6.660575e+00,6.514713e+00,6.093570e+00,6.913737e+00,6.741701e+00,5.950643e+00,5.010635e+00,5.468060e+00,6.082219e+00,5.955837e+00,6.747587e+00,6.759255e+00,6.744059e+00,6.361302e+00,6.434547e+00
7.023759e+00,7.254885e+00,6.586172e+00,6.159095e+00,6.656727e+00,6.413459e+00,6.236370e+00,6.908755e+00,6.745236e+00,5.950643e+00,5.010635e+00,5.327876e+00,6.326149e+00,5.955837e+00,6.748760e+00,6.709304e+00,6.778785e+00,6.361302e+00,6.478510e+00
7.023759e+00,7.254885e+00,6.586172e+00,6.152733e+00,6.660575e+00,6.289716e+00,6.366470e+00,6.908755e+00,6.745236e+00,5.921578e+00,5.429346e+00,5.327876e+00,6.406880e+00,5.955837e+00,6.748760e+00,6.678342e+00,6.744059e+00,6.361302e+00,6.511745e+00
7.023759e+00,7.252762e+00,6.408529e+00,6.381816e+00,6.660575e+00,6.285998e+00,6.369901e+00,6.889591e+00,6.761573e+00,5.921578e+00,5.552960e+00,5.327876e+00,6.408529e+00,5.968708e+00,6.748760e+00,6.678342e+00,6.760415e+00,6.390241e+00,6.511745e+00
6.880384e+00,7.353722e+00,6.401917e+00,6.386879e+00,6.661855e+00,6.040255e+00,6.551080e+00,6.762730e+00,6.887553e+00,5.921578e+00,5.505332e+00,5.332719e+00,6.342121e+00,6.156979e+00,6.761573e+00,6.679599e+00,6.805723e+00,6.390241e+00,6.511745e+00
6.846943e+00,7.370231e+00,6.411818e+00,6.386879e+00,6.661855e+00,6.013715e+00,6.565265e+00,6.558198e+00,7.039660e+00,5.921578e+00,5.786897e+00,5.247024e+00,6.432940e+00,6.289716e+00,6.695799e+00,6.679599e+00,6.740519e+00,6.386879e+00,6.511745e+00
6.828712e+00,7.375256e+00,6.413459e+00,6.259581e+00,6.756932e+00,6.016157e+00,6.565265e+00,6.558198e+00,7.035269e+00,6.006353e+00,5.786897e+00,5.181784e+00,6.432940e+00,6.289716e+00,6.721426e+00,6.628041e+00,6.740519e+00,6.100319e+00,6.523562e+00
6.709304e+00,7.471932e+00,6.426488e+00,6.322565e+00,6.665684e+00,6.184149e+00,6.545350e+00,6.577861e+00,7.031741e+00,6.593045e+00,5.786897e+00,5.463832e+00,6.492240e+00,6.120297e+00,6.723832e+00,6.603944e+00,6.740519e+00,5.899897e+00,6.523562e+00
6.651572e+00,7.504392e+00,6.371612e+00,6.380123e+00,6.561031e+00,6.333280e+00,6.533789e+00,6.588926e+00,7.031741e+00,6.594413e+00,5.786897e+00,5.572154e+00,6.637258e+00,6.086775e+00,6.725034e+00,6.398595e+00,6.740519e+00,5.897154e+00,6.556778e+00
6.625392e+00,7.515889e+00,6.369901e+00,6.381816e+00,6.548219e+00,6.349139e+00,6.530878e+00,6.577861e+00,7.037906e+00,6.594413e+00,5.786897e+00,5.993961e+00,6.689599e+00,6.084499e+00,6.720220e+00,6.124683e+00,6.740519e+00,5.897154e+00,6.556778e+00
6.429719e+00,7.586296e+00,6.342121e+00,6.408529e+00,6.514713e+00,6.318968e+00,6.587550e+00,6.538140e+00,7.054450e+00,6.594413e+00,5.572154e+00,6.030685e+00,6.740519e+00,6.161207e+00,6.720220e+00,6.124683e+00,6.820016e+00,5.897154e+00,6.274762e+00
6.429719e+00,7.586296e+00,6.311735e+00,6.436150e+00,6.514713e+00,6.267201e+00,6.625392e+00,6.234411e+00,7.183112e+00,6.594413e+00,5.572154e+00,6.159095e+00,6.802395e+00,6.161207e+00,6.666957e+00,5.501258e+00,6.825460e+00,4.919981e+00,6.352629e+00
6.429719e+00,7.586296e+00,6.003887e+00,6.628041e+00,6.329721e+00,6.484635e+00,6.625392e+00,5.831882e+00,7.298445e+00,6.594413e+00,5.572154e+00,6.030685e+00,6.804615e+00,6.161207e+00,6.543912e+00,5.384495e+00,6.955593e+00,4.919981e+00,7.103322e+00
6.519147e+00,7.567346e+00,6.186209e+00,6.628041e+00,6.208590e+00,6.577861e+00,6.625392e+00,5.560682e+00,7.351800e+00,6.594413e+00,5.463832e+00,6.486161e+00,6.804615e+00,6.161207e+00,6.428105e+00,5.384495e+00,6.858565e+00,4.948760e+00,7.105786e+00
6.675823e+00,7.440147e+00,6.575076e+00,6.628041e+00,6.156979e+00,6.469250e+00,6.738152e+00,5.293305e+00,7.388328e+00,6.594413e+00,5.929589e+00,6.369901e+00,6.804615e+00,6.163315e+00,6.428105e+00,5.384495e+00,7.010312e+00,4.948760e+00,7.105786e+00
6.677083e+00,7.440147e+00,6.575076e+00,6.628041e+00,6.148468e+00,6.393591e+00,6.693324e+00,5.648974e+00,7.390181e+00,6.572283e+00,6.186209e+00,6.368187e+00,6.804615e+00,6.364751e+00,6.428105e+00,5.488938e+00,7.021976e+00,4.948760e+00,7.105786e+00
6.683361e+00,7.286876e+00,6.797940e+00,6.645091e+00,6.249975e+00,6.391917e+00,6.677083e+00,5.680173e+00,7.393263e+00,6.553933e+00,6.196444e+00,6.368187e+00,6.804615e+00,6.364751e+00,6.428105e+00,5.488938e+00,7.055313e+00,4.948760e+00,7.109879e+00
6.683361e+00,7.268223e+00,6.783325e+00,6.695799e+00,6.177944e+00,6.200509e+00,6.839476e+00,5.655992e+00,7.397562e+00,6.498282e+00,6.280396e+00,6.368187e+00,6.804615e+00,6.486161e+00,6.445720e+00,5.501258e+00,7.055313e+00,4.948760e+00,7.109879e+00
6.894670e+00,7.261927e+00,6.502790e+00,6.904751e+00,6.226537e+00,6.220590e+00,6.842683e+00,5.631212e+00,7.398174e+00,6.492240e+00,6.280396e+00,6.368187e+00,6.768493e+00,6.486161e+00,6.563856e+00,5.501258e+00,7.055313e+00,4.948760e+00,7.113956e+00
6.889591e+00,7.097549e+00,6.787845e+00,6.845880e+00,6.295266e+00,6.263398e+00,6.825460e+00,5.686975e+00,7.391415e+00,6.469250e+00,6.393591e+00,6.373320e+00,6.756932e+00,6.429719e+00,6.535241e+00,5.594711e+00,7.057037e+00,4.890349e+00,7.177019e+00
6.859615e+00,7.094235e+00,6.824374e+00,6.841615e+00,6.302619e+00,6.263398e+00,6.825460e+00,5.686975e+00,7.377759e+00,6.453625e+00,6.401917e+00,6.373320e+00,6.756932e+00,6.606650e+00,6.675823e+00,5.929589e+00,7.057037e+00,3.044522e+00,7.192182e+00
6.859615e+00,6.855409e+00,7.069874e+00,6.836259e+00,6.311735e+00,6.263398e+00,6.824374e+00,5.389072e+00,7.421178e+00,6.354370e+00,6.439350e+00,6.373320e+00,6.756932e+00,6.609349e+00,6.715383e+00,5.799093e+00,7.055313e+00,3.044522e+00,7.192182e+00
6.859615e+00,6.813445e+00,7.096721e+00,6.843750e+00,6.311735e+00,6.228511e+00,6.843750e+00,5.389072e+00,7.421178e+00,6.340359e+00,6.483107e+00,6.373320e+00,6.603944e+00,6.659294e+00,6.776507e+00,6.035481e+00,7.002156e+00,3.044522e+00,7.199678e+00
6.859615e+00,6.800170e+00,7.099202e+00,6.853299e+00,6.311735e+00,6.226537e+00,6.820016e+00,5.393628e+00,7.433075e+00,6.340359e+00,6.484635e+00,6.373320e+00,6.551080e+00,6.701960e+00,6.704414e+00,6.282267e+00,6.787845e+00,3.850148e+00,7.199678e+00
6.870053e+00,6.791221e+00,7.105786e+00,6.850126e+00,6.317165e+00,6.222576e+00,6.791221e+00,5.513429e+00,7.403061e+00,6.340359e+00,6.922644e+00,6.478510e+00,6.519147e+00,6.709304e+00,6.723832e+00,6.302619e+00,6.769642e+00,3.850148e+00,7.199678e+00
6.870053e+00,6.660575e+00,7.191429e+00,6.754604e+00,6.361302e+00,6.336826e+00,6.680855e+00,5.707110e+00,7.419381e+00,6.340359e+00,6.948897e+00,6.520621e+00,6.419995e+00,6.760415e+00,6.723832e+00,6.668228e+00,6.692084e+00,3.850148e+00,7.197435e+00
6.870053e+00,6.613384e+00,7.218177e+00,6.753438e+00,6.309918e+00,6.388561e+00,6.675823e+00,5.710427e+00,7.387090e+00,6.198479e+00,7.037028e+00,6.520621e+00,6.436150e+00,6.760415e+00,6.859615e+00,6.685861e+00,6.543912e+00,3.850148e+00,7.069874e+00
6.873164e+00,6.561031e+00,7.245655e+00,6.753438e+00,6.202536e+00,6.478510e+00,6.559615e+00,5.963579e+00,7.379008e+00,6.340359e+00,7.046647e+00,6.520621e+00,6.436150e+00,6.762730e+00,6.871091e+00,6.903747e+00,6.561031e+00,3.850148e+00,7.069874e+00
7.047517e+00,6.542472e+00,7.254885e+00,6.753438e+00,6.109248e+00,6.511745e+00,6.590301e+00,5.963579e+00,7.280008e+00,6.204558e+00,7.059618e+00,6.520621e+00,6.436150e+00,6.859615e+00,6.875232e+00,6.908755e+00,6.561031e+00,3.951244e+00,6.871091e+00
7.057898e+00,6.542472e+00,7.254885e+00,6.723832e+00,6.082219e+00,6.565265e+00,6.559615e+00,6.018593e+00,7.054450e+00,6.302619e+00,7.059618e+00,6.519147e+00,6.436150e+00,6.861711e+00,6.872128e+00,6.908755e+00,6.561031e+00,3.951244e+00,6.844815e+00
6.956545e+00,6.693324e+00,7.254885e+00,6.698268e+00,5.963579e+00,6.659294e+00,6.527958e+00,6.070738e+00,6.944087e+00,6.190315e+00,7.059618e+00,6.487684e+00,6.436150e+00,6.862758e+00,6.922644e+00,6.908755e+00,6.552508e+00,3.951244e+00,6.790097e+00
6.821107e+00,6.874198e+00,7.254885e+00,6.670766e+00,6.013715e+00,6.660575e+00,6.514713e+00,6.093570e+00,6.913737e+00,6.192362e+00,7.059618e+00,6.487684e+00,6.436150e+00,6.862758e+00,6.802395e+00,6.908755e+00,6.463029e+00,3.951244e+00,6.790097e+00
6.684612e+00,7.023759e+00,7.254885e+00,6.586172e+00,6.159095e+00,6.656727e+00,6.413459e+00,6.236370e+00,6.908755e+00,6.276643e+00,7.059618e+00,6.487684e+00,6.343880e+00,6.862758e+00,6.856462e+00,6.908755e+00,6.415097e+00,3.951244e+00,6.758095e+00
6.684612e+00,7.023759e+00,7.254885e+00,6.586172e+00,6.152733e+00,6.660575e+00,6.289716e+00,6.366470e+00,6.908755e+00,6.361302e+00,6.990257e+00,6.487684e+00,6.265301e+00,6.862758e+00,6.857514e+00,6.946976e+00,6.415097e+00,3.951244e+00,6.759255e+00
6.687109e+00,7.023759e+00,7.252762e+00,6.408529e+00,6.381816e+00,6.660575e+00,6.285998e+00,6.369901e+00,6.889591e+00,6.431331e+00,6.962243e+00,6.487684e+00,6.263398e+00,6.771936e+00,6.857514e+00,7.093405e+00,6.405228e+00,4.060443e+00,7.126891e+00
6.687109e+00,6.880384e+00,7.353722e+00,6.401917e+00,6.386879e+00,6.661855e+00,6.040255e+00,6.551080e+00,6.762730e+00,6.472346e+00,6.961296e+00,6.486161e+00,6.255750e+00,6.674561e+00,6.845880e+00,7.160846e+00,6.336826e+00,4.060443e+00,7.130899e+00
6.690842e+00,6.846943e+00,7.370231e+00,6.411818e+00,6.386879e+00,6.661855e+00,6.013715e+00,6.565265e+00,6.558198e+00,6.473891e+00,6.882437e+00,6.486161e+00,6.144186e+00,6.685861e+00,6.990257e+00,7.228388e+00,6.329721e+00,4.248495e+00,7.170120e+00
6.690842e+00,6.828712e+00,7.375256e+00,6.413459e+00,6.259581e+00,6.756932e+00,6.016157e+00,6.565265e+00,6.558198e+00,6.445720e+00,6.882437e+00,6.486161e+00,6.144186e+00,6.687109e+00,6.972606e+00,7.273786e+00,6.329721e+00,5.247024e+00,7.173958e+00
6.583409e+00,6.709304e+00,7.471932e+00,6.426488e+00,6.322565e+00,6.665684e+00,6.184149e+00,6.545350e+00,6.577861e+00,5.908083e+00,6.898715e+00,6.393591e+00,6.059123e+00,6.688355e+00,6.970730e+00,7.273786e+00,6.329721e+00,5.572154e+00,7.173958e+00
6.569481e+00,6.651572e+00,7.504392e+00,6.371612e+00,6.380123e+00,6.561031e+00,6.333280e+00,6.533789e+00,6.588926e+00,5.940171e+00,6.951772e+00,6.345636e+00,6.182085e+00,6.793466e+00,6.969791e+00,7.273786e+00,6.329721e+00,5.673323e+00,7.156177e+00
6.813445e+00,6.625392e+00,7.515889e+00,6.369901e+00,6.381816e+00,6.548219e+00,6.349139e+00,6.530878e+00,6.577861e+00,6.018593e+00,7.009409e+00,6.068426e+00,6.093570e+00,6.785588e+00,6.964136e+00,7.273786e+00,6.342121e+00,5.823046e+00,7.156177e+00
6.815640e+00,6.429719e+00,7.586296e+00,6.342121e+00,6.408529e+00,6.514713e+00,6.318968e+00,6.587550e+00,6.538140e+00,6.317165e+00,7.011214e+00,6.033086e+00,5.978886e+00,6.745236e+00,6.964136e+00,7.273786e+00,6.210600e+00,6.173786e+00,7.179308e+00
6.995766e+00,6.429719e+00,7.586296e+00,6.311735e+00,6.436150e+00,6.514713e+00,6.267201e+00,6.625392e+00,6.234411e+00,6.533789e+00,7.038784e+00,5.849325e+00,5.831882e+00,6.745236e+00,6.964136e+00,7.284135e+00,6.200509e+00,6.228511e+00,7.183112e+00
7.004882e+00,6.429719e+00,7.586296e+00,6.003887e+00,6.628041e+00,6.329721e+00,6.484635e+00,6.625392e+00,5.831882e+00,6.558198e+00,7.038784e+00,5.846439e+00,6.685861e+00,6.804615e+00,6.964136e+00,7.319202e+00,5.910797e+00,6.253829e+00,6.543912e+00
6.967909e+00,6.519147e+00,7.567346e+00,6.186209e+00,6.628041e+00,6.208590e+00,6.577861e+00,6.625392e+00,5.560682e+00,6.700731e+00,7.090077e+00,4.564348e+00,6.685861e+00,6.805723e+00,6.964136e+00,7.319202e+00,5.739793e+00,6.246107e+00,6.539586e+00
6.853299e+00,6.675823e+00,7.440147e+00,6.575076e+00,6.628041e+00,6.156979e+00,6.469250e+00,6.738152e+00,5.293305e+00,6.731018e+00,6.947937e+00,4.564348e+00,6.685861e+00,7.031741e+00,6.976348e+00,7.321189e+00,5.081404e+00,6.246107e+00,6.606650e+00
6.852243e+00,6.677083e+00,7.440147e+00,6.575076e+00,6.628041e+00,6.148468e+00,6.393591e+00,6.693324e+00,5.648974e+00,6.800170e+00,6.835185e+00,4.564348e+00,6.712956e+00,6.948897e+00,6.982863e+00,7.321850e+00,4.997212e+00,6.246107e+00,6.665684e+00
6.900731e+00,6.683361e+00,7.286876e+00,6.797940e+00,6.645091e+00,6.249975e+00,6.391917e+00,6.677083e+00,5.680173e+00,6.801283e+00,6.828712e+00,4.564348e+00,6.731018e+00,6.983790e+00,6.982863e+00,7.566828e+00,4.700480e+00,6.421622e+00,6.659294e+00
6.900731e+00,6.683361e+00,7.268223e+00,6.783325e+00,6.695799e+00,6.177944e+00,6.200509e+00,6.839476e+00,5.655992e+00,6.801283e+00,6.875232e+00,4.564348e+00,6.731018e+00,6.913737e+00,6.972606e+00,7.584265e+00,5.332719e+00,6.568078e+00,6.659294e+00
6.690842e+00,6.894670e+00,7.261927e+00,6.502790e+00,6.904751e+00,6.226537e+00,6.220590e+00,6.842683e+00,5.631212e+00,6.801283e+00,6.875232e+00,5.620401e+00,6.731018e+00,6.915723e+00,6.895683e+00,7.586804e+00,5.365976e+00,6.568078e+00,6.656727e+00
6.886532e+00,6.889591e+00,7.097549e+00,6.787845e+00,6.845880e+00,6.295266e+00,6.263398e+00,6.825460e+00,5.686975e+00,6.838405e+00,6.822197e+00,5.872118e+00,6.731018e+00,6.853299e+00,6.818924e+00,7.579679e+00,5.356586e+00,6.568078e+00,6.548219e+00
7.012115e+00,6.859615e+00,7.094235e+00,6.824374e+00,6.841615e+00,6.302619e+00,6.263398e+00,6.825460e+00,5.686975e+00,6.852243e+00,6.816736e+00,5.918894e+00,6.731018e+00,6.641182e+00,6.670766e+00,7.561642e+00,5.356586e+00,6.568078e+00,6.519147e+00
7.103322e+00,6.859615e+00,6.855409e+00,7.069874e+00,6.836259e+00,6.311735e+00,6.263398e+00,6.824374e+00,5.389072e+00,6.854355e+00,6.864848e+00,6.093570e+00,6.731018e+00,6.638568e+00,6.629363e+00,7.558517e+00,5.356586e+00,6.568078e+00,6.519147e+00
7.107425e+00,6.859615e+00,6.813445e+00,7.096721e+00,6.843750e+00,6.311735e+00,6.228511e+00,6.843750e+00,5.389072e+00,6.858565e+00,6.883463e+00,6.324359e+00,6.731018e+00,6.587550e+00,6.381816e+00,7.508239e+00,5.375278e+00,6.568078e+00,6.504288e+00
7.107425e+00,6.859615e+00,6.800170e+00,7.099202e+00,6.853299e+00,6.311735e+00,6.226537e+00,6.820016e+00,5.393628e+00,6.858565e+00,6.888572e+00,6.470800e+00,6.731018e+00,6.539586e+00,6.381816e+00,7.462215e+00,5.303305e+00,6.656727e+00,6.504288e+00
7.099202e+00,6.870053e+00,6.791221e+00,7.105786e+00,6.850126e+00,6.317165e+00,6.222576e+00,6.791221e+00,5.513429e+00,6.858565e+00,6.431331e+00,6.398595e+00,6.626718e+00,6.529419e+00,6.238325e+00,7.491645e+00,5.303305e+00,6.656727e+00,6.504288e+00
7.099202e+00,6.870053e+00,6.660575e+00,7.191429e+00,6.754604e+00,6.361302e+00,6.336826e+00,6.680855e+00,5.707110e+00,6.858565e+00,6.499787e+00,6.391917e+00,6.612041e+00,6.464588e+00,6.238325e+00,7.416980e+00,5.303305e+00,6.656727e+00,6.504288e+00
7.138073e+00,6.870053e+00,6.613384e+00,7.218177e+00,6.753438e+00,6.309918e+00,6.388561e+00,6.675823e+00,5.710427e+00,6.858565e+00,6.350886e+00,6.527958e+00,6.610696e+00,6.464588e+00,5.968708e+00,7.370231e+00,5.384495e+00,6.656727e+00,6.504288e+00
7.141245e+00,6.873164e+00,6.561031e+00,7.245655e+00,6.753438e+00,6.202536e+00,6.478510e+00,6.559615e+00,5.963579e+00,6.771936e+00,6.331502e+00,6.535241e+00,6.637258e+00,6.461468e+00,5.940171e+00,7.181592e+00,5.327876e+00,6.659294e+00,6.548219e+00
6.983790e+00,7.047517e+00,6.542472e+00,7.254885e+00,6.753438e+00,6.109248e+00,6.511745e+00,6.590301e+00,5.963579e+00,6.771936e+00,6.359574e+00,6.535241e+00,6.693324e+00,6.313548e+00,5.929589e+00,7.177782e+00,5.327876e+00,6.766192e+00,6.576470e+00
7.056175e+00,7.057898e+00,6.542472e+00,7.254885e+00,6.723832e+00,6.082219e+00,6.565265e+00,6.559615e+00,6.018593e+00,6.711740e+00,6.386879e+00,6.535241e+00,6.697034e+00,6.343880e+00,5.891644e+00,7.177782e+00,5.327876e+00,6.853299e+00,6.576470e+00
7.068172e+00,6.956545e+00,6.693324e+00,7.254885e+00,6.698268e+00,5.963579e+00,6.659294e+00,6.527958e+00,6.070738e+00,6.711740e+00,6.386879e+00,6.535241e+00,6.726233e+00,6.342121e+00,5.743003e+00,7.177782e+00,5.323010e+00,6.859615e+00,6.576470e+00
7.044905e+00,6.821107e+00,6.874198e+00,7.254885e+00,6.670766e+00,6.013715e+00,6.660575e+00,6.514713e+00,6.093570e+00,6.726233e+00,6.386879e+00,6.535241e+00,6.830874e+00,6.342121e+00,5.393628e+00,7.177782e+00,5.459586e+00,6.867974e+00,6.576470e+00
7.010312e+00,6.684612e+00,7.023759e+00,7.254885e+00,6.586172e+00,6.159095e+00,6.656727e+00,6.413459e+00,6.236370e+00,6.673298e+00,6.388561e+00,6.535241e+00,6.784457e+00,6.342121e+00,5.129899e+00,7.207119e+00,5.662960e+00,6.867974e+00,6.576470e+00
7.010312e+00,6.684612e+00,7.023759e+00,7.254885e+00,6.586172e+00,6.152733e+00,6.660575e+00,6.289716e+00,6.366470e+00,6.720220e+00,6.478510e+00,6.535241e+00,6.779922e+00,6.342121e+00,5.476464e+00,7.177782e+00,5.666427e+00,6.867974e+00,6.543912e+00
7.036148e+00,6.687109e+00,7.023759e+00,7.252762e+00,6.408529e+00,6.381816e+00,6.660575e+00,6.285998e+00,6.369901e+00,6.679599e+00,6.771936e+00,6.535241e+00,6.779922e+00,6.342121e+00,5.808142e+00,7.050123e+00,5.805135e+00,6.843750e+00,5.743003e+00
7.036148e+00,6.687109e+00,6.880384e+00,7.353722e+00,6.401917e+00,6.386879e+00,6.661855e+00,6.040255e+00,6.551080e+00,6.841615e+00,7.079184e+00,6.535241e+00,6.773080e+00,6.342121e+00,6.030685e+00,6.974479e+00,6.180017e+00,6.843750e+00,5.726848e+00
7.044905e+00,6.690842e+00,6.846943e+00,7.370231e+00,6.411818e+00,6.386879e+00,6.661855e+00,6.013715e+00,6.565265e+00,6.850126e+00,7.210080e+00,6.535241e+00,6.773080e+00,6.202536e+00,5.736572e+00,6.886532e+00,6.393591e+00,6.830874e+00,5.616771e+00
7.044905e+00,6.690842e+00,6.828712e+00,7.375256e+00,6.413459e+00,6.259581e+00,6.756932e+00,6.016157e+00,6.565265e+00,6.834109e+00,7.256297e+00,6.535241e+00,6.775366e+00,6.200509e+00,5.768321e+00,6.818924e+00,6.431331e+00,6.692084e+00,5.720312e+00
7.032624e+00,6.583409e+00,6.709304e+00,7.471932e+00,6.426488e+00,6.322565e+00,6.665684e+00,6.184149e+00,6.545350e+00,6.765039e+00,7.275865e+00,6.535241e+00,6.784457e+00,6.214608e+00,5.932245e+00,6.818924e+00,6.487684e+00,6.597146e+00,6.028279e+00
7.037028e+00,6.569481e+00,6.651572e+00,7.504392e+00,6.371612e+00,6.380123e+00,6.561031e+00,6.333280e+00,6.533789e+00,6.749931e+00,7.475906e+00,6.535241e+00,6.612041e+00,6.025866e+00,5.958425e+00,6.818924e+00,6.643790e+00,6.558198e+00,6.882437e+00
6.846943e+00,6.813445e+00,6.625392e+00,7.515889e+00,6.369901e+00,6.381816e+00,6.548219e+00,6.349139e+00,6.530878e+00,6.712956e+00,7.492760e+00,6.535241e+00,6.704414e+00,6.124683e+00,6.113682e+00,6.818924e+00,6.651572e+00,6.489205e+00,7.090077e+00
7.001246e+00,6.815640e+00,6.429719e+00,7.586296e+00,6.342121e+00,6.408529e+00,6.514713e+00,6.318968e+00,6.587550e+00,6.617403e+00,7.524561e+00,6.535241e+00,6.704414e+00,6.124683e+00,6.363028e+00,6.818924e+00,6.651572e+00,6.272877e+00,7.077498e+00
6.858565e+00,6.995766e+00,6.429719e+00,7.586296e+00,6.311735e+00,6.436150e+00,6.514713e+00,6.267201e+00,6.625392e+00,6.426488e+00,7.616284e+00,6.535241e+00,6.722630e+00,6.124683e+00,6.456770e+00,6.802395e+00,6.651572e+00,6.220590e+00,7.087574e+00
6.985642e+00,7.004882e+00,6.429719e+00,7.586296e+00,6.003887e+00,6.628041e+00,6.329721e+00,6.484635e+00,6.625392e+00,6.418365e+00,7.663877e+00,6.535241e+00,5.986452e+00,6.150603e+00,6.456770e+00,6.742881e+00,6.633318e+00,6.194405e+00,7.100027e+00
6.978214e+00,6.967909e+00,6.519147e+00,7.567346e+00,6.186209e+00,6.628041e+00,6.208590e+00,6.577861e+00,6.625392e+00,6.579251e+00,7.643962e+00,6.535241e+00,5.996452e+00,6.148468e+00,6.456770e+00,6.742881e+00,6.711740e+00,6.371612e+00,7.194437e+00
7.028201e+00,6.853299e+00,6.675823e+00,7.440147e+00,6.575076e+00,6.628041e+00,6.156979e+00,6.469250e+00,6.738152e+00,6.545350e+00,7.643004e+00,6.535241e+00,5.998937e+00,5.690359e+00,6.436150e+00,6.739337e+00,6.751101e+00,6.419995e+00,7.157735e+00
7.033506e+00,6.852243e+00,6.677083e+00,7.440147e+00,6.575076e+00,6.628041e+00,6.148468e+00,6.393591e+00,6.693324e+00,6.455199e+00,7.644441e+00,6.576470e+00,6.218600e+00,5.634790e+00,6.424869e+00,6.709304e+00,6.751101e+00,6.492240e+00,7.130899e+00
7.094235e+00,6.900731e+00,6.683361e+00,7.286876e+00,6.797940e+00,6.645091e+00,6.249975e+00,6.391917e+00,6.677083e+00,6.496775e+00,7.644441e+00,6.711740e+00,6.343880e+00,5.493061e+00,6.424869e+00,5.991465e+00,6.751101e+00,6.368187e+00,7.130899e+00
7.163947e+00,6.900731e+00,6.683361e+00,7.268223e+00,6.783325e+00,6.695799e+00,6.177944e+00,6.200509e+00,6.839476e+00,6.502790e+00,7.604894e+00,6.935370e+00,6.456770e+00,5.484797e+00,6.432940e+00,5.897154e+00,6.630683e+00,6.186209e+00,7.130899e+00
7.237778e+00,6.690842e+00,6.894670e+00,7.261927e+00,6.502790e+00,6.904751e+00,6.226537e+00,6.220590e+00,6.842683e+00,6.502790e+00,7.604894e+00,6.744059e+00,6.508769e+00,5.476464e+00,6.523562e+00,5.950643e+00,6.621406e+00,6.324359e+00,7.128496e+00
7.147559e+00,6.886532e+00,6.889591e+00,7.097549e+00,6.787845e+00,6.845880e+00,6.295266e+00,6.263398e+00,6.825460e+00,6.455199e+00,7.619724e+00,6.658011e+00,6.559615e+00,5.525453e+00,6.523562e+00,5.948035e+00,6.645091e+00,6.437752e+00,7.128496e+00
7.057037e+00,7.012115e+00,6.859615e+00,7.094235e+00,6.824374e+00,6.841615e+00,6.302619e+00,6.263398e+00,6.825460e+00,6.487684e+00,7.634821e+00,6.801283e+00,6.559615e+00,5.525453e+00,6.573680e+00,5.739793e+00,6.646391e+00,6.445720e+00,7.128496e+00
6.961296e+00,7.103322e+00,6.859615e+00,6.855409e+00,7.069874e+00,6.836259e+00,6.311735e+00,6.263398e+00,6.824374e+00,6.517671e+00,7.609367e+00,6.738152e+00,6.569481e+00,5.525453e+00,6.672033e+00,5.765191e+00,6.758095e+00,6.445720e+00,7.138867e+00
6.956545e+00,7.107425e+00,6.859615e+00,6.813445e+00,7.096721e+00,6.843750e+00,6.311735e+00,6.228511e+00,6.843750e+00,6.538140e+00,7.586296e+00,6.620073e+00,6.874198e+00,5.525453e+00,6.672033e+00,5.793014e+00,6.896694e+00,6.575076e+00,7.279319e+00
7.085901e+00,7.107425e+00,6.859615e+00,6.800170e+00,7.099202e+00,6.853299e+00,6.311735e+00,6.226537e+00,6.820016e+00,6.538140e+00,7.583248e+00,6.599870e+00,6.978214e+00,5.525453e+00,6.672033e+00,5.683580e+00,6.923629e+00,6.453625e+00,7.279319e+00
7.128496e+00,7.099202e+00,6.870053e+00,6.791221e+00,7.105786e+00,6.850126e+00,6.317165e+00,6.222576e+00,6.791221e+00,6.538140e+00,7.583756e+00,6.575076e+00,7.024649e+00,5.525453e+00,6.688355e+00,5.442418e+00,6.927558e+00,6.674561e+00,7.288244e+00
7.132498e+00,7.099202e+00,6.870053e+00,6.660575e+00,7.191429e+00,6.754604e+00,6.361302e+00,6.336826e+00,6.680855e+00,6.541030e+00,7.570443e+00,6.541030e+00,7.024649e+00,5.583496e+00,6.703188e+00,5.225747e+00,6.927558e+00,6.767343e+00,7.364547e+00
7.115582e+00,7.138073e+00,6.870053e+00,6.613384e+00,7.218177e+00,6.753438e+00,6.309918e+00,6.388561e+00,6.675823e+00,6.541030e+00,7.578657e+00,6.415097e+00,7.016610e+00,5.817111e+00,6.785588e+00,5.389072e+00,6.955593e+00,6.817831e+00,7.392648e+00
7.111512e+00,7.141245e+00,6.873164e+00,6.561031e+00,7.245655e+00,6.753438e+00,6.202536e+00,6.478510e+00,6.559615e+00,6.548219e+00,7.593878e+00,6.421622e+00,6.998510e+00,5.910797e+00,6.790097e+00,5.389072e+00,7.017506e+00,6.815640e+00,7.378384e+00
7.118826e+00,6.983790e+00,7.047517e+00,6.542472e+00,7.254885e+00,6.753438e+00,6.109248e+00,6.511745e+00,6.590301e+00,6.551080e+00,7.578145e+00,6.421622e+00,6.957497e+00,6.001415e+00,6.793466e+00,5.389072e+00,7.034388e+00,6.708084e+00,7.383368e+00
7.040536e+00,7.056175e+00,7.057898e+00,6.542472e+00,7.254885e+00,6.723832e+00,6.082219e+00,6.565265e+00,6.559615e+00,6.551080e+00,7.569928e+00,6.421622e+00,7.069874e+00,5.953243e+00,6.836259e+00,5.389072e+00,7.061334e+00,6.692084e+00,7.434848e+00
7.055313e+00,7.068172e+00,6.956545e+00,6.693324e+00,7.254885e+00,6.698268e+00,5.963579e+00,6.659294e+00,6.527958e+00,6.558198e+00,7.570443e+00,6.445720e+00,7.069874e+00,5.986452e+00,6.864848e+00,5.389072e+00,7.075809e+00,6.809039e+00,7.449498e+00
7.066467e+00,7.044905e+00,6.821107e+00,6.874198e+00,7.254885e+00,6.670766e+00,6.013715e+00,6.660575e+00,6.514713e+00,6.545350e+00,7.570443e+00,6.511745e+00,7.085064e+00,6.018593e+00,6.870053e+00,5.389072e+00,7.054450e+00,6.806829e+00,7.588830e+00
7.124478e+00,7.010312e+00,6.684612e+00,7.023759e+00,7.254885e+00,6.586172e+00,6.159095e+00,6.656727e+00,6.413459e+00,6.545350e+00,7.569928e+00,6.514713e+00,7.064759e+00,6.018593e+00,6.870053e+00,5.198497e+00,7.037028e+00,6.806829e+00,7.588830e+00
7.210818e+00,7.010312e+00,6.684612e+00,7.023759e+00,7.254885e+00,6.586172e+00,6.152733e+00,6.660575e+00,6.289716e+00,6.419995e+00,7.540622e+00,6.514713e+00,7.064759e+00,6.018593e+00,6.909753e+00,5.209486e+00,7.068172e+00,6.806829e+00,7.588830e+00
7.290975e+00,7.036148e+00,6.687109e+00,7.023759e+00,7.252762e+00,6.408529e+00,6.381816e+00,6.660575e+00,6.285998e+00,6.419995e+00,7.415175e+00,6.514713e+00,7.073270e+00,6.018593e+00,6.811244e+00,5.170484e+00,7.023759e+00,6.806829e+00,7.588830e+00
7.290975e+00,7.036148e+00,6.687109e+00,6.880384e+00,7.353722e+00,6.401917e+00,6.386879e+00,6.661855e+00,6.040255e+00,6.152733e+00,7.205635e+00,6.514713e+00,7.080026e+00,6.018593e+00,6.715383e+00,5.164786e+00,6.879356e+00,6.806829e+00,7.618742e+00
7.346010e+00,7.044905e+00,6.690842e+00,6.846943e+00,7.370231e+00,6.411818e+00,6.386879e+00,6.661855e+00,6.013715e+00,6.150603e+00,7.074117e+00,6.514713e+00,7.163172e+00,6.013715e+00,6.665684e+00,5.164786e+00,6.875232e+00,6.806829e+00,7.613819e+00
7.387709e+00,7.044905e+00,6.690842e+00,6.828712e+00,7.375256e+00,6.413459e+00,6.259581e+00,6.756932e+00,6.016157e+00,6.150603e+00,7.074963e+00,6.514713e+00,7.163172e+00,6.018593e+00,6.669498e+00,5.164786e+00,6.878326e+00,6.806829e+00,7.604894e+00
7.408531e+00,7.032624e+00,6.583409e+00,6.709304e+00,7.471932e+00,6.426488e+00,6.322565e+00,6.665684e+00,6.184149e+00,6.175867e+00,7.037906e+00,6.542472e+00,7.156956e+00,6.052089e+00,6.594413e+00,5.170484e+00,6.854355e+00,6.806829e+00,7.548556e+00
7.404279e+00,7.037028e+00,6.569481e+00,6.651572e+00,7.504392e+00,6.371612e+00,6.380123e+00,6.561031e+00,6.333280e+00,6.175867e+00,6.639876e+00,6.610696e+00,7.142037e+00,5.940171e+00,6.580639e+00,5.170484e+00,6.775366e+00,6.806829e+00,7.198931e+00
7.403670e+00,6.846943e+00,6.813445e+00,6.625392e+00,7.515889e+00,6.369901e+00,6.381816e+00,6.548219e+00,6.349139e+00,6.175867e+00,6.526495e+00,6.741701e+00,7.138073e+00,5.820083e+00,6.486161e+00,5.170484e+00,6.907755e+00,6.806829e+00,7.057037e+00
7.301822e+00,7.001246e+00,6.815640e+00,6.429719e+00,7.586296e+00,6.342121e+00,6.408529e+00,6.514713e+00,6.318968e+00,6.023448e+00,6.436150e+00,6.776507e+00,7.143618e+00,5.820083e+00,6.269096e+00,5.170484e+00,6.910751e+00,6.791221e+00,7.044033e+00
7.315218e+00,6.858565e+00,6.995766e+00,6.429719e+00,7.586296e+00,6.311735e+00,6.436150e+00,6.514713e+00,6.267201e+00,6.028279e+00,6.028279e+00,6.777647e+00,7.134094e+00,5.820083e+00,6.154858e+00,5.252273e+00,6.923629e+00,6.791221e+00,6.997596e+00
7.250636e+00,6.985642e+00,7.004882e+00,6.429719e+00,7.586296e+00,6.003887e+00,6.628041e+00,6.329721e+00,6.484635e+00,6.025866e+00,5.755742e+00,6.884487e+00,7.127694e+00,5.686975e+00,6.154858e+00,5.283204e+00,7.111512e+00,6.791221e+00,6.972606e+00
7.211557e+00,6.978214e+00,6.967909e+00,6.519147e+00,7.567346e+00,6.186209e+00,6.628041e+00,6.208590e+00,6.577861e+00,5.398163e+00,5.690359e+00,6.889591e+00,7.172425e+00,5.690359e+00,6.198479e+00,5.303305e+00,7.121252e+00,6.678342e+00,6.853299e+00
7.172425e+00,7.028201e+00,6.853299e+00,6.675823e+00,7.440147e+00,6.575076e+00,6.628041e+00,6.156979e+00,6.469250e+00,5.420535e+00,5.613128e+00,6.889591e+00,7.207119e+00,5.472271e+00,6.315358e+00,5.493061e+00,7.192934e+00,6.641182e+00,6.853299e+00
7.167809e+00,7.033506e+00,6.852243e+00,6.677083e+00,7.440147e+00,6.575076e+00,6.628041e+00,6.148468e+00,6.393591e+00,5.420535e+00,5.680173e+00,6.859615e+00,7.132498e+00,5.472271e+00,6.375025e+00,5.493061e+00,7.192934e+00,6.579251e+00,6.846943e+00
7.113142e+00,7.094235e+00,6.900731e+00,6.683361e+00,7.286876e+00,6.797940e+00,6.645091e+00,6.249975e+00,6.391917e+00,5.298317e+00,5.680173e+00,6.744059e+00,7.064759e+00,5.472271e+00,6.447306e+00,5.493061e+00,7.193686e+00,6.548219e+00,6.846943e+00
7.126087e+00,7.163947e+00,6.900731e+00,6.683361e+00,7.268223e+00,6.783325e+00,6.695799e+00,6.177944e+00,6.200509e+00,5.505332e+00,5.673323e+00,6.469250e+00,7.004882e+00,5.509388e+00,6.478510e+00,5.700444e+00,7.230563e+00,6.548219e+00,6.846943e+00
7.059618e+00,7.237778e+00,6.690842e+00,6.894670e+00,7.261927e+00,6.502790e+00,6.904751e+00,6.226537e+00,6.220590e+00,5.556828e+00,5.673323e+00,6.467699e+00,6.973543e+00,5.509388e+00,6.432940e+00,6.006353e+00,7.230563e+00,6.439350e+00,6.846943e+00
7.012115e+00,7.147559e+00,6.886532e+00,6.889591e+00,7.097549e+00,6.787845e+00,6.845880e+00,6.295266e+00,6.263398e+00,5.743003e+00,5.638355e+00,6.463029e+00,6.940222e+00,5.459586e+00,6.523562e+00,6.122493e+00,7.217443e+00,6.326149e+00,6.846943e+00
7.124478e+00,7.057037e+00,7.012115e+00,6.859615e+00,7.094235e+00,6.824374e+00,6.841615e+00,6.302619e+00,6.263398e+00,5.673323e+00,5.541264e+00,6.347389e+00,6.940222e+00,5.459586e+00,6.473891e+00,6.475433e+00,7.216709e+00,6.317165e+00,7.024649e+00
7.151485e+00,6.961296e+00,7.103322e+00,6.859615e+00,6.855409e+00,7.069874e+00,6.836259e+00,6.311735e+00,6.263398e+00,6.040255e+00,5.631212e+00,6.530878e+00,6.933423e+00,5.459586e+00,6.356108e+00,6.535241e+00,7.163172e+00,6.317165e+00,7.015712e+00
7.162397e+00,6.956545e+00,7.107425e+00,6.859615e+00,6.813445e+00,7.096721e+00,6.843750e+00,6.311735e+00,6.228511e+00,6.543912e+00,5.799093e+00,6.570883e+00,6.648985e+00,5.459586e+00,6.356108e+00,6.620073e+00,7.079184e+00,6.146329e+00,6.884487e+00
7.074117e+00,7.085901e+00,7.107425e+00,6.859615e+00,6.800170e+00,7.099202e+00,6.853299e+00,6.311735e+00,6.226537e+00,6.704414e+00,5.837730e+00,6.464588e+00,6.577861e+00,5.459586e+00,6.401917e+00,6.786717e+00,7.063048e+00,6.124683e+00,6.897705e+00
7.131699e+00,7.128496e+00,7.099202e+00,6.870053e+00,6.791221e+00,7.105786e+00,6.850126e+00,6.317165e+00,6.222576e+00,6.741701e+00,5.872118e+00,6.467699e+00,6.504288e+00,5.459586e+00,6.411818e+00,6.820016e+00,7.059618e+00,5.703782e+00,6.884487e+00
7.141245e+00,7.132498e+00,7.099202e+00,6.870053e+00,6.660575e+00,7.191429e+00,6.754604e+00,6.361302e+00,6.336826e+00,6.745236e+00,5.739793e+00,6.467699e+00,6.504288e+00,5.393628e+00,6.391917e+00,6.787845e+00,7.059618e+00,5.407172e+00,6.769642e+00
7.130099e+00,7.115582e+00,7.138073e+00,6.870053e+00,6.613384e+00,7.218177e+00,6.753438e+00,6.309918e+00,6.388561e+00,6.745236e+00,5.686975e+00,6.459904e+00,6.504288e+00,5.010635e+00,6.272877e+00,6.830874e+00,6.985642e+00,5.293305e+00,6.716595e+00
7.128496e+00,7.111512e+00,7.141245e+00,6.873164e+00,6.561031e+00,7.245655e+00,6.753438e+00,6.202536e+00,6.478510e+00,6.761573e+00,5.579730e+00,6.624065e+00,6.583409e+00,4.762174e+00,6.265301e+00,6.896694e+00,6.921658e+00,5.659482e+00,6.708084e+00
7.147559e+00,7.118826e+00,6.983790e+00,7.047517e+00,6.542472e+00,7.254885e+00,6.753438e+00,6.109248e+00,6.511745e+00,6.887553e+00,5.669881e+00,6.692084e+00,6.591674e+00,4.454347e+00,6.270988e+00,6.902743e+00,6.902743e+00,5.983936e+00,6.673298e+00
7.148346e+00,7.040536e+00,7.056175e+00,7.057898e+00,6.542472e+00,7.254885e+00,6.723832e+00,6.082219e+00,6.565265e+00,7.039660e+00,5.945421e+00,6.725034e+00,6.418365e+00,4.454347e+00,6.196444e+00,7.102499e+00,6.897705e+00,6.139885e+00,6.559615e+00
7.122867e+00,7.055313e+00,7.068172e+00,6.956545e+00,6.693324e+00,7.254885e+00,6.698268e+00,5.963579e+00,6.659294e+00,7.035269e+00,5.950643e+00,6.818924e+00,6.487684e+00,5.252273e+00,6.154858e+00,7.406103e+00,6.896694e+00,6.001415e+00,6.542472e+00
7.112327e+00,7.066467e+00,7.044905e+00,6.821107e+00,6.874198e+00,7.254885e+00,6.670766e+00,6.013715e+00,6.660575e+00,7.031741e+00,5.950643e+00,6.897705e+00,6.308098e+00,5.517453e+00,6.144186e+00,7.460490e+00,6.932448e+00,6.240276e+00,6.184149e+00
7.053586e+00,7.124478e+00,7.010312e+00,6.684612e+00,7.023759e+00,7.254885e+00,6.586172e+00,6.159095e+00,6.656727e+00,7.031741e+00,5.953243e+00,6.895683e+00,6.329721e+00,5.802118e+00,6.144186e+00,7.520235e+00,6.931472e+00,6.297109e+00,6.240276e+00
6.952729e+00,7.210818e+00,7.010312e+00,6.684612e+00,7.023759e+00,7.254885e+00,6.586172e+00,6.152733e+00,6.660575e+00,7.037906e+00,5.953243e+00,6.897705e+00,6.499787e+00,6.272877e+00,5.874931e+00,7.549609e+00,6.896694e+00,6.336826e+00,6.240276e+00
6.805723e+00,7.290975e+00,7.036148e+00,6.687109e+00,7.023759e+00,7.252762e+00,6.408529e+00,6.381816e+00,6.660575e+00,7.054450e+00,5.966147e+00,6.957497e+00,6.484635e+00,6.329721e+00,5.874931e+00,7.588324e+00,6.896694e+00,6.336826e+00,6.240276e+00
6.869014e+00,7.290975e+00,7.036148e+00,6.687109e+00,6.880384e+00,7.353722e+00,6.401917e+00,6.386879e+00,6.661855e+00,7.183112e+00,5.973810e+00,7.045777e+00,6.472346e+00,6.329721e+00,5.877736e+00,7.588324e+00,6.896694e+00,6.336826e+00,6.240276e+00
6.822197e+00,7.346010e+00,7.044905e+00,6.690842e+00,6.846943e+00,7.370231e+00,6.411818e+00,6.386879e+00,6.661855e+00,7.298445e+00,6.177944e+00,7.083388e+00,6.298949e+00,6.329721e+00,5.902633e+00,7.594884e+00,6.777647e+00,6.338594e+00,6.511745e+00
6.784457e+00,7.387709e+00,7.044905e+00,6.690842e+00,6.828712e+00,7.375256e+00,6.413459e+00,6.259581e+00,6.756932e+00,7.351800e+00,6.246107e+00,7.090077e+00,6.295266e+00,6.326149e+00,6.302619e+00,7.597396e+00,6.747587e+00,6.354370e+00,6.608001e+00
6.749931e+00,7.408531e+00,7.032624e+00,6.583409e+00,6.709304e+00,7.471932e+00,6.426488e+00,6.322565e+00,6.665684e+00,7.388328e+00,6.259581e+00,7.074963e+00,6.295266e+00,6.285998e+00,6.426488e+00,7.605392e+00,6.732211e+00,6.354370e+00,6.621406e+00
6.767343e+00,7.404279e+00,7.037028e+00,6.569481e+00,6.651572e+00,7.504392e+00,6.371612e+00,6.380123e+00,6.561031e+00,7.390181e+00,6.259581e+00,7.057898e+00,6.306275e+00,6.285998e+00,6.565265e+00,7.640123e+00,6.684612e+00,6.354370e+00,6.933423e+00
6.767343e+00,7.403670e+00,6.846943e+00,6.813445e+00,6.625392e+00,7.515889e+00,6.369901e+00,6.381816e+00,6.548219e+00,7.393263e+00,6.240276e+00,6.964136e+00,6.248043e+00,6.295266e+00,6.624065e+00,7.670429e+00,6.496775e+00,6.354370e+00,6.994850e+00
6.768493e+00,7.301822e+00,7.001246e+00,6.815640e+00,6.429719e+00,7.586296e+00,6.342121e+00,6.408529e+00,6.514713e+00,7.397562e+00,6.238325e+00,6.947937e+00,6.238325e+00,6.304449e+00,6.685861e+00,7.750184e+00,6.492240e+00,6.354370e+00,7.011214e+00
6.852243e+00,7.315218e+00,6.858565e+00,6.995766e+00,6.429719e+00,7.586296e+00,6.311735e+00,6.436150e+00,6.514713e+00,7.398174e+00,6.238325e+00,6.955593e+00,6.232448e+00,6.304449e+00,6.695799e+00,7.743703e+00,6.472346e+00,6.354370e+00,7.076654e+00
6.844815e+00,7.250636e+00,6.985642e+00,7.004882e+00,6.429719e+00,7.586296e+00,6.003887e+00,6.628041e+00,6.329721e+00,7.391415e+00,6.297109e+00,6.994850e+00,6.190315e+00,6.263398e+00,6.709304e+00,7.756623e+00,6.079933e+00,6.354370e+00,7.266129e+00
6.854355e+00,7.211557e+00,6.978214e+00,6.967909e+00,6.519147e+00,7.567346e+00,6.186209e+00,6.628041e+00,6.208590e+00,7.377759e+00,6.380123e+00,7.063048e+00,6.124683e+00,6.261492e+00,6.684612e+00,7.796469e+00,5.894403e+00,6.354370e+00,7.368970e+00
7.044905e+00,7.172425e+00,7.028201e+00,6.853299e+00,6.675823e+00,7.440147e+00,6.575076e+00,6.628041e+00,6.156979e+00,7.421178e+00,6.450470e+00,7.122867e+00,6.016157e+00,6.261492e+00,6.605298e+00,7.796058e+00,5.446737e+00,6.388561e+00,7.457032e+00
7.237778e+00,7.167809e+00,7.033506e+00,6.852243e+00,6.677083e+00,7.440147e+00,6.575076e+00,6.628041e+00,6.148468e+00,7.421178e+00,6.415097e+00,7.199678e+00,5.998937e+00,6.261492e+00,6.558198e+00,7.847763e+00,5.451038e+00,6.429719e+00,7.549609e+00
7.202661e+00,7.113142e+00,7.094235e+00,6.900731e+00,6.683361e+00,7.286876e+00,6.797940e+00,6.645091e+00,6.249975e+00,7.433075e+00,6.415097e+00,7.215240e+00,5.998937e+00,6.263398e+00,6.499787e+00,7.908755e+00,5.620401e+00,6.429719e+00,7.554859e+00
7.122867e+00,7.126087e+00,7.163947e+00,6.900731e+00,6.683361e+00,7.268223e+00,6.783325e+00,6.695799e+00,6.177944e+00,7.403061e+00,6.442540e+00,7.237778e+00,5.998937e+00,6.257668e+00,6.461468e+00,7.895436e+00,5.645447e+00,6.429719e+00,7.578145e+00
7.107425e+00,7.059618e+00,7.237778e+00,6.690842e+00,6.894670e+00,7.261927e+00,6.502790e+00,6.904751e+00,6.226537e+00,7.419381e+00,6.499787e+00,7.237778e+00,5.998937e+00,6.257668e+00,6.487684e+00,7.845024e+00,5.676754e+00,6.444131e+00,7.607381e+00
7.108244e+00,7.012115e+00,7.147559e+00,6.886532e+00,6.889591e+00,7.097549e+00,6.787845e+00,6.845880e+00,6.295266e+00,7.387090e+00,6.522093e+00,7.231287e+00,5.998937e+00,6.274762e+00,6.419995e+00,7.821643e+00,5.765191e+00,6.486161e+00,7.647786e+00
7.006695e+00,7.124478e+00,7.057037e+00,7.012115e+00,6.859615e+00,7.094235e+00,6.824374e+00,6.841615e+00,6.302619e+00,7.379008e+00,6.514713e+00,7.181592e+00,5.998937e+00,6.308098e+00,6.525030e+00,7.741099e+00,6.142037e+00,6.579251e+00,7.643004e+00
6.975414e+00,7.151485e+00,6.961296e+00,7.103322e+00,6.859615e+00,6.855409e+00,7.069874e+00,6.836259e+00,6.311735e+00,7.280008e+00,6.453625e+00,7.076654e+00,5.998937e+00,6.308098e+00,6.566672e+00,7.718685e+00,6.628041e+00,6.579251e+00,7.685703e+00
6.962243e+00,7.162397e+00,6.956545e+00,7.107425e+00,6.859615e+00,6.813445e+00,7.096721e+00,6.843750e+00,6.311735e+00,7.054450e+00,6.378426e+00,7.034388e+00,5.998937e+00,6.309918e+00,6.616065e+00,7.709757e+00,6.846943e+00,6.579251e+00,7.661056e+00
6.927558e+00,7.074117e+00,7.085901e+00,7.107425e+00,6.859615e+00,6.800170e+00,7.099202e+00,6.853299e+00,6.311735e+00,6.944087e+00,6.366470e+00,7.039660e+00,5.857933e+00,6.309918e+00,6.579251e+00,7.665753e+00,6.908755e+00,6.579251e+00,7.654917e+00
6.800170e+00,7.131699e+00,7.128496e+00,7.099202e+00,6.870053e+00,6.791221e+00,7.105786e+00,6.850126e+00,6.317165e+00,6.913737e+00,6.376727e+00,7.040536e+00,5.857933e+00,6.309918e+00,6.566672e+00,7.676937e+00,6.918695e+00,6.579251e+00,7.654917e+00
6.781058e+00,7.141245e+00,7.132498e+00,7.099202e+00,6.870053e+00,6.660575e+00,7.191429e+00,6.754604e+00,6.361302e+00,6.908755e+00,6.383507e+00,7.063904e+00,5.857933e+00,6.309918e+00,6.568078e+00,7.659171e+00,6.918695e+00,6.579251e+00,7.650169e+00
6.766192e+00,7.130099e+00,7.115582e+00,7.138073e+00,6.870053e+00,6.613384e+00,7.218177e+00,6.753438e+00,6.309918e+00,6.908755e+00,6.380123e+00,7.124478e+00,5.857933e+00,6.309918e+00,6.563856e+00,7.619724e+00,6.913737e+00,6.549651e+00,7.650169e+00
6.769642e+00,7.128496e+00,7.111512e+00,7.141245e+00,6.873164e+00,6.561031e+00,7.245655e+00,6.753438e+00,6.202536e+00,6.889591e+00,6.408529e+00,7.023759e+00,5.686975e+00,6.309918e+00,6.563856e+00,7.588324e+00,6.917706e+00,6.415097e+00,7.650169e+00
6.746412e+00,7.147559e+00,7.118826e+00,6.983790e+00,7.047517e+00,6.542472e+00,7.254885e+00,6.753438e+00,6.109248e+00,6.762730e+00,6.366470e+00,7.056175e+00,5.752573e+00,6.302619e+00,6.694562e+00,7.585281e+00,6.958448e+00,6.216606e+00,7.650169e+00
6.760415e+00,7.148346e+00,7.040536e+00,7.056175e+00,7.057898e+00,6.542472e+00,7.254885e+00,6.723832e+00,6.082219e+00,6.558198e+00,6.194405e+00,7.113956e+00,5.963579e+00,6.302619e+00,6.693324e+00,7.480428e+00,6.945051e+00,5.934894e+00,7.657283e+00
6.766192e+00,7.122867e+00,7.055313e+00,7.068172e+00,6.956545e+00,6.693324e+00,7.254885e+00,6.698268e+00,5.963579e+00,6.558198e+00,6.188264e+00,7.037906e+00,5.771441e+00,6.059123e+00,6.712956e+00,7.206377e+00,6.929517e+00,5.826000e+00,7.651120e+00
6.860664e+00,7.112327e+00,7.066467e+00,7.044905e+00,6.821107e+00,6.874198e+00,7.254885e+00,6.670766e+00,6.013715e+00,6.577861e+00,6.188264e+00,6.928538e+00,5.765191e+00,5.877736e+00,6.748760e+00,7.135687e+00,6.892642e+00,5.411646e+00,7.634337e+00
6.943122e+00,7.053586e+00,7.124478e+00,7.010312e+00,6.684612e+00,7.023759e+00,7.254885e+00,6.586172e+00,6.159095e+00,6.588926e+00,6.186209e+00,6.928538e+00,5.846439e+00,5.616771e+00,7.234898e+00,7.049255e+00,6.903747e+00,5.267858e+00,7.634337e+00
7.024649e+00,6.952729e+00,7.210818e+00,7.010312e+00,6.684612e+00,7.023759e+00,7.254885e+00,6.586172e+00,6.152733e+00,6.577861e+00,6.186209e+00,6.926577e+00,5.497168e+00,4.356709e+00,7.319202e+00,7.026427e+00,6.907755e+00,5.147494e+00,7.634337e+00
7.080026e+00,6.805723e+00,7.290975e+00,7.036148e+00,6.687109e+00,7.023759e+00,7.252762e+00,6.408529e+00,6.381816e+00,6.538140e+00,6.186209e+00,6.869014e+00,5.513429e+00,3.951244e+00,7.329750e+00,6.963190e+00,6.966967e+00,5.147494e+00,7.634337e+00
7.066467e+00,6.869014e+00,7.290975e+00,7.036148e+00,6.687109e+00,6.880384e+00,7.353722e+00,6.401917e+00,6.386879e+00,6.234411e+00,6.272877e+00,6.765039e+00,5.513429e+00,3.951244e+00,7.504392e+00,7.009409e+00,6.973543e+00,5.147494e+00,7.604894e+00
7.090077e+00,6.822197e+00,7.346010e+00,7.044905e+00,6.690842e+00,6.846943e+00,7.370231e+00,6.411818e+00,6.386879e+00,5.831882e+00,6.265301e+00,6.712956e+00,5.521461e+00,4.290459e+00,7.560601e+00,7.050123e+00,6.981006e+00,5.141664e+00,7.517521e+00
7.094235e+00,6.784457e+00,7.387709e+00,7.044905e+00,6.690842e+00,6.828712e+00,7.375256e+00,6.413459e+00,6.259581e+00,5.560682e+00,6.159095e+00,6.703188e+00,5.533389e+00,4.290459e+00,7.474205e+00,7.133296e+00,6.989335e+00,5.087596e+00,7.465655e+00
7.087574e+00,6.749931e+00,7.408531e+00,7.032624e+00,6.583409e+00,6.709304e+00,7.471932e+00,6.426488e+00,6.322565e+00,5.293305e+00,6.284134e+00,6.701960e+00,5.533389e+00,4.290459e+00,7.565275e+00,7.133296e+00,6.999422e+00,5.087596e+00,7.459915e+00
7.074963e+00,6.767343e+00,7.404279e+00,7.037028e+00,6.569481e+00,6.651572e+00,7.504392e+00,6.371612e+00,6.380123e+00,5.648974e+00,6.284134e+00,6.665684e+00,5.509388e+00,4.290459e+00,7.627057e+00,7.077498e+00,7.026427e+00,5.087596e+00,7.287561e+00
7.074963e+00,6.767343e+00,7.403670e+00,6.846943e+00,6.813445e+00,6.625392e+00,7.515889e+00,6.369901e+00,6.381816e+00,5.680173e+00,6.284134e+00,6.665684e+00,5.351858e+00,4.219508e+00,7.612831e+00,7.029088e+00,7.026427e+00,5.087596e+00,7.207119e+00
7.074117e+00,6.768493e+00,7.301822e+00,7.001246e+00,6.815640e+00,6.429719e+00,7.586296e+00,6.342121e+00,6.408529e+00,5.655992e+00,6.284134e+00,6.648985e+00,5.342334e+00,4.143135e+00,7.588830e+00,6.857514e+00,7.026427e+00,5.087596e+00,7.193686e+00
6.957497e+00,6.852243e+00,7.315218e+00,6.858565e+00,6.995766e+00,6.429719e+00,7.586296e+00,6.311735e+00,6.436150e+00,5.631212e+00,6.284134e+00,6.637258e+00,5.342334e+00,4.143135e+00,7.592366e+00,6.864848e+00,7.026427e+00,5.087596e+00,7.129298e+00
6.943122e+00,6.844815e+00,7.250636e+00,6.985642e+00,7.004882e+00,6.429719e+00,7.586296e+00,6.003887e+00,6.628041e+00,5.686975e+00,6.224558e+00,6.432940e+00,5.342334e+00,4.812184e+00,7.612337e+00,6.901737e+00,7.026427e+00,5.087596e+00,6.900731e+00
6.995766e+00,6.854355e+00,7.211557e+00,6.978214e+00,6.967909e+00,6.519147e+00,7.567346e+00,6.186209e+00,6.628041e+00,5.686975e+00,6.126869e+00,6.291569e+00,5.187386e+00,4.820282e+00,7.611842e+00,6.901737e+00,7.026427e+00,5.093750e+00,6.731018e+00
6.906755e+00,7.044905e+00,7.172425e+00,7.028201e+00,6.853299e+00,6.675823e+00,7.440147e+00,6.575076e+00,6.628041e+00,5.389072e+00,6.082219e+00,6.148468e+00,5.220356e+00,4.820282e+00,7.618251e+00,6.875232e+00,7.026427e+00,5.181784e+00,6.539586e+00
6.732211e+00,7.237778e+00,7.167809e+00,7.033506e+00,6.852243e+00,6.677083e+00,7.440147e+00,6.575076e+00,6.628041e+00,5.389072e+00,6.148468e+00,5.910797e+00,5.429346e+00,4.820282e+00,7.618251e+00,6.732211e+00,7.025538e+00,5.147494e+00,6.261492e+00
6.810142e+00,7.202661e+00,7.113142e+00,7.094235e+00,6.900731e+00,6.683361e+00,7.286876e+00,6.797940e+00,6.645091e+00,5.393628e+00,6.251904e+00,5.852202e+00,5.429346e+00,4.812184e+00,7.618742e+00,6.543912e+00,6.991177e+00,5.147494e+00,6.267201e+00
6.862758e+00,7.122867e+00,7.126087e+00,7.163947e+00,6.900731e+00,6.683361e+00,7.268223e+00,6.783325e+00,6.695799e+00,5.513429e+00,6.308098e+00,5.768321e+00,5.429346e+00,4.762174e+00,7.618742e+00,6.513230e+00,6.938284e+00,5.147494e+00,6.177944e+00
6.892642e+00,7.107425e+00,7.059618e+00,7.237778e+00,6.690842e+00,6.894670e+00,7.261927e+00,6.502790e+00,6.904751e+00,5.707110e+00,6.242223e+00,5.768321e+00,5.429346e+00,4.804021e+00,7.604894e+00,6.517671e+00,6.929517e+00,5.093750e+00,6.061457e+00
6.894670e+00,7.108244e+00,7.012115e+00,7.147559e+00,6.886532e+00,6.889591e+00,7.097549e+00,6.787845e+00,6.845880e+00,5.710427e+00,6.144186e+00,5.768321e+00,5.429346e+00,4.727388e+00,7.599401e+00,6.523562e+00,6.902743e+00,5.231109e+00,5.883322e+00
6.858565e+00,7.006695e+00,7.124478e+00,7.057037e+00,7.012115e+00,6.859615e+00,7.094235e+00,6.824374e+00,6.841615e+00,5.963579e+00,6.144186e+00,5.768321e+00,5.505332e+00,4.795791e+00,7.584265e+00,6.523562e+00,6.744059e+00,4.919981e+00,5.303305e+00
6.858565e+00,6.975414e+00,7.151485e+00,6.961296e+00,7.103322e+00,6.859615e+00,6.855409e+00,7.069874e+00,6.836259e+00,5.963579e+00,6.146329e+00,5.768321e+00,5.556828e+00,4.820282e+00,7.596894e+00,6.523562e+00,6.287859e+00,5.407172e+00,4.955827e+00
7.042286e+00,6.962243e+00,7.162397e+00,6.956545e+00,7.107425e+00,6.859615e+00,6.813445e+00,7.096721e+00,6.843750e+00,6.018593e+00,6.135565e+00,5.768321e+00,5.940171e+00,5.693732e+00,7.596392e+00,6.439350e+00,5.783825e+00,5.488938e+00,4.955827e+00
7.044905e+00,6.927558e+00,7.074117e+00,7.085901e+00,7.107425e+00,6.859615e+00,6.800170e+00,7.099202e+00,6.853299e+00,6.070738e+00,6.122493e+00,5.746203e+00,6.287859e+00,5.717028e+00,7.611842e+00,6.373320e+00,5.549076e+00,5.749393e+00,4.955827e+00
7.044905e+00,6.800170e+00,7.131699e+00,7.128496e+00,7.099202e+00,6.870053e+00,6.791221e+00,7.105786e+00,6.850126e+00,6.093570e+00,6.079933e+00,5.730100e+00,6.440947e+00,5.730100e+00,7.610358e+00,6.274762e+00,5.509388e+00,5.749393e+00,5.010635e+00
7.044905e+00,6.781058e+00,7.141245e+00,7.132498e+00,7.099202e+00,6.870053e+00,6.660575e+00,7.191429e+00,6.754604e+00,6.236370e+00,6.073045e+00,5.638355e+00,6.455199e+00,5.730100e+00,7.707962e+00,6.274762e+00,5.509388e+00,5.921578e+00,5.164786e+00
7.053586e+00,6.766192e+00,7.130099e+00,7.115582e+00,7.138073e+00,6.870053e+00,6.613384e+00,7.218177e+00,6.753438e+00,6.366470e+00,6.084499e+00,5.337538e+00,6.455199e+00,5.866468e+00,7.727976e+00,6.274762e+00,5.497168e+00,5.983936e+00,5.164786e+00
7.050989e+00,6.769642e+00,7.128496e+00,7.111512e+00,7.141245e+00,6.873164e+00,6.561031e+00,7.245655e+00,6.753438e+00,6.369901e+00,6.054439e+00,5.318120e+00,6.466145e+00,5.934894e+00,7.749322e+00,6.274762e+00,5.545177e+00,6.006353e+00,5.164786e+00
7.039660e+00,6.746412e+00,7.147559e+00,7.118826e+00,6.983790e+00,7.047517e+00,6.542472e+00,7.254885e+00,6.753438e+00,6.551080e+00,6.124683e+00,4.736198e+00,6.672033e+00,6.280396e+00,7.705713e+00,6.274762e+00,5.365976e+00,6.006353e+00,5.164786e+00
7.028201e+00,6.760415e+00,7.148346e+00,7.040536e+00,7.056175e+00,7.057898e+00,6.542472e+00,7.254885e+00,6.723832e+00,6.565265e+00,6.236370e+00,2.890372e+00,6.563856e+00,6.343880e+00,7.739794e+00,6.228511e+00,5.407172e+00,5.981414e+00,5.075174e+00
7.023759e+00,6.766192e+00,7.122867e+00,7.055313e+00,7.068172e+00,6.956545e+00,6.693324e+00,7.254885e+00,6.698268e+00,6.565265e+00,6.364751e+00,2.397895e+00,6.575076e+00,6.583409e+00,7.751475e+00,6.216606e+00,5.463832e+00,5.963579e+00,5.075174e+00
6.957497e+00,6.860664e+00,7.112327e+00,7.066467e+00,7.044905e+00,6.821107e+00,6.874198e+00,7.254885e+00,6.670766e+00,6.545350e+00,6.461468e+00,2.995732e+00,6.594413e+00,6.583409e+00,7.745868e+00,6.216606e+00,5.613128e+00,5.963579e+00,4.990433e+00
6.887553e+00,6.943122e+00,7.053586e+00,7.124478e+00,7.010312e+00,6.684612e+00,7.023759e+00,7.254885e+00,6.586172e+00,6.533789e+00,6.579251e+00,3.784190e+00,6.539586e+00,6.583409e+00,7.483244e+00,6.269096e+00,5.480639e+00,5.963579e+00,4.820282e+00
6.828712e+00,7.024649e+00,6.952729e+00,7.210818e+00,7.010312e+00,6.684612e+00,7.023759e+00,7.254885e+00,6.586172e+00,6.530878e+00,6.597146e+00,3.784190e+00,6.555357e+00,6.584791e+00,7.447168e+00,6.240276e+00,5.480639e+00,5.963579e+00,4.820282e+00
6.755769e+00,7.080026e+00,6.805723e+00,7.290975e+00,7.036148e+00,6.687109e+00,7.023759e+00,7.252762e+00,6.408529e+00,6.587550e+00,6.610696e+00,3.688879e+00,6.741701e+00,6.577861e+00,7.457032e+00,6.276643e+00,5.187386e+00,5.963579e+00,4.820282e+00
6.705639e+00,7.066467e+00,6.869014e+00,7.290975e+00,7.036148e+00,6.687109e+00,6.880384e+00,7.353722e+00,6.401917e+00,6.625392e+00,6.545350e+00,3.637586e+00,7.029088e+00,6.577861e+00,7.288928e+00,6.177944e+00,5.147494e+00,5.963579e+00,4.820282e+00
6.612041e+00,7.090077e+00,6.822197e+00,7.346010e+00,7.044905e+00,6.690842e+00,6.846943e+00,7.370231e+00,6.411818e+00,6.625392e+00,6.415097e+00,3.637586e+00,7.126087e+00,6.597146e+00,7.212294e+00,6.047372e+00,5.159055e+00,5.963579e+00,4.820282e+00
6.561031e+00,7.094235e+00,6.784457e+00,7.387709e+00,7.044905e+00,6.690842e+00,6.828712e+00,7.375256e+00,6.413459e+00,6.625392e+00,6.336826e+00,3.637586e+00,7.126087e+00,6.597146e+00,7.185387e+00,5.768321e+00,5.241747e+00,5.963579e+00,4.820282e+00
6.591674e+00,7.087574e+00,6.749931e+00,7.408531e+00,7.032624e+00,6.583409e+00,6.709304e+00,7.471932e+00,6.426488e+00,6.738152e+00,6.202536e+00,4.077537e+00,7.126087e+00,6.599870e+00,6.984716e+00,5.860786e+00,5.181784e+00,5.963579e+00,5.099866e+00
6.645091e+00,7.074963e+00,6.767343e+00,7.404279e+00,7.037028e+00,6.569481e+00,6.651572e+00,7.504392e+00,6.371612e+00,6.693324e+00,6.302619e+00,4.094345e+00,7.126891e+00,6.621406e+00,6.773080e+00,5.857933e+00,4.997212e+00,5.963579e+00,5.099866e+00
6.645091e+00,7.074963e+00,6.767343e+00,7.403670e+00,6.846943e+00,6.813445e+00,6.625392e+00,7.515889e+00,6.369901e+00,6.677083e+00,6.403574e+00,4.110874e+00,7.126891e+00,6.621406e+00,6.840547e+00,5.966147e+00,4.997212e+00,6.008813e+00,5.648974e+00
6.709304e+00,7.074117e+00,6.768493e+00,7.301822e+00,7.001246e+00,6.815640e+00,6.429719e+00,7.586296e+00,6.342121e+00,6.839476e+00,6.526495e+00,4.382027e+00,7.169350e+00,6.621406e+00,6.885510e+00,6.089045e+00,4.997212e+00,6.008813e+00,5.648974e+00
6.799056e+00,6.957497e+00,6.852243e+00,7.315218e+00,6.858565e+00,6.995766e+00,6.429719e+00,7.586296e+00,6.311735e+00,6.842683e+00,6.612041e+00,5.638355e+00,7.186144e+00,6.621406e+00,6.870053e+00,6.073045e+00,4.997212e+00,6.008813e+00,5.648974e+00
6.773080e+00,6.943122e+00,6.844815e+00,7.250636e+00,6.985642e+00,7.004882e+00,6.429719e+00,7.586296e+00,6.003887e+00,6.825460e+00,6.634633e+00,5.774552e+00,7.195937e+00,6.538140e+00,6.877296e+00,5.891644e+00,4.997212e+00,6.023448e+00,5.648974e+00
6.712956e+00,6.995766e+00,6.854355e+00,7.211557e+00,6.978214e+00,6.967909e+00,6.519147e+00,7.567346e+00,6.186209e+00,6.825460e+00,6.634633e+00,5.897154e+00,7.195937e+00,6.536692e+00,6.901737e+00,5.583496e+00,5.003946e+00,6.033086e+00,5.659482e+00
6.624065e+00,6.906755e+00,7.044905e+00,7.172425e+00,7.028201e+00,6.853299e+00,6.675823e+00,7.440147e+00,6.575076e+00,6.824374e+00,6.613384e+00,6.206576e+00,7.191429e+00,6.546785e+00,6.888572e+00,5.533389e+00,5.003946e+00,5.945421e+00,5.659482e+00
6.588926e+00,6.732211e+00,7.237778e+00,7.167809e+00,7.033506e+00,6.852243e+00,6.677083e+00,7.440147e+00,6.575076e+00,6.843750e+00,6.612041e+00,6.437752e+00,7.145196e+00,6.546785e+00,6.910751e+00,5.645447e+00,5.003946e+00,5.894403e+00,5.641907e+00
6.507278e+00,6.810142e+00,7.202661e+00,7.113142e+00,7.094235e+00,6.900731e+00,6.683361e+00,7.286876e+00,6.797940e+00,6.820016e+00,6.561031e+00,6.437752e+00,7.145196e+00,6.546785e+00,6.905753e+00,5.583496e+00,4.962845e+00,5.894403e+00,5.594711e+00
6.504288e+00,6.862758e+00,7.122867e+00,7.126087e+00,7.163947e+00,6.900731e+00,6.683361e+00,7.268223e+00,6.783325e+00,6.791221e+00,6.542472e+00,6.429719e+00,7.145196e+00,6.546785e+00,6.905753e+00,5.583496e+00,4.955827e+00,5.934894e+00,5.631212e+00
6.562444e+00,6.892642e+00,7.107425e+00,7.059618e+00,7.237778e+00,6.690842e+00,6.894670e+00,7.261927e+00,6.502790e+00,6.680855e+00,6.539586e+00,6.437752e+00,7.145196e+00,6.539586e+00,6.886532e+00,5.572154e+00,4.955827e+00,5.948035e+00,5.613128e+00
6.630683e+00,6.894670e+00,7.108244e+00,7.012115e+00,7.147559e+00,6.886532e+00,6.889591e+00,7.097549e+00,6.787845e+00,6.675823e+00,6.538140e+00,6.439350e+00,7.145196e+00,6.539586e+00,6.881411e+00,5.594711e+00,4.955827e+00,6.063785e+00,5.564520e+00
6.659294e+00,6.858565e+00,7.006695e+00,7.124478e+00,7.057037e+00,7.012115e+00,6.859615e+00,7.094235e+00,6.824374e+00,6.559615e+00,6.538140e+00,6.442540e+00,7.130899e+00,6.501290e+00,6.839476e+00,5.697093e+00,4.955827e+00,6.267201e+00,5.505332e+00
6.746412e+00,6.858565e+00,6.975414e+00,7.151485e+00,6.961296e+00,7.103322e+00,6.859615e+00,6.855409e+00,7.069874e+00,6.590301e+00,6.536692e+00,6.444131e+00,7.133296e+00,6.496775e+00,6.777647e+00,5.697093e+00,4.955827e+00,6.098074e+00,5.351858e+00
6.575076e+00,7.042286e+00,6.962243e+00,7.162397e+00,6.956545e+00,7.107425e+00,6.859615e+00,6.813445e+00,7.096721e+00,6.559615e+00,6.536692e+00,6.447306e+00,7.032624e+00,6.192362e+00,6.788972e+00,5.886104e+00,4.955827e+00,6.257668e+00,5.351858e+00
6.583409e+00,7.044905e+00,6.927558e+00,7.074117e+00,7.085901e+00,7.107425e+00,6.859615e+00,6.800170e+00,7.099202e+00,6.527958e+00,6.536692e+00,6.447306e+00,6.882437e+00,6.177944e+00,6.784457e+00,5.902633e+00,4.955827e+00,6.109248e+00,5.351858e+00
6.677083e+00,7.044905e+00,6.800170e+00,7.131699e+00,7.128496e+00,7.099202e+00,6.870053e+00,6.791221e+00,7.105786e+00,6.514713e+00,6.536692e+00,6.447306e+00,6.786717e+00,6.169611e+00,6.953684e+00,5.948035e+00,5.023881e+00,6.109248e+00,5.327876e+00
6.708084e+00,7.044905e+00,6.781058e+00,7.141245e+00,7.132498e+00,7.099202e+00,6.870053e+00,6.660575e+00,7.191429e+00,6.413459e+00,6.565265e+00,6.447306e+00,6.782192e+00,6.169611e+00,6.858565e+00,6.054439e+00,5.023881e+00,5.968708e+00,5.198497e+00
6.703188e+00,7.053586e+00,6.766192e+00,7.130099e+00,7.115582e+00,7.138073e+00,6.870053e+00,6.613384e+00,7.218177e+00,6.289716e+00,6.565265e+00,6.447306e+00,6.829794e+00,6.070738e+00,6.919684e+00,6.265301e+00,5.023881e+00,5.905362e+00,6.122493e+00
6.827629e+00,7.050989e+00,6.769642e+00,7.128496e+00,7.111512e+00,7.141245e+00,6.873164e+00,6.561031e+00,7.245655e+00,6.285998e+00,6.562444e+00,6.448889e+00,6.830874e+00,6.047372e+00,6.876265e+00,6.265301e+00,4.912655e+00,5.886104e+00,6.163315e+00
7.034388e+00,7.039660e+00,6.746412e+00,7.147559e+00,7.118826e+00,6.983790e+00,7.047517e+00,6.542472e+00,7.254885e+00,6.040255e+00,6.558198e+00,6.453625e+00,6.624065e+00,5.826000e+00,6.874198e+00,6.366470e+00,4.990433e+00,5.888878e+00,6.579251e+00
7.062192e+00,7.028201e+00,6.760415e+00,7.148346e+00,7.040536e+00,7.056175e+00,7.057898e+00,6.542472e+00,7.254885e+00,6.013715e+00,6.539586e+00,6.453625e+00,6.617403e+00,5.843544e+00,6.791221e+00,6.386879e+00,5.081404e+00,6.120297e+00,6.624065e+00
7.105786e+00,7.023759e+00,6.766192e+00,7.122867e+00,7.055313e+00,7.068172e+00,6.956545e+00,6.693324e+00,7.254885e+00,6.016157e+00,6.473891e+00,6.484635e+00,6.632002e+00,5.323010e+00,6.733402e+00,6.395262e+00,5.043425e+00,6.369901e+00,6.624065e+00
7.154615e+00,6.957497e+00,6.860664e+00,7.112327e+00,7.066467e+00,7.044905e+00,6.821107e+00,6.874198e+00,7.254885e+00,6.184149e+00,6.378426e+00,6.470800e+00,6.613384e+00,5.323010e+00,6.712956e+00,6.429719e+00,4.727388e+00,6.424869e+00,6.624065e+00
7.173958e+00,6.887553e+00,6.943122e+00,7.053586e+00,7.124478e+00,7.010312e+00,6.684612e+00,7.023759e+00,7.254885e+00,6.333280e+00,6.263398e+00,6.432940e+00,6.629363e+00,5.323010e+00,6.749931e+00,6.458338e+00,4.644391e+00,6.424869e+00,6.617403e+00
7.148346e+00,6.828712e+00,7.024649e+00,6.952729e+00,7.210818e+00,7.010312e+00,6.684612e+00,7.023759e+00,7.254885e+00,6.349139e+00,6.289716e+00,6.440947e+00,6.612041e+00,5.476464e+00,6.692084e+00,6.439350e+00,4.672829e+00,6.458338e+00,6.617403e+00
7.158514e+00,6.755769e+00,7.080026e+00,6.805723e+00,7.290975e+00,7.036148e+00,6.687109e+00,7.023759e+00,7.252762e+00,6.318968e+00,6.297109e+00,6.444131e+00,6.390241e+00,5.480639e+00,6.726233e+00,6.398595e+00,4.672829e+00,6.461468e+00,6.617403e+00
7.247081e+00,6.705639e+00,7.066467e+00,6.869014e+00,7.290975e+00,7.036148e+00,6.687109e+00,6.880384e+00,7.353722e+00,6.267201e+00,6.455199e+00,6.444131e+00,5.849325e+00,5.480639e+00,6.726233e+00,6.419995e+00,4.672829e+00,6.476972e+00,6.617403e+00
7.244228e+00,6.612041e+00,7.090077e+00,6.822197e+00,7.346010e+00,7.044905e+00,6.690842e+00,6.846943e+00,7.370231e+00,6.484635e+00,6.455199e+00,6.444131e+00,5.446737e+00,5.411646e+00,6.755769e+00,6.421622e+00,4.574711e+00,6.495266e+00,6.617403e+00
7.244228e+00,6.561031e+00,7.094235e+00,6.784457e+00,7.387709e+00,7.044905e+00,6.690842e+00,6.828712e+00,7.375256e+00,6.577861e+00,6.455199e+00,6.444131e+00,5.433722e+00,5.463832e+00,6.755769e+00,6.418365e+00,4.290459e+00,6.508769e+00,6.617403e+00
7.228388e+00,6.591674e+00,7.087574e+00,6.749931e+00,7.408531e+00,7.032624e+00,6.583409e+00,6.709304e+00,7.471932e+00,6.469250e+00,6.455199e+00,6.410175e+00,5.433722e+00,5.455321e+00,6.822197e+00,6.467699e+00,4.290459e+00,6.508769e+00,6.562444e+00
7.198931e+00,6.645091e+00,7.074963e+00,6.767343e+00,7.404279e+00,7.037028e+00,6.569481e+00,6.651572e+00,7.504392e+00,6.393591e+00,6.369901e+00,6.408529e+00,5.429346e+00,5.384495e+00,6.813445e+00,6.610696e+00,4.644391e+00,6.508769e+00,6.562444e+00
7.211557e+00,6.645091e+00,7.074963e+00,6.767343e+00,7.403670e+00,6.846943e+00,6.813445e+00,6.625392e+00,7.515889e+00,6.391917e+00,6.278521e+00,6.476972e+00,5.429346e+00,5.384495e+00,6.727432e+00,6.598509e+00,4.644391e+00,6.532334e+00,6.376727e+00
7.186901e+00,6.709304e+00,7.074117e+00,6.768493e+00,7.301822e+00,7.001246e+00,6.815640e+00,6.429719e+00,7.586296e+00,6.200509e+00,6.159095e+00,6.796824e+00,5.176150e+00,5.384495e+00,6.674561e+00,6.526495e+00,4.644391e+00,6.532334e+00,6.376727e+00
7.201171e+00,6.799056e+00,6.957497e+00,6.852243e+00,7.315218e+00,6.858565e+00,6.995766e+00,6.429719e+00,7.586296e+00,6.220590e+00,6.023448e+00,6.695799e+00,5.062595e+00,5.433722e+00,6.674561e+00,6.637258e+00,5.117994e+00,6.532334e+00,6.434547e+00
7.226209e+00,6.773080e+00,6.943122e+00,6.844815e+00,7.250636e+00,6.985642e+00,7.004882e+00,6.429719e+00,7.586296e+00,6.263398e+00,5.981414e+00,6.684612e+00,5.043425e+00,5.433722e+00,6.598509e+00,6.665684e+00,5.356586e+00,6.523562e+00,6.442540e+00
7.262629e+00,6.712956e+00,6.995766e+00,6.854355e+00,7.211557e+00,6.978214e+00,6.967909e+00,6.519147e+00,7.567346e+00,6.263398e+00,5.996452e+00,6.793466e+00,5.159055e+00,5.433722e+00,6.566672e+00,6.668228e+00,5.416100e+00,6.516193e+00,6.437752e+00
7.261225e+00,6.624065e+00,6.906755e+00,7.044905e+00,7.172425e+00,7.028201e+00,6.853299e+00,6.675823e+00,7.440147e+00,6.263398e+00,6.135565e+00,6.752270e+00,5.159055e+00,5.402677e+00,6.566672e+00,6.669498e+00,5.416100e+00,6.516193e+00,6.458338e+00
7.225481e+00,6.588926e+00,6.732211e+00,7.237778e+00,7.167809e+00,7.033506e+00,6.852243e+00,6.677083e+00,7.440147e+00,6.228511e+00,6.070738e+00,6.591674e+00,5.159055e+00,5.402677e+00,6.535241e+00,6.666957e+00,5.416100e+00,6.516193e+00,6.458338e+00
7.273093e+00,6.507278e+00,6.810142e+00,7.202661e+00,7.113142e+00,7.094235e+00,6.900731e+00,6.683361e+00,7.286876e+00,6.226537e+00,6.037871e+00,6.661855e+00,5.159055e+00,5.402677e+00,6.535241e+00,6.825460e+00,5.424950e+00,6.516193e+00,6.458338e+00
7.280697e+00,6.504288e+00,6.862758e+00,7.122867e+00,7.126087e+00,7.163947e+00,6.900731e+00,6.683361e+00,7.268223e+00,6.222576e+00,5.942799e+00,6.700731e+00,5.159055e+00,5.402677e+00,6.594413e+00,6.836259e+00,5.424950e+00,6.493754e+00,6.442540e+00
7.232733e+00,6.562444e+00,6.892642e+00,7.107425e+00,7.059618e+00,7.237778e+00,6.690842e+00,6.894670e+00,7.261927e+00,6.336826e+00,5.978886e+00,6.700731e+00,5.159055e+00,5.429346e+00,6.594413e+00,6.903747e+00,5.645447e+00,6.486161e+00,6.442540e+00
7.193686e+00,6.630683e+00,6.894670e+00,7.108244e+00,7.012115e+00,7.147559e+00,6.886532e+00,6.889591e+00,7.097549e+00,6.388561e+00,6.236370e+00,6.703188e+00,5.159055e+00,5.480639e+00,6.594413e+00,6.899723e+00,5.857933e+00,6.326149e+00,6.442540e+00
7.177019e+00,6.659294e+00,6.858565e+00,7.006695e+00,7.124478e+00,7.057037e+00,7.012115e+00,6.859615e+00,7.094235e+00,6.478510e+00,6.318968e+00,6.700731e+00,5.159055e+00,5.480639e+00,6.594413e+00,6.890609e+00,5.872118e+00,6.122493e+00,6.442540e+00
7.197435e+00,6.746412e+00,6.858565e+00,6.975414e+00,7.151485e+00,6.961296e+00,7.103322e+00,6.859615e+00,6.855409e+00,6.511745e+00,6.651572e+00,6.703188e+00,5.068904e+00,5.480639e+00,6.594413e+00,6.890609e+00,5.902633e+00,6.137727e+00,6.442540e+00
7.192934e+00,6.575076e+00,7.042286e+00,6.962243e+00,7.162397e+00,6.956545e+00,7.107425e+00,6.859615e+00,6.813445e+00,6.565265e+00,6.668228e+00,6.830874e+00,5.062595e+00,5.480639e+00,6.584791e+00,6.825460e+00,5.902633e+00,6.079933e+00,6.442540e+00
7.195937e+00,6.583409e+00,7.044905e+00,6.927558e+00,7.074117e+00,7.085901e+00,7.107425e+00,6.859615e+00,6.800170e+00,6.659294e+00,6.668228e+00,6.831954e+00,5.062595e+00,5.480639e+00,6.551080e+00,6.817831e+00,5.902633e+00,6.079933e+00,6.442540e+00
7.141245e+00,6.677083e+00,7.044905e+00,6.800170e+00,7.131699e+00,7.128496e+00,7.099202e+00,6.870053e+00,6.791221e+00,6.660575e+00,6.668228e+00,6.882437e+00,5.062595e+00,5.480639e+00,6.411818e+00,6.799056e+00,5.874931e+00,6.142037e+00,6.445720e+00
7.141245e+00,6.708084e+00,7.044905e+00,6.781058e+00,7.141245e+00,7.132498e+00,7.099202e+00,6.870053e+00,6.660575e+00,6.656727e+00,6.642487e+00,6.948897e+00,5.030438e+00,5.480639e+00,6.526495e+00,6.749931e+00,5.880533e+00,6.196444e+00,6.489205e+00
7.144407e+00,6.703188e+00,7.053586e+00,6.766192e+00,7.130099e+00,7.115582e+00,7.138073e+00,6.870053e+00,6.613384e+00,6.660575e+00,6.635947e+00,6.948897e+00,4.700480e+00,5.480639e+00,6.520621e+00,6.625392e+00,5.880533e+00,6.222576e+00,5.971262e+00
7.057037e+00,6.827629e+00,7.050989e+00,6.769642e+00,7.128496e+00,7.111512e+00,7.141245e+00,6.873164e+00,6.561031e+00,6.660575e+00,6.664409e+00,7.020191e+00,4.624973e+00,5.416100e+00,6.577861e+00,6.625392e+00,5.880533e+00,6.218600e+00,5.921578e+00
6.858565e+00,7.034388e+00,7.039660e+00,6.746412e+00,7.147559e+00,7.118826e+00,6.983790e+00,7.047517e+00,6.542472e+00,6.661855e+00,6.670766e+00,7.023759e+00,4.624973e+00,5.030438e+00,6.573680e+00,6.548219e+00,5.849325e+00,6.216606e+00,4.852030e+00
6.824374e+00,7.062192e+00,7.028201e+00,6.760415e+00,7.148346e+00,7.040536e+00,7.056175e+00,7.057898e+00,6.542472e+00,6.661855e+00,6.650279e+00,7.023759e+00,4.624973e+00,4.718499e+00,6.573680e+00,6.530878e+00,5.758902e+00,6.008813e+00,4.997212e+00
6.766192e+00,7.105786e+00,7.023759e+00,6.766192e+00,7.122867e+00,7.055313e+00,7.068172e+00,6.956545e+00,6.693324e+00,6.756932e+00,6.650279e+00,7.005789e+00,4.418841e+00,4.663439e+00,6.573680e+00,6.523562e+00,5.736572e+00,5.690359e+00,5.062595e+00
6.969791e+00,7.154615e+00,6.957497e+00,6.860664e+00,7.112327e+00,7.066467e+00,7.044905e+00,6.821107e+00,6.874198e+00,6.665684e+00,6.650279e+00,7.007601e+00,4.418841e+00,4.700480e+00,6.573680e+00,6.583409e+00,5.736572e+00,5.572154e+00,5.062595e+00
6.991177e+00,7.173958e+00,6.887553e+00,6.943122e+00,7.053586e+00,7.124478e+00,7.010312e+00,6.684612e+00,7.023759e+00,6.561031e+00,6.629363e+00,7.015712e+00,4.584967e+00,4.700480e+00,6.613384e+00,6.525030e+00,5.736572e+00,5.602119e+00,5.062595e+00
7.018402e+00,7.148346e+00,6.828712e+00,7.024649e+00,6.952729e+00,7.210818e+00,7.010312e+00,6.684612e+00,7.023759e+00,6.548219e+00,6.594413e+00,7.126891e+00,5.273000e+00,4.290459e+00,6.648985e+00,6.520621e+00,5.707110e+00,5.521461e+00,5.062595e+00
7.023759e+00,7.158514e+00,6.755769e+00,7.080026e+00,6.805723e+00,7.290975e+00,7.036148e+00,6.687109e+00,7.023759e+00,6.514713e+00,6.568078e+00,7.233455e+00,5.488938e+00,4.276666e+00,6.566672e+00,6.541030e+00,5.707110e+00,5.590987e+00,5.062595e+00
6.963190e+00,7.247081e+00,6.705639e+00,7.066467e+00,6.869014e+00,7.290975e+00,7.036148e+00,6.687109e+00,6.880384e+00,6.514713e+00,6.428105e+00,7.260523e+00,5.393628e+00,4.382027e+00,6.532334e+00,6.522093e+00,5.707110e+00,5.641907e+00,5.062595e+00
7.097549e+00,7.244228e+00,6.612041e+00,7.090077e+00,6.822197e+00,7.346010e+00,7.044905e+00,6.690842e+00,6.846943e+00,6.329721e+00,6.428105e+00,7.260523e+00,5.433722e+00,4.110874e+00,6.562444e+00,6.520621e+00,5.707110e+00,5.648974e+00,5.062595e+00
7.097549e+00,7.244228e+00,6.561031e+00,7.094235e+00,6.784457e+00,7.387709e+00,7.044905e+00,6.690842e+00,6.828712e+00,6.208590e+00,6.428105e+00,7.260523e+00,5.433722e+00,3.891820e+00,6.587550e+00,6.520621e+00,5.752573e+00,5.616771e+00,6.059123e+00
7.097549e+00,7.228388e+00,6.591674e+00,7.087574e+00,6.749931e+00,7.408531e+00,7.032624e+00,6.583409e+00,6.709304e+00,6.156979e+00,6.529419e+00,7.279319e+00,5.433722e+00,3.970292e+00,6.502790e+00,6.396930e+00,5.765191e+00,5.799093e+00,6.154858e+00
7.160846e+00,7.198931e+00,6.645091e+00,7.074963e+00,6.767343e+00,7.404279e+00,7.037028e+00,6.569481e+00,6.651572e+00,6.148468e+00,6.529419e+00,7.325808e+00,5.433722e+00,5.075174e+00,6.501290e+00,6.212606e+00,5.662960e+00,5.799093e+00,6.154858e+00
7.147559e+00,7.211557e+00,6.645091e+00,7.074963e+00,6.767343e+00,7.403670e+00,6.846943e+00,6.813445e+00,6.625392e+00,6.249975e+00,6.519147e+00,7.296413e+00,5.433722e+00,5.209486e+00,6.501290e+00,6.131226e+00,5.662960e+00,5.690359e+00,6.154858e+00
7.133296e+00,7.186901e+00,6.709304e+00,7.074117e+00,6.768493e+00,7.301822e+00,7.001246e+00,6.815640e+00,6.429719e+00,6.177944e+00,6.493754e+00,7.099202e+00,5.424950e+00,5.209486e+00,6.501290e+00,6.259581e+00,5.662960e+00,5.690359e+00,6.165418e+00
7.053586e+00,7.201171e+00,6.799056e+00,6.957497e+00,6.852243e+00,7.315218e+00,6.858565e+00,6.995766e+00,6.429719e+00,6.226537e+00,6.496775e+00,7.000334e+00,6.056784e+00,5.147494e+00,6.501290e+00,6.115892e+00,5.416100e+00,5.690359e+00,6.089045e+00
7.023759e+00,7.226209e+00,6.773080e+00,6.943122e+00,6.844815e+00,7.250636e+00,6.985642e+00,7.004882e+00,6.429719e+00,6.295266e+00,6.504288e+00,6.974479e+00,6.248043e+00,5.176150e+00,6.501290e+00,6.177944e+00,5.283204e+00,5.690359e+00,6.077642e+00
6.964136e+00,7.262629e+00,6.712956e+00,6.995766e+00,6.854355e+00,7.211557e+00,6.978214e+00,6.967909e+00,6.519147e+00,6.302619e+00,6.541030e+00,6.842683e+00,6.246107e+00,5.332719e+00,6.499787e+00,6.167516e+00,5.620401e+00,5.690359e+00,6.077642e+00
6.928538e+00,7.261225e+00,6.624065e+00,6.906755e+00,7.044905e+00,7.172425e+00,7.028201e+00,6.853299e+00,6.675823e+00,6.311735e+00,6.439350e+00,6.734592e+00,6.248043e+00,5.332719e+00,6.499787e+00,6.280396e+00,5.697093e+00,5.690359e+00,6.047372e+00
6.920672e+00,7.225481e+00,6.588926e+00,6.732211e+00,7.237778e+00,7.167809e+00,7.033506e+00,6.852243e+00,6.677083e+00,6.311735e+00,6.439350e+00,6.732211e+00,6.375025e+00,5.332719e+00,6.499787e+00,6.226537e+00,5.777652e+00,5.752573e+00,6.047372e+00
6.834109e+00,7.273093e+00,6.507278e+00,6.810142e+00,7.202661e+00,7.113142e+00,7.094235e+00,6.900731e+00,6.683361e+00,6.311735e+00,6.514713e+00,6.666957e+00,6.424869e+00,5.332719e+00,6.499787e+00,5.916202e+00,5.771441e+00,5.758902e+00,6.047372e+00
6.769642e+00,7.280697e+00,6.504288e+00,6.862758e+00,7.122867e+00,7.126087e+00,7.163947e+00,6.900731e+00,6.683361e+00,6.317165e+00,6.523562e+00,6.626718e+00,6.458338e+00,5.332719e+00,6.434547e+00,5.888878e+00,5.814131e+00,6.329721e+00,6.047372e+00
6.768493e+00,7.232733e+00,6.562444e+00,6.892642e+00,7.107425e+00,7.059618e+00,7.237778e+00,6.690842e+00,6.894670e+00,6.361302e+00,6.511745e+00,6.620073e+00,6.481577e+00,5.303305e+00,6.434547e+00,5.693732e+00,6.398595e+00,6.329721e+00,6.047372e+00
6.768493e+00,7.193686e+00,6.630683e+00,6.894670e+00,7.108244e+00,7.012115e+00,7.147559e+00,6.886532e+00,6.889591e+00,6.309918e+00,6.388561e+00,6.616065e+00,6.481577e+00,5.241747e+00,6.434547e+00,5.693732e+00,6.813445e+00,6.327937e+00,6.047372e+00
6.781058e+00,7.177019e+00,6.659294e+00,6.858565e+00,7.006695e+00,7.124478e+00,7.057037e+00,7.012115e+00,6.859615e+00,6.202536e+00,6.311735e+00,6.616065e+00,6.481577e+00,5.241747e+00,6.434547e+00,5.796058e+00,6.825460e+00,6.313548e+00,6.070738e+00
6.668228e+00,7.197435e+00,6.746412e+00,6.858565e+00,6.975414e+00,7.151485e+00,6.961296e+00,7.103322e+00,6.859615e+00,6.109248e+00,5.805135e+00,6.612041e+00,6.519147e+00,5.247024e+00,6.434547e+00,5.796058e+00,6.821107e+00,6.293419e+00,6.137727e+00
6.658011e+00,7.192934e+00,6.575076e+00,7.042286e+00,6.962243e+00,7.162397e+00,6.956545e+00,7.107425e+00,6.859615e+00,6.082219e+00,5.765191e+00,6.447306e+00,6.565265e+00,5.356586e+00,6.481577e+00,5.796058e+00,6.821107e+00,6.154858e+00,6.154858e+00
6.645091e+00,7.195937e+00,6.583409e+00,7.044905e+00,6.927558e+00,7.074117e+00,7.085901e+00,7.107425e+00,6.859615e+00,5.963579e+00,5.789960e+00,6.445720e+00,6.565265e+00,5.796058e+00,6.629363e+00,5.796058e+00,6.821107e+00,6.154858e+00,6.161207e+00
6.665684e+00,7.141245e+00,6.677083e+00,7.044905e+00,6.800170e+00,7.131699e+00,7.128496e+00,7.099202e+00,6.870053e+00,6.013715e+00,5.908083e+00,6.366470e+00,6.744059e+00,6.063785e+00,6.692084e+00,5.891644e+00,6.863803e+00,6.093570e+00,6.150603e+00
6.633318e+00,7.141245e+00,6.708084e+00,7.044905e+00,6.781058e+00,7.141245e+00,7.132498e+00,7.099202e+00,6.870053e+00,6.159095e+00,5.910797e+00,6.244167e+00,6.746412e+00,6.204558e+00,6.431331e+00,5.910797e+00,6.861711e+00,6.033086e+00,6.089045e+00
6.620073e+00,7.144407e+00,6.703188e+00,7.053586e+00,6.766192e+00,7.130099e+00,7.115582e+00,7.138073e+00,6.870053e+00,6.152733e+00,5.905362e+00,6.244167e+00,6.831954e+00,6.204558e+00,6.253829e+00,6.139885e+00,6.950815e+00,6.001415e+00,6.068426e+00
6.617403e+00,7.057037e+00,6.827629e+00,7.050989e+00,6.769642e+00,7.128496e+00,7.111512e+00,7.141245e+00,6.873164e+00,6.381816e+00,5.837730e+00,6.079933e+00,6.960348e+00,6.210600e+00,6.161207e+00,6.357842e+00,6.952729e+00,6.001415e+00,6.068426e+00
6.613384e+00,6.858565e+00,7.034388e+00,7.039660e+00,6.746412e+00,7.147559e+00,7.118826e+00,6.983790e+00,7.047517e+00,6.386879e+00,5.739793e+00,6.063785e+00,6.960348e+00,6.269096e+00,6.159095e+00,6.368187e+00,6.952729e+00,6.001415e+00,6.068426e+00
6.613384e+00,6.824374e+00,7.062192e+00,7.028201e+00,6.760415e+00,7.148346e+00,7.040536e+00,7.056175e+00,7.057898e+00,6.386879e+00,5.655992e+00,6.063785e+00,6.960348e+00,6.274762e+00,6.159095e+00,6.548219e+00,6.947937e+00,6.001415e+00,5.937536e+00
6.613384e+00,6.766192e+00,7.105786e+00,7.023759e+00,6.766192e+00,7.122867e+00,7.055313e+00,7.068172e+00,6.956545e+00,6.259581e+00,5.560682e+00,6.063785e+00,6.960348e+00,6.259581e+00,6.159095e+00,6.576470e+00,6.947937e+00,5.955837e+00,5.910797e+00
6.161207e+00,6.969791e+00,7.154615e+00,6.957497e+00,6.860664e+00,7.112327e+00,7.066467e+00,7.044905e+00,6.821107e+00,6.322565e+00,5.560682e+00,6.104793e+00,6.960348e+00,6.342121e+00,6.232448e+00,6.484635e+00,6.947937e+00,6.001415e+00,5.910797e+00
6.028279e+00,6.991177e+00,7.173958e+00,6.887553e+00,6.943122e+00,7.053586e+00,7.124478e+00,7.010312e+00,6.684612e+00,6.380123e+00,5.560682e+00,6.118097e+00,6.934397e+00,6.463029e+00,6.107023e+00,6.510258e+00,7.029973e+00,6.322565e+00,5.910797e+00
5.953243e+00,7.018402e+00,7.148346e+00,6.828712e+00,7.024649e+00,6.952729e+00,7.210818e+00,7.010312e+00,6.684612e+00,6.381816e+00,5.556828e+00,5.910797e+00,6.835185e+00,6.569481e+00,6.042633e+00,6.513230e+00,7.084226e+00,6.322565e+00,5.910797e+00
5.902633e+00,7.023759e+00,7.158514e+00,6.755769e+00,7.080026e+00,6.805723e+00,7.290975e+00,7.036148e+00,6.687109e+00,6.408529e+00,5.680173e+00,6.131226e+00,6.783325e+00,6.569481e+00,6.082219e+00,6.492240e+00,7.135687e+00,6.285998e+00,5.910797e+00
5.743003e+00,6.963190e+00,7.247081e+00,6.705639e+00,7.066467e+00,6.869014e+00,7.290975e+00,7.036148e+00,6.687109e+00,6.436150e+00,5.680173e+00,6.063785e+00,6.770789e+00,6.558198e+00,6.152733e+00,6.492240e+00,7.135687e+00,6.380123e+00,5.910797e+00
5.056246e+00,7.097549e+00,7.244228e+00,6.612041e+00,7.090077e+00,6.822197e+00,7.346010e+00,7.044905e+00,6.690842e+00,6.628041e+00,5.755742e+00,6.066108e+00,6.758095e+00,6.558198e+00,6.104793e+00,6.492240e+00,7.165493e+00,6.356108e+00,5.910797e+00
5.056246e+00,7.097549e+00,7.244228e+00,6.561031e+00,7.094235e+00,6.784457e+00,7.387709e+00,7.044905e+00,6.690842e+00,6.628041e+00,5.755742e+00,6.315358e+00,6.758095e+00,6.558198e+00,6.107023e+00,6.492240e+00,7.154615e+00,6.381816e+00,4.595120e+00
5.068904e+00,7.097549e+00,7.228388e+00,6.591674e+00,7.087574e+00,6.749931e+00,7.408531e+00,7.032624e+00,6.583409e+00,6.628041e+00,5.521461e+00,6.265301e+00,6.758095e+00,6.733402e+00,6.156979e+00,6.492240e+00,7.151485e+00,6.291569e+00,4.025352e+00
4.499810e+00,7.160846e+00,7.198931e+00,6.645091e+00,7.074963e+00,6.767343e+00,7.404279e+00,7.037028e+00,6.569481e+00,6.628041e+00,5.652489e+00,6.240276e+00,6.758095e+00,6.618739e+00,6.238325e+00,6.677083e+00,7.218910e+00,6.295266e+00,4.025352e+00
4.762174e+00,7.147559e+00,7.211557e+00,6.645091e+00,7.074963e+00,6.767343e+00,7.403670e+00,6.846943e+00,6.813445e+00,6.645091e+00,5.981414e+00,6.240276e+00,6.758095e+00,6.587550e+00,6.313548e+00,6.715383e+00,7.237778e+00,6.329721e+00,4.025352e+00
4.762174e+00,7.133296e+00,7.186901e+00,6.709304e+00,7.074117e+00,6.768493e+00,7.301822e+00,7.001246e+00,6.815640e+00,6.695799e+00,6.093570e+00,6.240276e+00,6.756932e+00,6.587550e+00,6.395262e+00,6.830874e+00,7.237778e+00,6.383507e+00,3.931826e+00
4.762174e+00,7.053586e+00,7.201171e+00,6.799056e+00,6.957497e+00,6.852243e+00,7.315218e+00,6.858565e+00,6.995766e+00,6.904751e+00,6.188264e+00,6.238325e+00,6.487684e+00,6.587550e+00,6.413459e+00,6.843750e+00,7.237778e+00,6.517671e+00,3.931826e+00
4.762174e+00,7.023759e+00,7.226209e+00,6.773080e+00,6.943122e+00,6.844815e+00,7.250636e+00,6.985642e+00,7.004882e+00,6.845880e+00,6.190315e+00,6.238325e+00,6.322565e+00,6.580639e+00,6.413459e+00,6.800170e+00,7.225481e+00,6.527958e+00,4.955827e+00
5.337538e+00,6.964136e+00,7.262629e+00,6.712956e+00,6.995766e+00,6.854355e+00,7.211557e+00,6.978214e+00,6.967909e+00,6.841615e+00,6.248043e+00,6.429719e+00,6.594413e+00,6.538140e+00,6.469250e+00,6.802395e+00,7.155396e+00,6.527958e+00,5.337538e+00
5.402677e+00,6.928538e+00,7.261225e+00,6.624065e+00,6.906755e+00,7.044905e+00,7.172425e+00,7.028201e+00,6.853299e+00,6.836259e+00,6.291569e+00,6.429719e+00,6.763885e+00,6.538140e+00,6.469250e+00,6.733402e+00,7.138073e+00,6.546785e+00,5.429346e+00
5.402677e+00,6.920672e+00,7.225481e+00,6.588926e+00,6.732211e+00,7.237778e+00,7.167809e+00,7.033506e+00,6.852243e+00,6.843750e+00,6.291569e+00,6.442540e+00,6.679599e+00,6.538140e+00,6.469250e+00,6.733402e+00,7.118016e+00,6.568078e+00,5.501258e+00
5.874931e+00,6.834109e+00,7.273093e+00,6.507278e+00,6.810142e+00,7.202661e+00,7.113142e+00,7.094235e+00,6.900731e+00,6.853299e+00,6.196444e+00,6.442540e+00,6.641182e+00,6.538140e+00,6.470800e+00,6.755769e+00,7.164720e+00,6.584791e+00,5.771441e+00
5.897154e+00,6.769642e+00,7.280697e+00,6.504288e+00,6.862758e+00,7.122867e+00,7.126087e+00,7.163947e+00,6.900731e+00,6.850126e+00,6.184149e+00,6.467699e+00,6.785588e+00,6.538140e+00,6.470800e+00,6.761573e+00,7.156177e+00,6.173786e+00,5.771441e+00
5.897154e+00,6.768493e+00,7.232733e+00,6.562444e+00,6.892642e+00,7.107425e+00,7.059618e+00,7.237778e+00,6.690842e+00,6.754604e+00,6.198479e+00,6.516193e+00,6.768493e+00,6.538140e+00,6.489205e+00,6.760415e+00,6.893656e+00,6.255750e+00,5.771441e+00
5.897154e+00,6.768493e+00,7.193686e+00,6.630683e+00,6.894670e+00,7.108244e+00,7.012115e+00,7.147559e+00,6.886532e+00,6.753438e+00,6.711740e+00,6.522093e+00,6.981935e+00,6.538140e+00,6.535241e+00,6.753438e+00,6.429719e+00,6.255750e+00,5.817111e+00
5.866468e+00,6.781058e+00,7.177019e+00,6.659294e+00,6.858565e+00,7.006695e+00,7.124478e+00,7.057037e+00,7.012115e+00,6.753438e+00,6.711740e+00,6.595781e+00,7.017506e+00,6.538140e+00,6.535241e+00,6.690842e+00,6.458338e+00,6.255750e+00,5.831882e+00
6.501290e+00,6.668228e+00,7.197435e+00,6.746412e+00,6.858565e+00,6.975414e+00,7.151485e+00,6.961296e+00,7.103322e+00,6.753438e+00,6.711740e+00,6.628041e+00,6.993933e+00,6.536692e+00,6.558198e+00,6.690842e+00,6.470800e+00,6.255750e+00,5.752573e+00
6.519147e+00,6.658011e+00,7.192934e+00,6.575076e+00,7.042286e+00,6.962243e+00,7.162397e+00,6.956545e+00,7.107425e+00,6.723832e+00,6.711740e+00,6.647688e+00,6.995766e+00,6.504288e+00,6.475433e+00,6.690842e+00,6.495266e+00,6.255750e+00,5.726848e+00
6.617403e+00,6.645091e+00,7.195937e+00,6.583409e+00,7.044905e+00,6.927558e+00,7.074117e+00,7.085901e+00,7.107425e+00,6.698268e+00,6.701960e+00,6.652863e+00,7.177782e+00,6.311735e+00,6.357842e+00,6.690842e+00,6.505784e+00,6.255750e+00,5.883322e+00
6.597146e+00,6.665684e+00,7.141245e+00,6.677083e+00,7.044905e+00,6.800170e+00,7.131699e+00,7.128496e+00,7.099202e+00,6.670766e+00,6.650279e+00,6.654153e+00,7.065613e+00,6.109248e+00,6.230481e+00,6.648985e+00,6.444131e+00,6.255750e+00,5.902633e+00
6.597146e+00,6.633318e+00,7.141245e+00,6.708084e+00,7.044905e+00,6.781058e+00,7.141245e+00,7.132498e+00,7.099202e+00,6.586172e+00,6.646391e+00,6.654153e+00,7.071573e+00,5.953243e+00,6.226537e+00,6.639876e+00,6.444131e+00,6.255750e+00,5.929589e+00
6.597146e+00,6.620073e+00,7.144407e+00,6.703188e+00,7.053586e+00,6.766192e+00,7.130099e+00,7.115582e+00,7.138073e+00,6.586172e+00,6.658011e+00,6.654153e+00,7.042286e+00,6.173786e+00,6.226537e+00,6.507278e+00,6.291569e+00,6.320768e+00,6.184149e+00
6.597146e+00,6.617403e+00,7.057037e+00,6.827629e+00,7.050989e+00,6.769642e+00,7.128496e+00,7.111512e+00,7.141245e+00,6.408529e+00,6.700731e+00,6.654153e+00,7.001246e+00,6.182085e+00,6.278521e+00,6.322565e+00,6.517671e+00,6.363028e+00,6.186209e+00
6.597146e+00,6.613384e+00,6.858565e+00,7.034388e+00,7.039660e+00,6.746412e+00,7.147559e+00,7.118826e+00,6.983790e+00,6.401917e+00,6.699500e+00,6.654153e+00,7.073270e+00,6.139885e+00,6.278521e+00,6.311735e+00,6.517671e+00,6.363028e+00,6.287859e+00
6.597146e+00,6.613384e+00,6.824374e+00,7.062192e+00,7.028201e+00,6.760415e+00,7.148346e+00,7.040536e+00,7.056175e+00,6.411818e+00,6.699500e+00,6.654153e+00,7.251345e+00,6.133398e+00,6.278521e+00,6.077642e+00,6.517671e+00,6.723832e+00,6.287859e+00
6.597146e+00,6.613384e+00,6.766192e+00,7.105786e+00,7.023759e+00,6.766192e+00,7.122867e+00,7.055313e+00,7.068172e+00,6.413459e+00,6.699500e+00,6.654153e+00,7.323831e+00,6.144186e+00,6.278521e+00,6.030685e+00,6.517671e+00,7.100852e+00,6.336826e+00
6.597146e+00,6.161207e+00,6.969791e+00,7.154615e+00,6.957497e+00,6.860664e+00,7.112327e+00,7.066467e+00,7.044905e+00,6.426488e+00,6.699500e+00,6.638568e+00,7.381502e+00,6.033086e+00,6.208590e+00,6.030685e+00,6.517671e+00,7.162397e+00,6.343880e+00
6.629363e+00,6.028279e+00,6.991177e+00,7.173958e+00,6.887553e+00,6.943122e+00,7.053586e+00,7.124478e+00,7.010312e+00,6.371612e+00,6.835185e+00,6.618739e+00,7.465655e+00,5.840642e+00,6.208590e+00,5.968708e+00,6.376727e+00,7.029088e+00,6.375025e+00
6.673298e+00,5.953243e+00,7.018402e+00,7.148346e+00,6.828712e+00,7.024649e+00,6.952729e+00,7.210818e+00,7.010312e+00,6.369901e+00,6.931472e+00,6.573680e+00,7.519150e+00,5.605802e+00,6.188264e+00,5.961005e+00,6.276643e+00,7.029088e+00,6.452049e+00
6.673298e+00,5.902633e+00,7.023759e+00,7.158514e+00,6.755769e+00,7.080026e+00,6.805723e+00,7.290975e+00,7.036148e+00,6.342121e+00,6.898715e+00,6.184149e+00,7.519150e+00,5.609472e+00,6.152733e+00,5.961005e+00,6.150603e+00,7.029088e+00,6.452049e+00
6.673298e+00,5.743003e+00,6.963190e+00,7.247081e+00,6.705639e+00,7.066467e+00,6.869014e+00,7.290975e+00,7.036148e+00,6.311735e+00,6.923629e+00,6.167516e+00,7.534228e+00,5.655992e+00,6.082219e+00,5.961005e+00,6.150603e+00,6.958448e+00,6.452049e+00
6.675823e+00,5.056246e+00,7.097549e+00,7.244228e+00,6.612041e+00,7.090077e+00,6.822197e+00,7.346010e+00,7.044905e+00,6.003887e+00,6.959399e+00,6.242223e+00,7.555382e+00,5.686975e+00,6.011267e+00,5.961005e+00,6.066108e+00,6.958448e+00,6.452049e+00
6.675823e+00,5.056246e+00,7.097549e+00,7.244228e+00,6.561031e+00,7.094235e+00,6.784457e+00,7.387709e+00,7.044905e+00,6.186209e+00,6.959399e+00,6.016157e+00,7.560601e+00,5.755742e+00,5.963579e+00,5.961005e+00,6.066108e+00,6.954639e+00,6.452049e+00
6.673298e+00,5.068904e+00,7.097549e+00,7.228388e+00,6.591674e+00,7.087574e+00,6.749931e+00,7.408531e+00,7.032624e+00,6.575076e+00,6.959399e+00,6.016157e+00,7.595387e+00,5.525453e+00,5.991465e+00,5.961005e+00,6.066108e+00,6.977281e+00,6.452049e+00
6.660575e+00,4.499810e+00,7.160846e+00,7.198931e+00,6.645091e+00,7.074963e+00,6.767343e+00,7.404279e+00,7.037028e+00,6.575076e+00,6.925595e+00,5.869297e+00,7.629976e+00,5.521461e+00,5.950643e+00,5.537334e+00,5.834811e+00,6.975414e+00,6.452049e+00
6.625392e+00,4.762174e+00,7.147559e+00,7.211557e+00,6.645091e+00,7.074963e+00,6.767343e+00,7.403670e+00,6.846943e+00,6.797940e+00,6.810142e+00,5.869297e+00,7.746733e+00,5.686975e+00,5.883322e+00,5.407172e+00,5.755742e+00,6.994850e+00,6.452049e+00
6.648985e+00,4.762174e+00,7.133296e+00,7.186901e+00,6.709304e+00,7.074117e+00,6.768493e+00,7.301822e+00,7.001246e+00,6.783325e+00,6.754604e+00,5.869297e+00,7.748029e+00,5.902633e+00,5.743003e+00,4.077537e+00,5.768321e+00,7.074963e+00,6.452049e+00
6.834109e+00,4.762174e+00,7.053586e+00,7.201171e+00,6.799056e+00,6.957497e+00,6.852243e+00,7.315218e+00,6.858565e+00,6.502790e+00,6.929517e+00,5.869297e+00,7.750184e+00,5.948035e+00,5.707110e+00,3.610918e+00,5.768321e+00,7.082549e+00,6.458338e+00
6.842683e+00,4.762174e+00,7.023759e+00,7.226209e+00,6.773080e+00,6.943122e+00,6.844815e+00,7.250636e+00,6.985642e+00,6.787845e+00,6.967909e+00,6.016157e+00,7.754053e+00,5.978886e+00,5.707110e+00,4.174387e+00,5.768321e+00,7.076654e+00,6.304449e+00
6.740519e+00,5.337538e+00,6.964136e+00,7.262629e+00,6.712956e+00,6.995766e+00,6.854355e+00,7.211557e+00,6.978214e+00,6.824374e+00,6.910751e+00,5.707110e+00,7.668094e+00,5.978886e+00,5.583496e+00,4.564348e+00,5.768321e+00,7.076654e+00,6.175867e+00
6.723832e+00,5.402677e+00,6.928538e+00,7.261225e+00,6.624065e+00,6.906755e+00,7.044905e+00,7.172425e+00,7.028201e+00,7.069874e+00,6.887553e+00,5.749393e+00,7.602401e+00,6.037871e+00,5.583496e+00,4.574711e+00,5.768321e+00,7.065613e+00,6.133398e+00
6.749931e+00,5.402677e+00,6.920672e+00,7.225481e+00,6.588926e+00,6.732211e+00,7.237778e+00,7.167809e+00,7.033506e+00,7.096721e+00,6.887553e+00,5.826000e+00,7.602401e+00,6.054439e+00,5.583496e+00,4.574711e+00,5.942799e+00,7.137278e+00,6.095825e+00
6.580639e+00,5.874931e+00,6.834109e+00,7.273093e+00,6.507278e+00,6.810142e+00,7.202661e+00,7.113142e+00,7.094235e+00,7.099202e+00,6.887553e+00,5.874931e+00,7.602401e+00,6.054439e+00,5.605802e+00,4.356709e+00,5.774552e+00,7.145196e+00,5.908083e+00
6.632002e+00,5.897154e+00,6.769642e+00,7.280697e+00,6.504288e+00,6.862758e+00,7.122867e+00,7.126087e+00,7.163947e+00,7.105786e+00,7.081709e+00,5.886104e+00,7.532624e+00,6.054439e+00,5.609472e+00,4.290459e+00,5.924256e+00,7.228388e+00,5.908083e+00
6.946014e+00,5.897154e+00,6.768493e+00,7.232733e+00,6.562444e+00,6.892642e+00,7.107425e+00,7.059618e+00,7.237778e+00,7.191429e+00,7.070724e+00,6.049733e+00,7.532624e+00,6.054439e+00,5.564520e+00,4.290459e+00,5.860786e+00,7.198184e+00,6.171701e+00
7.052721e+00,5.897154e+00,6.768493e+00,7.193686e+00,6.630683e+00,6.894670e+00,7.108244e+00,7.012115e+00,7.147559e+00,7.218177e+00,6.695799e+00,6.042633e+00,7.476472e+00,6.054439e+00,5.438079e+00,4.317488e+00,6.293419e+00,7.199678e+00,6.180017e+00
7.060476e+00,5.866468e+00,6.781058e+00,7.177019e+00,6.659294e+00,6.858565e+00,7.006695e+00,7.124478e+00,7.057037e+00,7.245655e+00,6.714171e+00,5.968708e+00,7.454141e+00,6.054439e+00,5.590987e+00,4.317488e+00,6.238325e+00,7.199678e+00,6.148468e+00
6.742881e+00,6.501290e+00,6.668228e+00,7.197435e+00,6.746412e+00,6.858565e+00,6.975414e+00,7.151485e+00,6.961296e+00,7.254885e+00,6.714171e+00,6.118097e+00,7.454141e+00,6.054439e+00,5.529429e+00,4.317488e+00,6.234411e+00,7.203406e+00,6.139885e+00
6.726233e+00,6.519147e+00,6.658011e+00,7.192934e+00,6.575076e+00,7.042286e+00,6.962243e+00,7.162397e+00,6.956545e+00,7.254885e+00,6.714171e+00,6.297109e+00,7.507141e+00,6.054439e+00,5.529429e+00,4.317488e+00,6.202536e+00,7.206377e+00,6.139885e+00
6.709304e+00,6.617403e+00,6.645091e+00,7.195937e+00,6.583409e+00,7.044905e+00,6.927558e+00,7.074117e+00,7.085901e+00,7.254885e+00,6.714171e+00,6.291569e+00,7.395108e+00,6.054439e+00,5.379897e+00,4.317488e+00,6.190315e+00,7.207119e+00,6.059123e+00
6.791221e+00,6.597146e+00,6.665684e+00,7.141245e+00,6.677083e+00,7.044905e+00,6.800170e+00,7.131699e+00,7.128496e+00,7.254885e+00,6.714171e+00,6.289716e+00,7.425954e+00,6.054439e+00,5.062595e+00,4.343805e+00,6.461468e+00,7.207119e+00,6.042633e+00
6.794587e+00,6.597146e+00,6.633318e+00,7.141245e+00,6.708084e+00,7.044905e+00,6.781058e+00,7.141245e+00,7.132498e+00,7.254885e+00,6.714171e+00,6.289716e+00,7.438972e+00,6.054439e+00,5.062595e+00,4.343805e+00,6.525030e+00,7.207119e+00,6.018593e+00
6.794587e+00,6.597146e+00,6.620073e+00,7.144407e+00,6.703188e+00,7.053586e+00,6.766192e+00,7.130099e+00,7.115582e+00,7.254885e+00,6.716595e+00,6.289716e+00,7.413970e+00,5.802118e+00,5.062595e+00,4.343805e+00,6.561031e+00,7.203406e+00,5.710427e+00
6.794587e+00,6.597146e+00,6.617403e+00,7.057037e+00,6.827629e+00,7.050989e+00,6.769642e+00,7.128496e+00,7.111512e+00,7.252762e+00,6.674561e+00,6.289716e+00,7.363914e+00,5.780744e+00,5.342334e+00,4.343805e+00,6.342121e+00,7.185387e+00,5.707110e+00
6.812345e+00,6.597146e+00,6.613384e+00,6.858565e+00,7.034388e+00,7.039660e+00,6.746412e+00,7.147559e+00,7.118826e+00,7.353722e+00,6.674561e+00,6.313548e+00,7.310550e+00,5.894403e+00,5.342334e+00,4.343805e+00,6.342121e+00,7.185387e+00,5.517453e+00
6.812345e+00,6.597146e+00,6.613384e+00,6.824374e+00,7.062192e+00,7.028201e+00,6.760415e+00,7.148346e+00,7.040536e+00,7.370231e+00,6.674561e+00,6.313548e+00,7.156956e+00,5.897154e+00,5.342334e+00,4.882802e+00,6.342121e+00,7.029088e+00,5.525453e+00
6.812345e+00,6.597146e+00,6.613384e+00,6.766192e+00,7.105786e+00,7.023759e+00,6.766192e+00,7.122867e+00,7.055313e+00,7.375256e+00,6.674561e+00,6.313548e+00,7.080868e+00,5.883322e+00,5.342334e+00,4.882802e+00,6.410175e+00,6.617403e+00,5.918894e+00
6.812345e+00,6.597146e+00,6.161207e+00,6.969791e+00,7.154615e+00,6.957497e+00,6.860664e+00,7.112327e+00,7.066467e+00,7.471932e+00,6.674561e+00,6.298949e+00,7.002156e+00,5.883322e+00,5.680173e+00,4.882802e+00,6.439350e+00,6.481577e+00,6.107023e+00
6.785588e+00,6.629363e+00,6.028279e+00,6.991177e+00,7.173958e+00,6.887553e+00,6.943122e+00,7.053586e+00,7.124478e+00,7.504392e+00,6.513230e+00,6.298949e+00,6.865891e+00,5.883322e+00,5.857933e+00,4.882802e+00,6.637258e+00,6.481577e+00,6.068426e+00
6.746412e+00,6.673298e+00,5.953243e+00,7.018402e+00,7.148346e+00,6.828712e+00,7.024649e+00,6.952729e+00,7.210818e+00,7.515889e+00,6.363028e+00,6.265301e+00,6.760415e+00,5.883322e+00,5.880533e+00,4.955827e+00,6.802395e+00,6.481577e+00,5.953243e+00
6.746412e+00,6.673298e+00,5.902633e+00,7.023759e+00,7.158514e+00,6.755769e+00,7.080026e+00,6.805723e+00,7.290975e+00,7.586296e+00,6.361302e+00,6.375025e+00,6.760415e+00,5.897154e+00,5.880533e+00,4.955827e+00,6.802395e+00,6.481577e+00,5.953243e+00
6.746412e+00,6.673298e+00,5.743003e+00,6.963190e+00,7.247081e+00,6.705639e+00,7.066467e+00,6.869014e+00,7.290975e+00,7.586296e+00,6.317165e+00,6.375025e+00,6.742881e+00,5.860786e+00,5.880533e+00,5.220356e+00,7.013915e+00,6.481577e+00,6.416732e+00
6.744059e+00,6.675823e+00,5.056246e+00,7.097549e+00,7.244228e+00,6.612041e+00,7.090077e+00,6.822197e+00,7.346010e+00,7.586296e+00,6.202536e+00,6.308098e+00,6.763885e+00,5.834811e+00,5.880533e+00,5.620401e+00,7.037906e+00,6.496775e+00,6.416732e+00
6.744059e+00,6.675823e+00,5.056246e+00,7.097549e+00,7.244228e+00,6.561031e+00,7.094235e+00,6.784457e+00,7.387709e+00,7.567346e+00,6.202536e+00,6.327937e+00,6.763885e+00,5.771441e+00,5.880533e+00,5.863631e+00,7.037906e+00,6.693324e+00,6.416732e+00
6.748760e+00,6.673298e+00,5.068904e+00,7.097549e+00,7.228388e+00,6.591674e+00,7.087574e+00,6.749931e+00,7.408531e+00,7.440147e+00,6.202536e+00,6.401917e+00,6.768493e+00,5.509388e+00,5.780744e+00,5.863631e+00,7.037906e+00,6.658011e+00,6.416732e+00
6.804615e+00,6.660575e+00,4.499810e+00,7.160846e+00,7.198931e+00,6.645091e+00,7.074963e+00,6.767343e+00,7.404279e+00,7.440147e+00,6.234411e+00,6.403574e+00,6.685861e+00,5.446737e+00,5.703782e+00,5.863631e+00,7.037906e+00,6.658011e+00,6.416732e+00
6.835185e+00,6.625392e+00,4.762174e+00,7.147559e+00,7.211557e+00,6.645091e+00,7.074963e+00,6.767343e+00,7.403670e+00,7.286876e+00,6.259581e+00,6.405228e+00,6.302619e+00,5.231109e+00,5.652489e+00,5.863631e+00,7.037906e+00,6.605298e+00,6.416732e+00
6.853299e+00,6.648985e+00,4.762174e+00,7.133296e+00,7.186901e+00,6.709304e+00,7.074117e+00,6.768493e+00,7.301822e+00,7.268223e+00,6.329721e+00,6.405228e+00,6.297109e+00,4.753590e+00,5.652489e+00,5.863631e+00,7.034388e+00,6.424869e+00,6.416732e+00
6.752270e+00,6.834109e+00,4.762174e+00,7.053586e+00,7.201171e+00,6.799056e+00,6.957497e+00,6.852243e+00,7.315218e+00,7.261927e+00,5.869297e+00,6.405228e+00,6.287859e+00,4.875197e+00,5.652489e+00,5.863631e+00,7.034388e+00,6.259581e+00,6.410175e+00
6.908755e+00,6.842683e+00,4.762174e+00,7.023759e+00,7.226209e+00,6.773080e+00,6.943122e+00,6.844815e+00,7.250636e+00,7.097549e+00,5.777652e+00,6.300786e+00,6.270988e+00,4.859812e+00,5.945421e+00,6.006353e+00,7.034388e+00,6.259581e+00,6.423247e+00
6.909753e+00,6.740519e+00,5.337538e+00,6.964136e+00,7.262629e+00,6.712956e+00,6.995766e+00,6.854355e+00,7.211557e+00,7.094235e+00,5.805135e+00,6.298949e+00,6.270988e+00,4.859812e+00,6.093570e+00,5.978886e+00,7.034388e+00,6.259581e+00,6.590301e+00
6.910751e+00,6.723832e+00,5.402677e+00,6.928538e+00,7.261225e+00,6.624065e+00,6.906755e+00,7.044905e+00,7.172425e+00,6.855409e+00,5.971262e+00,6.274762e+00,6.270988e+00,4.653960e+00,6.093570e+00,5.976351e+00,7.081709e+00,6.263398e+00,6.590301e+00
6.900731e+00,6.749931e+00,5.402677e+00,6.920672e+00,7.225481e+00,6.588926e+00,6.732211e+00,7.237778e+00,7.167809e+00,6.813445e+00,5.991465e+00,6.210600e+00,6.270988e+00,5.393628e+00,6.093570e+00,6.230481e+00,7.038784e+00,6.139885e+00,6.590301e+00
6.899723e+00,6.580639e+00,5.874931e+00,6.834109e+00,7.273093e+00,6.507278e+00,6.810142e+00,7.202661e+00,7.113142e+00,6.800170e+00,5.991465e+00,6.175867e+00,6.270988e+00,5.552960e+00,6.077642e+00,6.343880e+00,7.038784e+00,6.502790e+00,6.590301e+00
6.852243e+00,6.632002e+00,5.897154e+00,6.769642e+00,7.280697e+00,6.504288e+00,6.862758e+00,7.122867e+00,7.126087e+00,6.791221e+00,5.247024e+00,6.133398e+00,6.261492e+00,5.894403e+00,6.077642e+00,6.448889e+00,6.990257e+00,6.350886e+00,6.590301e+00
6.501290e+00,6.946014e+00,5.897154e+00,6.768493e+00,7.232733e+00,6.562444e+00,6.892642e+00,7.107425e+00,7.059618e+00,6.660575e+00,5.247024e+00,5.899897e+00,6.261492e+00,6.082219e+00,6.077642e+00,6.448889e+00,6.987490e+00,6.458338e+00,6.424869e+00
6.308098e+00,7.052721e+00,5.897154e+00,6.768493e+00,7.193686e+00,6.630683e+00,6.894670e+00,7.108244e+00,7.012115e+00,6.613384e+00,5.579730e+00,5.897154e+00,6.037871e+00,6.082219e+00,6.077642e+00,6.445720e+00,6.861711e+00,6.674561e+00,6.393591e+00
6.291569e+00,7.060476e+00,5.866468e+00,6.781058e+00,7.177019e+00,6.659294e+00,6.858565e+00,7.006695e+00,7.124478e+00,6.561031e+00,5.537334e+00,5.834811e+00,6.037871e+00,6.082219e+00,5.986452e+00,6.445720e+00,6.935370e+00,6.674561e+00,6.393591e+00
6.378426e+00,6.742881e+00,6.501290e+00,6.668228e+00,7.197435e+00,6.746412e+00,6.858565e+00,6.975414e+00,7.151485e+00,6.542472e+00,5.786897e+00,5.541264e+00,6.037871e+00,6.082219e+00,5.986452e+00,6.445720e+00,6.922644e+00,6.668228e+00,6.393591e+00
6.311735e+00,6.726233e+00,6.519147e+00,6.658011e+00,7.192934e+00,6.575076e+00,7.042286e+00,6.962243e+00,7.162397e+00,6.542472e+00,5.786897e+00,5.017280e+00,5.676754e+00,6.082219e+00,5.955837e+00,6.472346e+00,6.922644e+00,6.663133e+00,6.393591e+00
6.263398e+00,6.709304e+00,6.617403e+00,6.645091e+00,7.195937e+00,6.583409e+00,7.044905e+00,6.927558e+00,7.074117e+00,6.693324e+00,5.950643e+00,5.010635e+00,5.662960e+00,6.082219e+00,5.955837e+00,6.472346e+00,6.921658e+00,6.670766e+00,6.361302e+00
6.126869e+00,6.791221e+00,6.597146e+00,6.665684e+00,7.141245e+00,6.677083e+00,7.044905e+00,6.800170e+00,7.131699e+00,6.874198e+00,5.950643e+00,5.010635e+00,5.468060e+00,6.082219e+00,5.955837e+00,6.747587e+00,6.759255e+00,6.744059e+00,6.361302e+00
6.120297e+00,6.794587e+00,6.597146e+00,6.633318e+00,7.141245e+00,6.708084e+00,7.044905e+00,6.781058e+00,7.141245e+00,7.023759e+00,5.950643e+00,5.010635e+00,5.327876e+00,6.326149e+00,5.955837e+00,6.748760e+00,6.709304e+00,6.778785e+00,6.361302e+00
6.120297e+00,6.794587e+00,6.597146e+00,6.620073e+00,7.144407e+00,6.703188e+00,7.053586e+00,6.766192e+00,7.130099e+00,7.023759e+00,5.921578e+00,5.429346e+00,5.327876e+00,6.406880e+00,5.955837e+00,6.748760e+00,6.678342e+00,6.744059e+00,6.361302e+00
6.120297e+00,6.794587e+00,6.597146e+00,6.617403e+00,7.057037e+00,6.827629e+00,7.050989e+00,6.769642e+00,7.128496e+00,7.023759e+00,5.921578e+00,5.552960e+00,5.327876e+00,6.408529e+00,5.968708e+00,6.748760e+00,6.678342e+00,6.760415e+00,6.390241e+00
6.084499e+00,6.812345e+00,6.597146e+00,6.613384e+00,6.858565e+00,7.034388e+00,7.039660e+00,6.746412e+00,7.147559e+00,6.880384e+00,5.921578e+00,5.505332e+00,5.332719e+00,6.342121e+00,6.156979e+00,6.761573e+00,6.679599e+00,6.805723e+00,6.390241e+00
6.084499e+00,6.812345e+00,6.597146e+00,6.613384e+00,6.824374e+00,7.062192e+00,7.028201e+00,6.760415e+00,7.148346e+00,6.846943e+00,5.921578e+00,5.786897e+00,5.247024e+00,6.432940e+00,6.289716e+00,6.695799e+00,6.679599e+00,6.740519e+00,6.386879e+00
6.084499e+00,6.812345e+00,6.597146e+00,6.613384e+00,6.766192e+00,7.105786e+00,7.023759e+00,6.766192e+00,7.122867e+00,6.828712e+00,6.006353e+00,5.786897e+00,5.181784e+00,6.432940e+00,6.289716e+00,6.721426e+00,6.628041e+00,6.740519e+00,6.100319e+00
6.084499e+00,6.812345e+00,6.597146e+00,6.161207e+00,6.969791e+00,7.154615e+00,6.957497e+00,6.860664e+00,7.112327e+00,6.709304e+00,6.593045e+00,5.786897e+00,5.463832e+00,6.492240e+00,6.120297e+00,6.723832e+00,6.603944e+00,6.740519e+00,5.899897e+00
6.084499e+00,6.785588e+00,6.629363e+00,6.028279e+00,6.991177e+00,7.173958e+00,6.887553e+00,6.943122e+00,7.053586e+00,6.651572e+00,6.594413e+00,5.786897e+00,5.572154e+00,6.637258e+00,6.086775e+00,6.725034e+00,6.398595e+00,6.740519e+00,5.897154e+00
6.084499e+00,6.746412e+00,6.673298e+00,5.953243e+00,7.018402e+00,7.148346e+00,6.828712e+00,7.024649e+00,6.952729e+00,6.625392e+00,6.594413e+00,5.786897e+00,5.993961e+00,6.689599e+00,6.084499e+00,6.720220e+00,6.124683e+00,6.740519e+00,5.897154e+00
6.084499e+00,6.746412e+00,6.673298e+00,5.902633e+00,7.023759e+00,7.158514e+00,6.755769e+00,7.080026e+00,6.805723e+00,6.429719e+00,6.594413e+00,5.572154e+00,6.030685e+00,6.740519e+00,6.161207e+00,6.720220e+00,6.124683e+00,6.820016e+00,5.897154e+00
6.118097e+00,6.746412e+00,6.673298e+00,5.743003e+00,6.963190e+00,7.247081e+00,6.705639e+00,7.066467e+00,6.869014e+00,6.429719e+00,6.594413e+00,5.572154e+00,6.159095e+00,6.802395e+00,6.161207e+00,6.666957e+00,5.501258e+00,6.825460e+00,4.919981e+00
6.150603e+00,6.744059e+00,6.675823e+00,5.056246e+00,7.097549e+00,7.244228e+00,6.612041e+00,7.090077e+00,6.822197e+00,6.429719e+00,6.594413e+00,5.572154e+00,6.030685e+00,6.804615e+00,6.161207e+00,6.543912e+00,5.384495e+00,6.955593e+00,4.919981e+00
6.150603e+00,6.744059e+00,6.675823e+00,5.056246e+00,7.097549e+00,7.244228e+00,6.561031e+00,7.094235e+00,6.784457e+00,6.519147e+00,6.594413e+00,5.463832e+00,6.486161e+00,6.804615e+00,6.161207e+00,6.428105e+00,5.384495e+00,6.858565e+00,4.948760e+00
6.142037e+00,6.748760e+00,6.673298e+00,5.068904e+00,7.097549e+00,7.228388e+00,6.591674e+00,7.087574e+00,6.749931e+00,6.675823e+00,6.594413e+00,5.929589e+00,6.369901e+00,6.804615e+00,6.163315e+00,6.428105e+00,5.384495e+00,7.010312e+00,4.948760e+00
6.267201e+00,6.804615e+00,6.660575e+00,4.499810e+00,7.160846e+00,7.198931e+00,6.645091e+00,7.074963e+00,6.767343e+00,6.677083e+00,6.572283e+00,6.186209e+00,6.368187e+00,6.804615e+00,6.364751e+00,6.428105e+00,5.488938e+00,7.021976e+00,4.948760e+00
6.343880e+00,6.835185e+00,6.625392e+00,4.762174e+00,7.147559e+00,7.211557e+00,6.645091e+00,7.074963e+00,6.767343e+00,6.683361e+00,6.553933e+00,6.196444e+00,6.368187e+00,6.804615e+00,6.364751e+00,6.428105e+00,5.488938e+00,7.055313e+00,4.948760e+00
6.282267e+00,6.853299e+00,6.648985e+00,4.762174e+00,7.133296e+00,7.186901e+00,6.709304e+00,7.074117e+00,6.768493e+00,6.683361e+00,6.498282e+00,6.280396e+00,6.368187e+00,6.804615e+00,6.486161e+00,6.445720e+00,5.501258e+00,7.055313e+00,4.948760e+00
6.472346e+00,6.752270e+00,6.834109e+00,4.762174e+00,7.053586e+00,7.201171e+00,6.799056e+00,6.957497e+00,6.852243e+00,6.894670e+00,6.492240e+00,6.280396e+00,6.368187e+00,6.768493e+00,6.486161e+00,6.563856e+00,5.501258e+00,7.055313e+00,4.948760e+00
6.251904e+00,6.908755e+00,6.842683e+00,4.762174e+00,7.023759e+00,7.226209e+00,6.773080e+00,6.943122e+00,6.844815e+00,6.889591e+00,6.469250e+00,6.393591e+00,6.373320e+00,6.756932e+00,6.429719e+00,6.535241e+00,5.594711e+00,7.057037e+00,4.890349e+00
6.300786e+00,6.909753e+00,6.740519e+00,5.337538e+00,6.964136e+00,7.262629e+00,6.712956e+00,6.995766e+00,6.854355e+00,6.859615e+00,6.453625e+00,6.401917e+00,6.373320e+00,6.756932e+00,6.606650e+00,6.675823e+00,5.929589e+00,7.057037e+00,3.044522e+00
6.352629e+00,6.910751e+00,6.723832e+00,5.402677e+00,6.928538e+00,7.261225e+00,6.624065e+00,6.906755e+00,7.044905e+00,6.859615e+00,6.354370e+00,6.439350e+00,6.373320e+00,6.756932e+00,6.609349e+00,6.715383e+00,5.799093e+00,7.055313e+00,3.044522e+00
6.342121e+00,6.900731e+00,6.749931e+00,5.402677e+00,6.920672e+00,7.225481e+00,6.588926e+00,6.732211e+00,7.237778e+00,6.859615e+00,6.340359e+00,6.483107e+00,6.373320e+00,6.603944e+00,6.659294e+00,6.776507e+00,6.035481e+00,7.002156e+00,3.044522e+00
6.354370e+00,6.899723e+00,6.580639e+00,5.874931e+00,6.834109e+00,7.273093e+00,6.507278e+00,6.810142e+00,7.202661e+00,6.859615e+00,6.340359e+00,6.484635e+00,6.373320e+00,6.551080e+00,6.701960e+00,6.704414e+00,6.282267e+00,6.787845e+00,3.850148e+00
6.357842e+00,6.852243e+00,6.632002e+00,5.897154e+00,6.769642e+00,7.280697e+00,6.504288e+00,6.862758e+00,7.122867e+00,6.870053e+00,6.340359e+00,6.922644e+00,6.478510e+00,6.519147e+00,6.709304e+00,6.723832e+00,6.302619e+00,6.769642e+00,3.850148e+00
6.563856e+00,6.501290e+00,6.946014e+00,5.897154e+00,6.768493e+00,7.232733e+00,6.562444e+00,6.892642e+00,7.107425e+00,6.870053e+00,6.340359e+00,6.948897e+00,6.520621e+00,6.419995e+00,6.760415e+00,6.723832e+00,6.668228e+00,6.692084e+00,3.850148e+00
6.566672e+00,6.308098e+00,7.052721e+00,5.897154e+00,6.768493e+00,7.193686e+00,6.630683e+00,6.894670e+00,7.108244e+00,6.870053e+00,6.198479e+00,7.037028e+00,6.520621e+00,6.436150e+00,6.760415e+00,6.859615e+00,6.685861e+00,6.543912e+00,3.850148e+00
6.677083e+00,6.291569e+00,7.060476e+00,5.866468e+00,6.781058e+00,7.177019e+00,6.659294e+00,6.858565e+00,7.006695e+00,6.873164e+00,6.340359e+00,7.046647e+00,6.520621e+00,6.436150e+00,6.762730e+00,6.871091e+00,6.903747e+00,6.561031e+00,3.850148e+00
6.661855e+00,6.378426e+00,6.742881e+00,6.501290e+00,6.668228e+00,7.197435e+00,6.746412e+00,6.858565e+00,6.975414e+00,7.047517e+00,6.204558e+00,7.059618e+00,6.520621e+00,6.436150e+00,6.859615e+00,6.875232e+00,6.908755e+00,6.561031e+00,3.951244e+00
6.656727e+00,6.311735e+00,6.726233e+00,6.519147e+00,6.658011e+00,7.192934e+00,6.575076e+00,7.042286e+00,6.962243e+00,7.057898e+00,6.302619e+00,7.059618e+00,6.519147e+00,6.436150e+00,6.861711e+00,6.872128e+00,6.908755e+00,6.561031e+00,3.951244e+00
6.613384e+00,6.263398e+00,6.709304e+00,6.617403e+00,6.645091e+00,7.195937e+00,6.583409e+00,7.044905e+00,6.927558e+00,6.956545e+00,6.190315e+00,7.059618e+00,6.487684e+00,6.436150e+00,6.862758e+00,6.922644e+00,6.908755e+00,6.552508e+00,3.951244e+00
6.927558e+00,6.126869e+00,6.791221e+00,6.597146e+00,6.665684e+00,7.141245e+00,6.677083e+00,7.044905e+00,6.800170e+00,6.821107e+00,6.192362e+00,7.059618e+00,6.487684e+00,6.436150e+00,6.862758e+00,6.802395e+00,6.908755e+00,6.463029e+00,3.951244e+00
6.929517e+00,6.120297e+00,6.794587e+00,6.597146e+00,6.633318e+00,7.141245e+00,6.708084e+00,7.044905e+00,6.781058e+00,6.684612e+00,6.276643e+00,7.059618e+00,6.487684e+00,6.343880e+00,6.862758e+00,6.856462e+00,6.908755e+00,6.415097e+00,3.951244e+00
6.931472e+00,6.120297e+00,6.794587e+00,6.597146e+00,6.620073e+00,7.144407e+00,6.703188e+00,7.053586e+00,6.766192e+00,6.684612e+00,6.361302e+00,6.990257e+00,6.487684e+00,6.265301e+00,6.862758e+00,6.857514e+00,6.946976e+00,6.415097e+00,3.951244e+00
6.931472e+00,6.120297e+00,6.794587e+00,6.597146e+00,6.617403e+00,7.057037e+00,6.827629e+00,7.050989e+00,6.769642e+00,6.687109e+00,6.431331e+00,6.962243e+00,6.487684e+00,6.263398e+00,6.771936e+00,6.857514e+00,7.093405e+00,6.405228e+00,4.060443e+00
6.931472e+00,6.084499e+00,6.812345e+00,6.597146e+00,6.613384e+00,6.858565e+00,7.034388e+00,7.039660e+00,6.746412e+00,6.687109e+00,6.472346e+00,6.961296e+00,6.486161e+00,6.255750e+00,6.674561e+00,6.845880e+00,7.160846e+00,6.336826e+00,4.060443e+00
6.931472e+00,6.084499e+00,6.812345e+00,6.597146e+00,6.613384e+00,6.824374e+00,7.062192e+00,7.028201e+00,6.760415e+00,6.690842e+00,6.473891e+00,6.882437e+00,6.486161e+00,6.144186e+00,6.685861e+00,6.990257e+00,7.228388e+00,6.329721e+00,4.248495e+00
6.931472e+00,6.084499e+00,6.812345e+00,6.597146e+00,6.613384e+00,6.766192e+00,7.105786e+00,7.023759e+00,6.766192e+00,6.690842e+00,6.445720e+00,6.882437e+00,6.486161e+00,6.144186e+00,6.687109e+00,6.972606e+00,7.273786e+00,6.329721e+00,5.247024e+00
7.023759e+00,6.084499e+00,6.812345e+00,6.597146e+00,6.161207e+00,6.969791e+00,7.154615e+00,6.957497e+00,6.860664e+00,6.583409e+00,5.908083e+00,6.898715e+00,6.393591e+00,6.059123e+00,6.688355e+00,6.970730e+00,7.273786e+00,6.329721e+00,5.572154e+00
7.023759e+00,6.084499e+00,6.785588e+00,6.629363e+00,6.028279e+00,6.991177e+00,7.173958e+00,6.887553e+00,6.943122e+00,6.569481e+00,5.940171e+00,6.951772e+00,6.345636e+00,6.182085e+00,6.793466e+00,6.969791e+00,7.273786e+00,6.329721e+00,5.673323e+00
7.023759e+00,6.084499e+00,6.746412e+00,6.673298e+00,5.953243e+00,7.018402e+00,7.148346e+00,6.828712e+00,7.024649e+00,6.813445e+00,6.018593e+00,7.009409e+00,6.068426e+00,6.093570e+00,6.785588e+00,6.964136e+00,7.273786e+00,6.342121e+00,5.823046e+00
7.054450e+00,6.084499e+00,6.746412e+00,6.673298e+00,5.902633e+00,7.023759e+00,7.158514e+00,6.755769e+00,7.080026e+00,6.815640e+00,6.317165e+00,7.011214e+00,6.033086e+00,5.978886e+00,6.745236e+00,6.964136e+00,7.273786e+00,6.210600e+00,6.173786e+00
7.041412e+00,6.118097e+00,6.746412e+00,6.673298e+00,5.743003e+00,6.963190e+00,7.247081e+00,6.705639e+00,7.066467e+00,6.995766e+00,6.533789e+00,7.038784e+00,5.849325e+00,5.831882e+00,6.745236e+00,6.964136e+00,7.284135e+00,6.200509e+00,6.228511e+00
7.092574e+00,6.150603e+00,6.744059e+00,6.675823e+00,5.056246e+00,7.097549e+00,7.244228e+00,6.612041e+00,7.090077e+00,7.004882e+00,6.558198e+00,7.038784e+00,5.846439e+00,6.685861e+00,6.804615e+00,6.964136e+00,7.319202e+00,5.910797e+00,6.253829e+00
7.224025e+00,6.150603e+00,6.744059e+00,6.675823e+00,5.056246e+00,7.097549e+00,7.244228e+00,6.561031e+00,7.094235e+00,6.967909e+00,6.700731e+00,7.090077e+00,4.564348e+00,6.685861e+00,6.805723e+00,6.964136e+00,7.319202e+00,5.739793e+00,6.246107e+00
7.257708e+00,6.142037e+00,6.748760e+00,6.673298e+00,5.068904e+00,7.097549e+00,7.228388e+00,6.591674e+00,7.087574e+00,6.853299e+00,6.731018e+00,6.947937e+00,4.564348e+00,6.685861e+00,7.031741e+00,6.976348e+00,7.321189e+00,5.081404e+00,6.246107e+00
7.177019e+00,6.267201e+00,6.804615e+00,6.660575e+00,4.499810e+00,7.160846e+00,7.198931e+00,6.645091e+00,7.074963e+00,6.852243e+00,6.800170e+00,6.835185e+00,4.564348e+00,6.712956e+00,6.948897e+00,6.982863e+00,7.321850e+00,4.997212e+00,6.246107e+00
7.123673e+00,6.343880e+00,6.835185e+00,6.625392e+00,4.762174e+00,7.147559e+00,7.211557e+00,6.645091e+00,7.074963e+00,6.900731e+00,6.801283e+00,6.828712e+00,4.564348e+00,6.731018e+00,6.983790e+00,6.982863e+00,7.566828e+00,4.700480e+00,6.421622e+00
7.148346e+00,6.282267e+00,6.853299e+00,6.648985e+00,4.762174e+00,7.133296e+00,7.186901e+00,6.709304e+00,7.074117e+00,6.900731e+00,6.801283e+00,6.875232e+00,4.564348e+00,6.731018e+00,6.913737e+00,6.972606e+00,7.584265e+00,5.332719e+00,6.568078e+00
7.015712e+00,6.472346e+00,6.752270e+00,6.834109e+00,4.762174e+00,7.053586e+00,7.201171e+00,6.799056e+00,6.957497e+00,6.690842e+00,6.801283e+00,6.875232e+00,5.620401e+00,6.731018e+00,6.915723e+00,6.895683e+00,7.586804e+00,5.365976e+00,6.568078e+00
6.999422e+00,6.251904e+00,6.908755e+00,6.842683e+00,4.762174e+00,7.023759e+00,7.226209e+00,6.773080e+00,6.943122e+00,6.886532e+00,6.838405e+00,6.822197e+00,5.872118e+00,6.731018e+00,6.853299e+00,6.818924e+00,7.579679e+00,5.356586e+00,6.568078e+00
6.974479e+00,6.300786e+00,6.909753e+00,6.740519e+00,5.337538e+00,6.964136e+00,7.262629e+00,6.712956e+00,6.995766e+00,7.012115e+00,6.852243e+00,6.816736e+00,5.918894e+00,6.731018e+00,6.641182e+00,6.670766e+00,7.561642e+00,5.356586e+00,6.568078e+00
6.946014e+00,6.352629e+00,6.910751e+00,6.723832e+00,5.402677e+00,6.928538e+00,7.261225e+00,6.624065e+00,6.906755e+00,7.103322e+00,6.854355e+00,6.864848e+00,6.093570e+00,6.731018e+00,6.638568e+00,6.629363e+00,7.558517e+00,5.356586e+00,6.568078e+00
6.941190e+00,6.342121e+00,6.900731e+00,6.749931e+00,5.402677e+00,6.920672e+00,7.225481e+00,6.588926e+00,6.732211e+00,7.107425e+00,6.858565e+00,6.883463e+00,6.324359e+00,6.731018e+00,6.587550e+00,6.381816e+00,7.508239e+00,5.375278e+00,6.568078e+00
6.934397e+00,6.354370e+00,6.899723e+00,6.580639e+00,5.874931e+00,6.834109e+00,7.273093e+00,6.507278e+00,6.810142e+00,7.107425e+00,6.858565e+00,6.888572e+00,6.470800e+00,6.731018e+00,6.539586e+00,6.381816e+00,7.462215e+00,5.303305e+00,6.656727e+00
6.932448e+00,6.357842e+00,6.852243e+00,6.632002e+00,5.897154e+00,6.769642e+00,7.280697e+00,6.504288e+00,6.862758e+00,7.099202e+00,6.858565e+00,6.431331e+00,6.398595e+00,6.626718e+00,6.529419e+00,6.238325e+00,7.491645e+00,5.303305e+00,6.656727e+00
6.803505e+00,6.563856e+00,6.501290e+00,6.946014e+00,5.897154e+00,6.768493e+00,7.232733e+00,6.562444e+00,6.892642e+00,7.099202e+00,6.858565e+00,6.499787e+00,6.391917e+00,6.612041e+00,6.464588e+00,6.238325e+00,7.416980e+00,5.303305e+00,6.656727e+00
6.806829e+00,6.566672e+00,6.308098e+00,7.052721e+00,5.897154e+00,6.768493e+00,7.193686e+00,6.630683e+00,6.894670e+00,7.138073e+00,6.858565e+00,6.350886e+00,6.527958e+00,6.610696e+00,6.464588e+00,5.968708e+00,7.370231e+00,5.384495e+00,6.656727e+00
6.710523e+00,6.677083e+00,6.291569e+00,7.060476e+00,5.866468e+00,6.781058e+00,7.177019e+00,6.659294e+00,6.858565e+00,7.141245e+00,6.771936e+00,6.331502e+00,6.535241e+00,6.637258e+00,6.461468e+00,5.940171e+00,7.181592e+00,5.327876e+00,6.659294e+00
6.664409e+00,6.661855e+00,6.378426e+00,6.742881e+00,6.501290e+00,6.668228e+00,7.197435e+00,6.746412e+00,6.858565e+00,6.983790e+00,6.771936e+00,6.359574e+00,6.535241e+00,6.693324e+00,6.313548e+00,5.929589e+00,7.177782e+00,5.327876e+00,6.766192e+00
6.708084e+00,6.656727e+00,6.311735e+00,6.726233e+00,6.519147e+00,6.658011e+00,7.192934e+00,6.575076e+00,7.042286e+00,7.056175e+00,6.711740e+00,6.386879e+00,6.535241e+00,6.697034e+00,6.343880e+00,5.891644e+00,7.177782e+00,5.327876e+00,6.853299e+00
6.708084e+00,6.613384e+00,6.263398e+00,6.709304e+00,6.617403e+00,6.645091e+00,7.195937e+00,6.583409e+00,7.044905e+00,7.068172e+00,6.711740e+00,6.386879e+00,6.535241e+00,6.726233e+00,6.342121e+00,5.743003e+00,7.177782e+00,5.323010e+00,6.859615e+00
6.293419e+00,6.927558e+00,6.126869e+00,6.791221e+00,6.597146e+00,6.665684e+00,7.141245e+00,6.677083e+00,7.044905e+00,7.044905e+00,6.726233e+00,6.386879e+00,6.535241e+00,6.830874e+00,6.342121e+00,5.393628e+00,7.177782e+00,5.459586e+00,6.867974e+00
6.315358e+00,6.929517e+00,6.120297e+00,6.794587e+00,6.597146e+00,6.633318e+00,7.141245e+00,6.708084e+00,7.044905e+00,7.010312e+00,6.673298e+00,6.388561e+00,6.535241e+00,6.784457e+00,6.342121e+00,5.129899e+00,7.207119e+00,5.662960e+00,6.867974e+00
6.313548e+00,6.931472e+00,6.120297e+00,6.794587e+00,6.597146e+00,6.620073e+00,7.144407e+00,6.703188e+00,7.053586e+00,7.010312e+00,6.720220e+00,6.478510e+00,6.535241e+00,6.779922e+00,6.342121e+00,5.476464e+00,7.177782e+00,5.666427e+00,6.867974e+00
6.393591e+00,6.931472e+00,6.120297e+00,6.794587e+00,6.597146e+00,6.617403e+00,7.057037e+00,6.827629e+00,7.050989e+00,7.036148e+00,6.679599e+00,6.771936e+00,6.535241e+00,6.779922e+00,6.342121e+00,5.808142e+00,7.050123e+00,5.805135e+00,6.843750e+00
6.423247e+00,6.931472e+00,6.084499e+00,6.812345e+00,6.597146e+00,6.613384e+00,6.858565e+00,7.034388e+00,7.039660e+00,7.036148e+00,6.841615e+00,7.079184e+00,6.535241e+00,6.773080e+00,6.342121e+00,6.030685e+00,6.974479e+00,6.180017e+00,6.843750e+00
6.423247e+00,6.931472e+00,6.084499e+00,6.812345e+00,6.597146e+00,6.613384e+00,6.824374e+00,7.062192e+00,7.028201e+00,7.044905e+00,6.850126e+00,7.210080e+00,6.535241e+00,6.773080e+00,6.202536e+00,5.736572e+00,6.886532e+00,6.393591e+00,6.830874e+00
6.423247e+00,6.931472e+00,6.084499e+00,6.812345e+00,6.597146e+00,6.613384e+00,6.766192e+00,7.105786e+00,7.023759e+00,7.044905e+00,6.834109e+00,7.256297e+00,6.535241e+00,6.775366e+00,6.200509e+00,5.768321e+00,6.818924e+00,6.431331e+00,6.692084e+00
6.270988e+00,7.023759e+00,6.084499e+00,6.812345e+00,6.597146e+00,6.161207e+00,6.969791e+00,7.154615e+00,6.957497e+00,7.032624e+00,6.765039e+00,7.275865e+00,6.535241e+00,6.784457e+00,6.214608e+00,5.932245e+00,6.818924e+00,6.487684e+00,6.597146e+00
6.272877e+00,7.023759e+00,6.084499e+00,6.785588e+00,6.629363e+00,6.028279e+00,6.991177e+00,7.173958e+00,6.887553e+00,7.037028e+00,6.749931e+00,7.475906e+00,6.535241e+00,6.612041e+00,6.025866e+00,5.958425e+00,6.818924e+00,6.643790e+00,6.558198e+00
6.272877e+00,7.023759e+00,6.084499e+00,6.746412e+00,6.673298e+00,5.953243e+00,7.018402e+00,7.148346e+00,6.828712e+00,6.846943e+00,6.712956e+00,7.492760e+00,6.535241e+00,6.704414e+00,6.124683e+00,6.113682e+00,6.818924e+00,6.651572e+00,6.489205e+00
6.204558e+00,7.054450e+00,6.084499e+00,6.746412e+00,6.673298e+00,5.902633e+00,7.023759e+00,7.158514e+00,6.755769e+00,7.001246e+00,6.617403e+00,7.524561e+00,6.535241e+00,6.704414e+00,6.124683e+00,6.363028e+00,6.818924e+00,6.651572e+00,6.272877e+00
6.251904e+00,7.041412e+00,6.118097e+00,6.746412e+00,6.673298e+00,5.743003e+00,6.963190e+00,7.247081e+00,6.705639e+00,6.858565e+00,6.426488e+00,7.616284e+00,6.535241e+00,6.722630e+00,6.124683e+00,6.456770e+00,6.802395e+00,6.651572e+00,6.220590e+00
6.095825e+00,7.092574e+00,6.150603e+00,6.744059e+00,6.675823e+00,5.056246e+00,7.097549e+00,7.244228e+00,6.612041e+00,6.985642e+00,6.418365e+00,7.663877e+00,6.535241e+00,5.986452e+00,6.150603e+00,6.456770e+00,6.742881e+00,6.633318e+00,6.194405e+00
5.616771e+00,7.224025e+00,6.150603e+00,6.744059e+00,6.675823e+00,5.056246e+00,7.097549e+00,7.244228e+00,6.561031e+00,6.978214e+00,6.579251e+00,7.643962e+00,6.535241e+00,5.996452e+00,6.148468e+00,6.456770e+00,6.742881e+00,6.711740e+00,6.371612e+00
5.429346e+00,7.257708e+00,6.142037e+00,6.748760e+00,6.673298e+00,5.068904e+00,7.097549e+00,7.228388e+00,6.591674e+00,7.028201e+00,6.545350e+00,7.643004e+00,6.535241e+00,5.998937e+00,5.690359e+00,6.436150e+00,6.739337e+00,6.751101e+00,6.419995e+00
5.424950e+00,7.177019e+00,6.267201e+00,6.804615e+00,6.660575e+00,4.499810e+00,7.160846e+00,7.198931e+00,6.645091e+00,7.033506e+00,6.455199e+00,7.644441e+00,6.576470e+00,6.218600e+00,5.634790e+00,6.424869e+00,6.709304e+00,6.751101e+00,6.492240e+00
5.416100e+00,7.123673e+00,6.343880e+00,6.835185e+00,6.625392e+00,4.762174e+00,7.147559e+00,7.211557e+00,6.645091e+00,7.094235e+00,6.496775e+00,7.644441e+00,6.711740e+00,6.343880e+00,5.493061e+00,6.424869e+00,5.991465e+00,6.751101e+00,6.368187e+00
5.509388e+00,7.148346e+00,6.282267e+00,6.853299e+00,6.648985e+00,4.762174e+00,7.133296e+00,7.186901e+00,6.709304e+00,7.163947e+00,6.502790e+00,7.604894e+00,6.935370e+00,6.456770e+00,5.484797e+00,6.432940e+00,5.897154e+00,6.630683e+00,6.186209e+00
5.874931e+00,7.015712e+00,6.472346e+00,6.752270e+00,6.834109e+00,4.762174e+00,7.053586e+00,7.201171e+00,6.799056e+00,7.237778e+00,6.502790e+00,7.604894e+00,6.744059e+00,6.508769e+00,5.476464e+00,6.523562e+00,5.950643e+00,6.621406e+00,6.324359e+00
6.218600e+00,6.999422e+00,6.251904e+00,6.908755e+00,6.842683e+00,4.762174e+00,7.023759e+00,7.226209e+00,6.773080e+00,7.147559e+00,6.455199e+00,7.619724e+00,6.658011e+00,6.559615e+00,5.525453e+00,6.523562e+00,5.948035e+00,6.645091e+00,6.437752e+00
6.224558e+00,6.974479e+00,6.300786e+00,6.909753e+00,6.740519e+00,5.337538e+00,6.964136e+00,7.262629e+00,6.712956e+00,7.057037e+00,6.487684e+00,7.634821e+00,6.801283e+00,6.559615e+00,5.525453e+00,6.573680e+00,5.739793e+00,6.646391e+00,6.445720e+00
6.224558e+00,6.946014e+00,6.352629e+00,6.910751e+00,6.723832e+00,5.402677e+00,6.928538e+00,7.261225e+00,6.624065e+00,6.961296e+00,6.517671e+00,7.609367e+00,6.738152e+00,6.569481e+00,5.525453e+00,6.672033e+00,5.765191e+00,6.758095e+00,6.445720e+00
6.222576e+00,6.941190e+00,6.342121e+00,6.900731e+00,6.749931e+00,5.402677e+00,6.920672e+00,7.225481e+00,6.588926e+00,6.956545e+00,6.538140e+00,7.586296e+00,6.620073e+00,6.874198e+00,5.525453e+00,6.672033e+00,5.793014e+00,6.896694e+00,6.575076e+00
6.267201e+00,6.934397e+00,6.354370e+00,6.899723e+00,6.580639e+00,5.874931e+00,6.834109e+00,7.273093e+00,6.507278e+00,7.085901e+00,6.538140e+00,7.583248e+00,6.599870e+00,6.978214e+00,5.525453e+00,6.672033e+00,5.683580e+00,6.923629e+00,6.453625e+00
6.267201e+00,6.932448e+00,6.357842e+00,6.852243e+00,6.632002e+00,5.897154e+00,6.769642e+00,7.280697e+00,6.504288e+00,7.128496e+00,6.538140e+00,7.583756e+00,6.575076e+00,7.024649e+00,5.525453e+00,6.688355e+00,5.442418e+00,6.927558e+00,6.674561e+00
6.253829e+00,6.803505e+00,6.563856e+00,6.501290e+00,6.946014e+00,5.897154e+00,6.768493e+00,7.232733e+00,6.562444e+00,7.132498e+00,6.541030e+00,7.570443e+00,6.541030e+00,7.024649e+00,5.583496e+00,6.703188e+00,5.225747e+00,6.927558e+00,6.767343e+00
6.244167e+00,6.806829e+00,6.566672e+00,6.308098e+00,7.052721e+00,5.897154e+00,6.768493e+00,7.193686e+00,6.630683e+00,7.115582e+00,6.541030e+00,7.578657e+00,6.415097e+00,7.016610e+00,5.817111e+00,6.785588e+00,5.389072e+00,6.955593e+00,6.817831e+00
6.244167e+00,6.710523e+00,6.677083e+00,6.291569e+00,7.060476e+00,5.866468e+00,6.781058e+00,7.177019e+00,6.659294e+00,7.111512e+00,6.548219e+00,7.593878e+00,6.421622e+00,6.998510e+00,5.910797e+00,6.790097e+00,5.389072e+00,7.017506e+00,6.815640e+00
6.244167e+00,6.664409e+00,6.661855e+00,6.378426e+00,6.742881e+00,6.501290e+00,6.668228e+00,7.197435e+00,6.746412e+00,7.118826e+00,6.551080e+00,7.578145e+00,6.421622e+00,6.957497e+00,6.001415e+00,6.793466e+00,5.389072e+00,7.034388e+00,6.708084e+00
6.173786e+00,6.708084e+00,6.656727e+00,6.311735e+00,6.726233e+00,6.519147e+00,6.658011e+00,7.192934e+00,6.575076e+00,7.040536e+00,6.551080e+00,7.569928e+00,6.421622e+00,7.069874e+00,5.953243e+00,6.836259e+00,5.389072e+00,7.061334e+00,6.692084e+00
6.173786e+00,6.708084e+00,6.613384e+00,6.263398e+00,6.709304e+00,6.617403e+00,6.645091e+00,7.195937e+00,6.583409e+00,7.055313e+00,6.558198e+00,7.570443e+00,6.445720e+00,7.069874e+00,5.986452e+00,6.864848e+00,5.389072e+00,7.075809e+00,6.809039e+00
6.171701e+00,6.293419e+00,6.927558e+00,6.126869e+00,6.791221e+00,6.597146e+00,6.665684e+00,7.141245e+00,6.677083e+00,7.066467e+00,6.545350e+00,7.570443e+00,6.511745e+00,7.085064e+00,6.018593e+00,6.870053e+00,5.389072e+00,7.054450e+00,6.806829e+00
6.142037e+00,6.315358e+00,6.929517e+00,6.120297e+00,6.794587e+00,6.597146e+00,6.633318e+00,7.141245e+00,6.708084e+00,7.124478e+00,6.545350e+00,7.569928e+00,6.514713e+00,7.064759e+00,6.018593e+00,6.870053e+00,5.198497e+00,7.037028e+00,6.806829e+00
6.282267e+00,6.313548e+00,6.931472e+00,6.120297e+00,6.794587e+00,6.597146e+00,6.620073e+00,7.144407e+00,6.703188e+00,7.210818e+00,6.419995e+00,7.540622e+00,6.514713e+00,7.064759e+00,6.018593e+00,6.909753e+00,5.209486e+00,7.068172e+00,6.806829e+00
6.202536e+00,6.393591e+00,6.931472e+00,6.120297e+00,6.794587e+00,6.597146e+00,6.617403e+00,7.057037e+00,6.827629e+00,7.290975e+00,6.419995e+00,7.415175e+00,6.514713e+00,7.073270e+00,6.018593e+00,6.811244e+00,5.170484e+00,7.023759e+00,6.806829e+00
6.238325e+00,6.423247e+00,6.931472e+00,6.084499e+00,6.812345e+00,6.597146e+00,6.613384e+00,6.858565e+00,7.034388e+00,7.290975e+00,6.152733e+00,7.205635e+00,6.514713e+00,7.080026e+00,6.018593e+00,6.715383e+00,5.164786e+00,6.879356e+00,6.806829e+00
6.311735e+00,6.423247e+00,6.931472e+00,6.084499e+00,6.812345e+00,6.597146e+00,6.613384e+00,6.824374e+00,7.062192e+00,7.346010e+00,6.150603e+00,7.074117e+00,6.514713e+00,7.163172e+00,6.013715e+00,6.665684e+00,5.164786e+00,6.875232e+00,6.806829e+00
6.415097e+00,6.423247e+00,6.931472e+00,6.084499e+00,6.812345e+00,6.597146e+00,6.613384e+00,6.766192e+00,7.105786e+00,7.387709e+00,6.150603e+00,7.074963e+00,6.514713e+00,7.163172e+00,6.018593e+00,6.669498e+00,5.164786e+00,6.878326e+00,6.806829e+00
6.447306e+00,6.270988e+00,7.023759e+00,6.084499e+00,6.812345e+00,6.597146e+00,6.161207e+00,6.969791e+00,7.154615e+00,7.408531e+00,6.175867e+00,7.037906e+00,6.542472e+00,7.156956e+00,6.052089e+00,6.594413e+00,5.170484e+00,6.854355e+00,6.806829e+00
6.447306e+00,6.272877e+00,7.023759e+00,6.084499e+00,6.785588e+00,6.629363e+00,6.028279e+00,6.991177e+00,7.173958e+00,7.404279e+00,6.175867e+00,6.639876e+00,6.610696e+00,7.142037e+00,5.940171e+00,6.580639e+00,5.170484e+00,6.775366e+00,6.806829e+00
6.569481e+00,6.272877e+00,7.023759e+00,6.084499e+00,6.746412e+00,6.673298e+00,5.953243e+00,7.018402e+00,7.148346e+00,7.403670e+00,6.175867e+00,6.526495e+00,6.741701e+00,7.138073e+00,5.820083e+00,6.486161e+00,5.170484e+00,6.907755e+00,6.806829e+00
6.679599e+00,6.204558e+00,7.054450e+00,6.084499e+00,6.746412e+00,6.673298e+00,5.902633e+00,7.023759e+00,7.158514e+00,7.301822e+00,6.023448e+00,6.436150e+00,6.776507e+00,7.143618e+00,5.820083e+00,6.269096e+00,5.170484e+00,6.910751e+00,6.791221e+00
6.669498e+00,6.251904e+00,7.041412e+00,6.118097e+00,6.746412e+00,6.673298e+00,5.743003e+00,6.963190e+00,7.247081e+00,7.315218e+00,6.028279e+00,6.028279e+00,6.777647e+00,7.134094e+00,5.820083e+00,6.154858e+00,5.252273e+00,6.923629e+00,6.791221e+00
6.685861e+00,6.095825e+00,7.092574e+00,6.150603e+00,6.744059e+00,6.675823e+00,5.056246e+00,7.097549e+00,7.244228e+00,7.250636e+00,6.025866e+00,5.755742e+00,6.884487e+00,7.127694e+00,5.686975e+00,6.154858e+00,5.283204e+00,7.111512e+00,6.791221e+00
6.699500e+00,5.616771e+00,7.224025e+00,6.150603e+00,6.744059e+00,6.675823e+00,5.056246e+00,7.097549e+00,7.244228e+00,7.211557e+00,5.398163e+00,5.690359e+00,6.889591e+00,7.172425e+00,5.690359e+00,6.198479e+00,5.303305e+00,7.121252e+00,6.678342e+00
6.752270e+00,5.429346e+00,7.257708e+00,6.142037e+00,6.748760e+00,6.673298e+00,5.068904e+00,7.097549e+00,7.228388e+00,7.172425e+00,5.420535e+00,5.613128e+00,6.889591e+00,7.207119e+00,5.472271e+00,6.315358e+00,5.493061e+00,7.192934e+00,6.641182e+00
6.800170e+00,5.424950e+00,7.177019e+00,6.267201e+00,6.804615e+00,6.660575e+00,4.499810e+00,7.160846e+00,7.198931e+00,7.167809e+00,5.420535e+00,5.680173e+00,6.859615e+00,7.132498e+00,5.472271e+00,6.375025e+00,5.493061e+00,7.192934e+00,6.579251e+00
6.800170e+00,5.416100e+00,7.123673e+00,6.343880e+00,6.835185e+00,6.625392e+00,4.762174e+00,7.147559e+00,7.211557e+00,7.113142e+00,5.298317e+00,5.680173e+00,6.744059e+00,7.064759e+00,5.472271e+00,6.447306e+00,5.493061e+00,7.193686e+00,6.548219e+00
6.738152e+00,5.509388e+00,7.148346e+00,6.282267e+00,6.853299e+00,6.648985e+00,4.762174e+00,7.133296e+00,7.186901e+00,7.126087e+00,5.505332e+00,5.673323e+00,6.469250e+00,7.004882e+00,5.509388e+00,6.478510e+00,5.700444e+00,7.230563e+00,6.548219e+00
6.572283e+00,5.874931e+00,7.015712e+00,6.472346e+00,6.752270e+00,6.834109e+00,4.762174e+00,7.053586e+00,7.201171e+00,7.059618e+00,5.556828e+00,5.673323e+00,6.467699e+00,6.973543e+00,5.509388e+00,6.432940e+00,6.006353e+00,7.230563e+00,6.439350e+00
6.331502e+00,6.218600e+00,6.999422e+00,6.251904e+00,6.908755e+00,6.842683e+00,4.762174e+00,7.023759e+00,7.226209e+00,7.012115e+00,5.743003e+00,5.638355e+00,6.463029e+00,6.940222e+00,5.459586e+00,6.523562e+00,6.122493e+00,7.217443e+00,6.326149e+00
6.326149e+00,6.224558e+00,6.974479e+00,6.300786e+00,6.909753e+00,6.740519e+00,5.337538e+00,6.964136e+00,7.262629e+00,7.124478e+00,5.673323e+00,5.541264e+00,6.347389e+00,6.940222e+00,5.459586e+00,6.473891e+00,6.475433e+00,7.216709e+00,6.317165e+00
6.326149e+00,6.224558e+00,6.946014e+00,6.352629e+00,6.910751e+00,6.723832e+00,5.402677e+00,6.928538e+00,7.261225e+00,7.151485e+00,6.040255e+00,5.631212e+00,6.530878e+00,6.933423e+00,5.459586e+00,6.356108e+00,6.535241e+00,7.163172e+00,6.317165e+00
6.326149e+00,6.222576e+00,6.941190e+00,6.342121e+00,6.900731e+00,6.749931e+00,5.402677e+00,6.920672e+00,7.225481e+00,7.162397e+00,6.543912e+00,5.799093e+00,6.570883e+00,6.648985e+00,5.459586e+00,6.356108e+00,6.620073e+00,7.079184e+00,6.146329e+00
6.284134e+00,6.267201e+00,6.934397e+00,6.354370e+00,6.899723e+00,6.580639e+00,5.874931e+00,6.834109e+00,7.273093e+00,7.074117e+00,6.704414e+00,5.837730e+00,6.464588e+00,6.577861e+00,5.459586e+00,6.401917e+00,6.786717e+00,7.063048e+00,6.124683e+00
6.284134e+00,6.267201e+00,6.932448e+00,6.357842e+00,6.852243e+00,6.632002e+00,5.897154e+00,6.769642e+00,7.280697e+00,7.131699e+00,6.741701e+00,5.872118e+00,6.467699e+00,6.504288e+00,5.459586e+00,6.411818e+00,6.820016e+00,7.059618e+00,5.703782e+00
6.282267e+00,6.253829e+00,6.803505e+00,6.563856e+00,6.501290e+00,6.946014e+00,5.897154e+00,6.768493e+00,7.232733e+00,7.141245e+00,6.745236e+00,5.739793e+00,6.467699e+00,6.504288e+00,5.393628e+00,6.391917e+00,6.787845e+00,7.059618e+00,5.407172e+00
6.282267e+00,6.244167e+00,6.806829e+00,6.566672e+00,6.308098e+00,7.052721e+00,5.897154e+00,6.768493e+00,7.193686e+00,7.130099e+00,6.745236e+00,5.686975e+00,6.459904e+00,6.504288e+00,5.010635e+00,6.272877e+00,6.830874e+00,6.985642e+00,5.293305e+00
6.282267e+00,6.244167e+00,6.710523e+00,6.677083e+00,6.291569e+00,7.060476e+00,5.866468e+00,6.781058e+00,7.177019e+00,7.128496e+00,6.761573e+00,5.579730e+00,6.624065e+00,6.583409e+00,4.762174e+00,6.265301e+00,6.896694e+00,6.921658e+00,5.659482e+00
6.282267e+00,6.244167e+00,6.664409e+00,6.661855e+00,6.378426e+00,6.742881e+00,6.501290e+00,6.668228e+00,7.197435e+00,7.147559e+00,6.887553e+00,5.669881e+00,6.692084e+00,6.591674e+00,4.454347e+00,6.270988e+00,6.902743e+00,6.902743e+00,5.983936e+00
6.285998e+00,6.173786e+00,6.708084e+00,6.656727e+00,6.311735e+00,6.726233e+00,6.519147e+00,6.658011e+00,7.192934e+00,7.148346e+00,7.039660e+00,5.945421e+00,6.725034e+00,6.418365e+00,4.454347e+00,6.196444e+00,7.102499e+00,6.897705e+00,6.139885e+00
6.285998e+00,6.173786e+00,6.708084e+00,6.613384e+00,6.263398e+00,6.709304e+00,6.617403e+00,6.645091e+00,7.195937e+00,7.122867e+00,7.035269e+00,5.950643e+00,6.818924e+00,6.487684e+00,5.252273e+00,6.154858e+00,7.406103e+00,6.896694e+00,6.001415e+00
6.313548e+00,6.171701e+00,6.293419e+00,6.927558e+00,6.126869e+00,6.791221e+00,6.597146e+00,6.665684e+00,7.141245e+00,7.112327e+00,7.031741e+00,5.950643e+00,6.897705e+00,6.308098e+00,5.517453e+00,6.144186e+00,7.460490e+00,6.932448e+00,6.240276e+00
6.335054e+00,6.142037e+00,6.315358e+00,6.929517e+00,6.120297e+00,6.794587e+00,6.597146e+00,6.633318e+00,7.141245e+00,7.053586e+00,7.031741e+00,5.953243e+00,6.895683e+00,6.329721e+00,5.802118e+00,6.144186e+00,7.520235e+00,6.931472e+00,6.297109e+00
6.200509e+00,6.282267e+00,6.313548e+00,6.931472e+00,6.120297e+00,6.794587e+00,6.597146e+00,6.620073e+00,7.144407e+00,6.952729e+00,7.037906e+00,5.953243e+00,6.897705e+00,6.499787e+00,6.272877e+00,5.874931e+00,7.549609e+00,6.896694e+00,6.336826e+00
6.206576e+00,6.202536e+00,6.393591e+00,6.931472e+00,6.120297e+00,6.794587e+00,6.597146e+00,6.617403e+00,7.057037e+00,6.805723e+00,7.054450e+00,5.966147e+00,6.957497e+00,6.484635e+00,6.329721e+00,5.874931e+00,7.588324e+00,6.896694e+00,6.336826e+00
6.304449e+00,6.238325e+00,6.423247e+00,6.931472e+00,6.084499e+00,6.812345e+00,6.597146e+00,6.613384e+00,6.858565e+00,6.869014e+00,7.183112e+00,5.973810e+00,7.045777e+00,6.472346e+00,6.329721e+00,5.877736e+00,7.588324e+00,6.896694e+00,6.336826e+00
6.230481e+00,6.311735e+00,6.423247e+00,6.931472e+00,6.084499e+00,6.812345e+00,6.597146e+00,6.613384e+00,6.824374e+00,6.822197e+00,7.298445e+00,6.177944e+00,7.083388e+00,6.298949e+00,6.329721e+00,5.902633e+00,7.594884e+00,6.777647e+00,6.338594e+00
6.206576e+00,6.415097e+00,6.423247e+00,6.931472e+00,6.084499e+00,6.812345e+00,6.597146e+00,6.613384e+00,6.766192e+00,6.784457e+00,7.351800e+00,6.246107e+00,7.090077e+00,6.295266e+00,6.326149e+00,6.302619e+00,7.597396e+00,6.747587e+00,6.354370e+00
6.411818e+00,6.447306e+00,6.270988e+00,7.023759e+00,6.084499e+00,6.812345e+00,6.597146e+00,6.161207e+00,6.969791e+00,6.749931e+00,7.388328e+00,6.259581e+00,7.074963e+00,6.295266e+00,6.285998e+00,6.426488e+00,7.605392e+00,6.732211e+00,6.354370e+00
6.637258e+00,6.447306e+00,6.272877e+00,7.023759e+00,6.084499e+00,6.785588e+00,6.629363e+00,6.028279e+00,6.991177e+00,6.767343e+00,7.390181e+00,6.259581e+00,7.057898e+00,6.306275e+00,6.285998e+00,6.565265e+00,7.640123e+00,6.684612e+00,6.354370e+00
6.523562e+00,6.569481e+00,6.272877e+00,7.023759e+00,6.084499e+00,6.746412e+00,6.673298e+00,5.953243e+00,7.018402e+00,6.767343e+00,7.393263e+00,6.240276e+00,6.964136e+00,6.248043e+00,6.295266e+00,6.624065e+00,7.670429e+00,6.496775e+00,6.354370e+00
6.393591e+00,6.679599e+00,6.204558e+00,7.054450e+00,6.084499e+00,6.746412e+00,6.673298e+00,5.902633e+00,7.023759e+00,6.768493e+00,7.397562e+00,6.238325e+00,6.947937e+00,6.238325e+00,6.304449e+00,6.685861e+00,7.750184e+00,6.492240e+00,6.354370e+00
6.366470e+00,6.669498e+00,6.251904e+00,7.041412e+00,6.118097e+00,6.746412e+00,6.673298e+00,5.743003e+00,6.963190e+00,6.852243e+00,7.398174e+00,6.238325e+00,6.955593e+00,6.232448e+00,6.304449e+00,6.695799e+00,7.743703e+00,6.472346e+00,6.354370e+00
6.343880e+00,6.685861e+00,6.095825e+00,7.092574e+00,6.150603e+00,6.744059e+00,6.675823e+00,5.056246e+00,7.097549e+00,6.844815e+00,7.391415e+00,6.297109e+00,6.994850e+00,6.190315e+00,6.263398e+00,6.709304e+00,7.756623e+00,6.079933e+00,6.354370e+00
6.324359e+00,6.699500e+00,5.616771e+00,7.224025e+00,6.150603e+00,6.744059e+00,6.675823e+00,5.056246e+00,7.097549e+00,6.854355e+00,7.377759e+00,6.380123e+00,7.063048e+00,6.124683e+00,6.261492e+00,6.684612e+00,7.796469e+00,5.894403e+00,6.354370e+00
6.242223e+00,6.752270e+00,5.429346e+00,7.257708e+00,6.142037e+00,6.748760e+00,6.673298e+00,5.068904e+00,7.097549e+00,7.044905e+00,7.421178e+00,6.450470e+00,7.122867e+00,6.016157e+00,6.261492e+00,6.605298e+00,7.796058e+00,5.446737e+00,6.388561e+00
6.156979e+00,6.800170e+00,5.424950e+00,7.177019e+00,6.267201e+00,6.804615e+00,6.660575e+00,4.499810e+00,7.160846e+00,7.237778e+00,7.421178e+00,6.415097e+00,7.199678e+00,5.998937e+00,6.261492e+00,6.558198e+00,7.847763e+00,5.451038e+00,6.429719e+00
6.156979e+00,6.800170e+00,5.416100e+00,7.123673e+00,6.343880e+00,6.835185e+00,6.625392e+00,4.762174e+00,7.147559e+00,7.202661e+00,7.433075e+00,6.415097e+00,7.215240e+00,5.998937e+00,6.263398e+00,6.499787e+00,7.908755e+00,5.620401e+00,6.429719e+00
6.156979e+00,6.738152e+00,5.509388e+00,7.148346e+00,6.282267e+00,6.853299e+00,6.648985e+00,4.762174e+00,7.133296e+00,7.122867e+00,7.403061e+00,6.442540e+00,7.237778e+00,5.998937e+00,6.257668e+00,6.461468e+00,7.895436e+00,5.645447e+00,6.429719e+00
6.156979e+00,6.572283e+00,5.874931e+00,7.015712e+00,6.472346e+00,6.752270e+00,6.834109e+00,4.762174e+00,7.053586e+00,7.107425e+00,7.419381e+00,6.499787e+00,7.237778e+00,5.998937e+00,6.257668e+00,6.487684e+00,7.845024e+00,5.676754e+00,6.444131e+00
6.156979e+00,6.331502e+00,6.218600e+00,6.999422e+00,6.251904e+00,6.908755e+00,6.842683e+00,4.762174e+00,7.023759e+00,7.108244e+00,7.387090e+00,6.522093e+00,7.231287e+00,5.998937e+00,6.274762e+00,6.419995e+00,7.821643e+00,5.765191e+00,6.486161e+00
6.156979e+00,6.326149e+00,6.224558e+00,6.974479e+00,6.300786e+00,6.909753e+00,6.740519e+00,5.337538e+00,6.964136e+00,7.006695e+00,7.379008e+00,6.514713e+00,7.181592e+00,5.998937e+00,6.308098e+00,6.525030e+00,7.741099e+00,6.142037e+00,6.579251e+00
6.156979e+00,6.326149e+00,6.224558e+00,6.946014e+00,6.352629e+00,6.910751e+00,6.723832e+00,5.402677e+00,6.928538e+00,6.975414e+00,7.280008e+00,6.453625e+00,7.076654e+00,5.998937e+00,6.308098e+00,6.566672e+00,7.718685e+00,6.628041e+00,6.579251e+00
6.156979e+00,6.326149e+00,6.222576e+00,6.941190e+00,6.342121e+00,6.900731e+00,6.749931e+00,5.402677e+00,6.920672e+00,6.962243e+00,7.054450e+00,6.378426e+00,7.034388e+00,5.998937e+00,6.309918e+00,6.616065e+00,7.709757e+00,6.846943e+00,6.579251e+00
6.156979e+00,6.284134e+00,6.267201e+00,6.934397e+00,6.354370e+00,6.899723e+00,6.580639e+00,5.874931e+00,6.834109e+00,6.927558e+00,6.944087e+00,6.366470e+00,7.039660e+00,5.857933e+00,6.309918e+00,6.579251e+00,7.665753e+00,6.908755e+00,6.579251e+00
6.156979e+00,6.284134e+00,6.267201e+00,6.932448e+00,6.357842e+00,6.852243e+00,6.632002e+00,5.897154e+00,6.769642e+00,6.800170e+00,6.913737e+00,6.376727e+00,7.040536e+00,5.857933e+00,6.309918e+00,6.566672e+00,7.676937e+00,6.918695e+00,6.579251e+00
6.228511e+00,6.282267e+00,6.253829e+00,6.803505e+00,6.563856e+00,6.501290e+00,6.946014e+00,5.897154e+00,6.768493e+00,6.781058e+00,6.908755e+00,6.383507e+00,7.063904e+00,5.857933e+00,6.309918e+00,6.568078e+00,7.659171e+00,6.918695e+00,6.579251e+00
6.248043e+00,6.282267e+00,6.244167e+00,6.806829e+00,6.566672e+00,6.308098e+00,7.052721e+00,5.897154e+00,6.768493e+00,6.766192e+00,6.908755e+00,6.380123e+00,7.124478e+00,5.857933e+00,6.309918e+00,6.563856e+00,7.619724e+00,6.913737e+00,6.549651e+00
6.248043e+00,6.282267e+00,6.244167e+00,6.710523e+00,6.677083e+00,6.291569e+00,7.060476e+00,5.866468e+00,6.781058e+00,6.769642e+00,6.889591e+00,6.408529e+00,7.023759e+00,5.686975e+00,6.309918e+00,6.563856e+00,7.588324e+00,6.917706e+00,6.415097e+00
6.248043e+00,6.282267e+00,6.244167e+00,6.664409e+00,6.661855e+00,6.378426e+00,6.742881e+00,6.501290e+00,6.668228e+00,6.746412e+00,6.762730e+00,6.366470e+00,7.056175e+00,5.752573e+00,6.302619e+00,6.694562e+00,7.585281e+00,6.958448e+00,6.216606e+00
6.333280e+00,6.285998e+00,6.173786e+00,6.708084e+00,6.656727e+00,6.311735e+00,6.726233e+00,6.519147e+00,6.658011e+00,6.760415e+00,6.558198e+00,6.194405e+00,7.113956e+00,5.963579e+00,6.302619e+00,6.693324e+00,7.480428e+00,6.945051e+00,5.934894e+00
6.373320e+00,6.285998e+00,6.173786e+00,6.708084e+00,6.613384e+00,6.263398e+00,6.709304e+00,6.617403e+00,6.645091e+00,6.766192e+00,6.558198e+00,6.188264e+00,7.037906e+00,5.771441e+00,6.059123e+00,6.712956e+00,7.206377e+00,6.929517e+00,5.826000e+00
6.350886e+00,6.313548e+00,6.171701e+00,6.293419e+00,6.927558e+00,6.126869e+00,6.791221e+00,6.597146e+00,6.665684e+00,6.860664e+00,6.577861e+00,6.188264e+00,6.928538e+00,5.765191e+00,5.877736e+00,6.748760e+00,7.135687e+00,6.892642e+00,5.411646e+00
6.349139e+00,6.335054e+00,6.142037e+00,6.315358e+00,6.929517e+00,6.120297e+00,6.794587e+00,6.597146e+00,6.633318e+00,6.943122e+00,6.588926e+00,6.186209e+00,6.928538e+00,5.846439e+00,5.616771e+00,7.234898e+00,7.049255e+00,6.903747e+00,5.267858e+00
6.476972e+00,6.200509e+00,6.282267e+00,6.313548e+00,6.931472e+00,6.120297e+00,6.794587e+00,6.597146e+00,6.620073e+00,7.024649e+00,6.577861e+00,6.186209e+00,6.926577e+00,5.497168e+00,4.356709e+00,7.319202e+00,7.026427e+00,6.907755e+00,5.147494e+00
6.552508e+00,6.206576e+00,6.202536e+00,6.393591e+00,6.931472e+00,6.120297e+00,6.794587e+00,6.597146e+00,6.617403e+00,7.080026e+00,6.538140e+00,6.186209e+00,6.869014e+00,5.513429e+00,3.951244e+00,7.329750e+00,6.963190e+00,6.966967e+00,5.147494e+00
6.476972e+00,6.304449e+00,6.238325e+00,6.423247e+00,6.931472e+00,6.084499e+00,6.812345e+00,6.597146e+00,6.613384e+00,7.066467e+00,6.234411e+00,6.272877e+00,6.765039e+00,5.513429e+00,3.951244e+00,7.504392e+00,7.009409e+00,6.973543e+00,5.147494e+00
6.642487e+00,6.230481e+00,6.311735e+00,6.423247e+00,6.931472e+00,6.084499e+00,6.812345e+00,6.597146e+00,6.613384e+00,7.090077e+00,5.831882e+00,6.265301e+00,6.712956e+00,5.521461e+00,4.290459e+00,7.560601e+00,7.050123e+00,6.981006e+00,5.141664e+00
6.655440e+00,6.206576e+00,6.415097e+00,6.423247e+00,6.931472e+00,6.084499e+00,6.812345e+00,6.597146e+00,6.613384e+00,7.094235e+00,5.560682e+00,6.159095e+00,6.703188e+00,5.533389e+00,4.290459e+00,7.474205e+00,7.133296e+00,6.989335e+00,5.087596e+00
6.464588e+00,6.411818e+00,6.447306e+00,6.270988e+00,7.023759e+00,6.084499e+00,6.812345e+00,6.597146e+00,6.161207e+00,7.087574e+00,5.293305e+00,6.284134e+00,6.701960e+00,5.533389e+00,4.290459e+00,7.565275e+00,7.133296e+00,6.999422e+00,5.087596e+00
6.188264e+00,6.637258e+00,6.447306e+00,6.272877e+00,7.023759e+00,6.084499e+00,6.785588e+00,6.629363e+00,6.028279e+00,7.074963e+00,5.648974e+00,6.284134e+00,6.665684e+00,5.509388e+00,4.290459e+00,7.627057e+00,7.077498e+00,7.026427e+00,5.087596e+00
6.188264e+00,6.523562e+00,6.569481e+00,6.272877e+00,7.023759e+00,6.084499e+00,6.746412e+00,6.673298e+00,5.953243e+00,7.074963e+00,5.680173e+00,6.284134e+00,6.665684e+00,5.351858e+00,4.219508e+00,7.612831e+00,7.029088e+00,7.026427e+00,5.087596e+00
6.194405e+00,6.393591e+00,6.679599e+00,6.204558e+00,7.054450e+00,6.084499e+00,6.746412e+00,6.673298e+00,5.902633e+00,7.074117e+00,5.655992e+00,6.284134e+00,6.648985e+00,5.342334e+00,4.143135e+00,7.588830e+00,6.857514e+00,7.026427e+00,5.087596e+00
6.196444e+00,6.366470e+00,6.669498e+00,6.251904e+00,7.041412e+00,6.118097e+00,6.746412e+00,6.673298e+00,5.743003e+00,6.957497e+00,5.631212e+00,6.284134e+00,6.637258e+00,5.342334e+00,4.143135e+00,7.592366e+00,6.864848e+00,7.026427e+00,5.087596e+00
6.196444e+00,6.343880e+00,6.685861e+00,6.095825e+00,7.092574e+00,6.150603e+00,6.744059e+00,6.675823e+00,5.056246e+00,6.943122e+00,5.686975e+00,6.224558e+00,6.432940e+00,5.342334e+00,4.812184e+00,7.612337e+00,6.901737e+00,7.026427e+00,5.087596e+00
6.196444e+00,6.324359e+00,6.699500e+00,5.616771e+00,7.224025e+00,6.150603e+00,6.744059e+00,6.675823e+00,5.056246e+00,6.995766e+00,5.686975e+00,6.126869e+00,6.291569e+00,5.187386e+00,4.820282e+00,7.611842e+00,6.901737e+00,7.026427e+00,5.093750e+00
6.204558e+00,6.242223e+00,6.752270e+00,5.429346e+00,7.257708e+00,6.142037e+00,6.748760e+00,6.673298e+00,5.068904e+00,6.906755e+00,5.389072e+00,6.082219e+00,6.148468e+00,5.220356e+00,4.820282e+00,7.618251e+00,6.875232e+00,7.026427e+00,5.181784e+00
6.293419e+00,6.156979e+00,6.800170e+00,5.424950e+00,7.177019e+00,6.267201e+00,6.804615e+00,6.660575e+00,4.499810e+00,6.732211e+00,5.389072e+00,6.148468e+00,5.910797e+00,5.429346e+00,4.820282e+00,7.618251e+00,6.732211e+00,7.025538e+00,5.147494e+00
6.302619e+00,6.156979e+00,6.800170e+00,5.416100e+00,7.123673e+00,6.343880e+00,6.835185e+00,6.625392e+00,4.762174e+00,6.810142e+00,5.393628e+00,6.251904e+00,5.852202e+00,5.429346e+00,4.812184e+00,7.618742e+00,6.543912e+00,6.991177e+00,5.147494e+00
6.383507e+00,6.156979e+00,6.738152e+00,5.509388e+00,7.148346e+00,6.282267e+00,6.853299e+00,6.648985e+00,4.762174e+00,6.862758e+00,5.513429e+00,6.308098e+00,5.768321e+00,5.429346e+00,4.762174e+00,7.618742e+00,6.513230e+00,6.938284e+00,5.147494e+00
6.408529e+00,6.156979e+00,6.572283e+00,5.874931e+00,7.015712e+00,6.472346e+00,6.752270e+00,6.834109e+00,4.762174e+00,6.892642e+00,5.707110e+00,6.242223e+00,5.768321e+00,5.429346e+00,4.804021e+00,7.604894e+00,6.517671e+00,6.929517e+00,5.093750e+00
6.768493e+00,6.156979e+00,6.331502e+00,6.218600e+00,6.999422e+00,6.251904e+00,6.908755e+00,6.842683e+00,4.762174e+00,6.894670e+00,5.710427e+00,6.144186e+00,5.768321e+00,5.429346e+00,4.727388e+00,7.599401e+00,6.523562e+00,6.902743e+00,5.231109e+00
6.829794e+00,6.156979e+00,6.326149e+00,6.224558e+00,6.974479e+00,6.300786e+00,6.909753e+00,6.740519e+00,5.337538e+00,6.858565e+00,5.963579e+00,6.144186e+00,5.768321e+00,5.505332e+00,4.795791e+00,7.584265e+00,6.523562e+00,6.744059e+00,4.919981e+00
6.887553e+00,6.156979e+00,6.326149e+00,6.224558e+00,6.946014e+00,6.352629e+00,6.910751e+00,6.723832e+00,5.402677e+00,6.858565e+00,5.963579e+00,6.146329e+00,5.768321e+00,5.556828e+00,4.820282e+00,7.596894e+00,6.523562e+00,6.287859e+00,5.407172e+00
6.919684e+00,6.156979e+00,6.326149e+00,6.222576e+00,6.941190e+00,6.342121e+00,6.900731e+00,6.749931e+00,5.402677e+00,7.042286e+00,6.018593e+00,6.135565e+00,5.768321e+00,5.940171e+00,5.693732e+00,7.596392e+00,6.439350e+00,5.783825e+00,5.488938e+00
7.100027e+00,6.156979e+00,6.284134e+00,6.267201e+00,6.934397e+00,6.354370e+00,6.899723e+00,6.580639e+00,5.874931e+00,7.044905e+00,6.070738e+00,6.122493e+00,5.746203e+00,6.287859e+00,5.717028e+00,7.611842e+00,6.373320e+00,5.549076e+00,5.749393e+00
7.103322e+00,6.156979e+00,6.284134e+00,6.267201e+00,6.932448e+00,6.357842e+00,6.852243e+00,6.632002e+00,5.897154e+00,7.044905e+00,6.093570e+00,6.079933e+00,5.730100e+00,6.440947e+00,5.730100e+00,7.610358e+00,6.274762e+00,5.509388e+00,5.749393e+00
7.074117e+00,6.228511e+00,6.282267e+00,6.253829e+00,6.803505e+00,6.563856e+00,6.501290e+00,6.946014e+00,5.897154e+00,7.044905e+00,6.236370e+00,6.073045e+00,5.638355e+00,6.455199e+00,5.730100e+00,7.707962e+00,6.274762e+00,5.509388e+00,5.921578e+00
7.065613e+00,6.248043e+00,6.282267e+00,6.244167e+00,6.806829e+00,6.566672e+00,6.308098e+00,7.052721e+00,5.897154e+00,7.053586e+00,6.366470e+00,6.084499e+00,5.337538e+00,6.455199e+00,5.866468e+00,7.727976e+00,6.274762e+00,5.497168e+00,5.983936e+00
7.065613e+00,6.248043e+00,6.282267e+00,6.244167e+00,6.710523e+00,6.677083e+00,6.291569e+00,7.060476e+00,5.866468e+00,7.050989e+00,6.369901e+00,6.054439e+00,5.318120e+00,6.466145e+00,5.934894e+00,7.749322e+00,6.274762e+00,5.545177e+00,6.006353e+00
7.099202e+00,6.248043e+00,6.282267e+00,6.244167e+00,6.664409e+00,6.661855e+00,6.378426e+00,6.742881e+00,6.501290e+00,7.039660e+00,6.551080e+00,6.124683e+00,4.736198e+00,6.672033e+00,6.280396e+00,7.705713e+00,6.274762e+00,5.365976e+00,6.006353e+00
7.150701e+00,6.333280e+00,6.285998e+00,6.173786e+00,6.708084e+00,6.656727e+00,6.311735e+00,6.726233e+00,6.519147e+00,7.028201e+00,6.565265e+00,6.236370e+00,2.890372e+00,6.563856e+00,6.343880e+00,7.739794e+00,6.228511e+00,5.407172e+00,5.981414e+00
7.231287e+00,6.373320e+00,6.285998e+00,6.173786e+00,6.708084e+00,6.613384e+00,6.263398e+00,6.709304e+00,6.617403e+00,7.023759e+00,6.565265e+00,6.364751e+00,2.397895e+00,6.575076e+00,6.583409e+00,7.751475e+00,6.216606e+00,5.463832e+00,5.963579e+00
7.229839e+00,6.350886e+00,6.313548e+00,6.171701e+00,6.293419e+00,6.927558e+00,6.126869e+00,6.791221e+00,6.597146e+00,6.957497e+00,6.545350e+00,6.461468e+00,2.995732e+00,6.594413e+00,6.583409e+00,7.745868e+00,6.216606e+00,5.613128e+00,5.963579e+00
7.257708e+00,6.349139e+00,6.335054e+00,6.142037e+00,6.315358e+00,6.929517e+00,6.120297e+00,6.794587e+00,6.597146e+00,6.887553e+00,6.533789e+00,6.579251e+00,3.784190e+00,6.539586e+00,6.583409e+00,7.483244e+00,6.269096e+00,5.480639e+00,5.963579e+00
7.268920e+00,6.476972e+00,6.200509e+00,6.282267e+00,6.313548e+00,6.931472e+00,6.120297e+00,6.794587e+00,6.597146e+00,6.828712e+00,6.530878e+00,6.597146e+00,3.784190e+00,6.555357e+00,6.584791e+00,7.447168e+00,6.240276e+00,5.480639e+00,5.963579e+00
7.245655e+00,6.552508e+00,6.206576e+00,6.202536e+00,6.393591e+00,6.931472e+00,6.120297e+00,6.794587e+00,6.597146e+00,6.755769e+00,6.587550e+00,6.610696e+00,3.688879e+00,6.741701e+00,6.577861e+00,7.457032e+00,6.276643e+00,5.187386e+00,5.963579e+00
7.292337e+00,6.476972e+00,6.304449e+00,6.238325e+00,6.423247e+00,6.931472e+00,6.084499e+00,6.812345e+00,6.597146e+00,6.705639e+00,6.625392e+00,6.545350e+00,3.637586e+00,7.029088e+00,6.577861e+00,7.288928e+00,6.177944e+00,5.147494e+00,5.963579e+00
7.307202e+00,6.642487e+00,6.230481e+00,6.311735e+00,6.423247e+00,6.931472e+00,6.084499e+00,6.812345e+00,6.597146e+00,6.612041e+00,6.625392e+00,6.415097e+00,3.637586e+00,7.126087e+00,6.597146e+00,7.212294e+00,6.047372e+00,5.159055e+00,5.963579e+00
7.284135e+00,6.655440e+00,6.206576e+00,6.415097e+00,6.423247e+00,6.931472e+00,6.084499e+00,6.812345e+00,6.597146e+00,6.561031e+00,6.625392e+00,6.336826e+00,3.637586e+00,7.126087e+00,6.597146e+00,7.185387e+00,5.768321e+00,5.241747e+00,5.963579e+00
7.277939e+00,6.464588e+00,6.411818e+00,6.447306e+00,6.270988e+00,7.023759e+00,6.084499e+00,6.812345e+00,6.597146e+00,6.591674e+00,6.738152e+00,6.202536e+00,4.077537e+00,7.126087e+00,6.599870e+00,6.984716e+00,5.860786e+00,5.181784e+00,5.963579e+00
7.277939e+00,6.188264e+00,6.637258e+00,6.447306e+00,6.272877e+00,7.023759e+00,6.084499e+00,6.785588e+00,6.629363e+00,6.645091e+00,6.693324e+00,6.302619e+00,4.094345e+00,7.126891e+00,6.621406e+00,6.773080e+00,5.857933e+00,4.997212e+00,5.963579e+00
7.277939e+00,6.188264e+00,6.523562e+00,6.569481e+00,6.272877e+00,7.023759e+00,6.084499e+00,6.746412e+00,6.673298e+00,6.645091e+00,6.677083e+00,6.403574e+00,4.110874e+00,7.126891e+00,6.621406e+00,6.840547e+00,5.966147e+00,4.997212e+00,6.008813e+00
7.275865e+00,6.194405e+00,6.393591e+00,6.679599e+00,6.204558e+00,7.054450e+00,6.084499e+00,6.746412e+00,6.673298e+00,6.709304e+00,6.839476e+00,6.526495e+00,4.382027e+00,7.169350e+00,6.621406e+00,6.885510e+00,6.089045e+00,4.997212e+00,6.008813e+00
7.275172e+00,6.196444e+00,6.366470e+00,6.669498e+00,6.251904e+00,7.041412e+00,6.118097e+00,6.746412e+00,6.673298e+00,6.799056e+00,6.842683e+00,6.612041e+00,5.638355e+00,7.186144e+00,6.621406e+00,6.870053e+00,6.073045e+00,4.997212e+00,6.008813e+00
7.275172e+00,6.196444e+00,6.343880e+00,6.685861e+00,6.095825e+00,7.092574e+00,6.150603e+00,6.744059e+00,6.675823e+00,6.773080e+00,6.825460e+00,6.634633e+00,5.774552e+00,7.195937e+00,6.538140e+00,6.877296e+00,5.891644e+00,4.997212e+00,6.023448e+00
7.292337e+00,6.196444e+00,6.324359e+00,6.699500e+00,5.616771e+00,7.224025e+00,6.150603e+00,6.744059e+00,6.675823e+00,6.712956e+00,6.825460e+00,6.634633e+00,5.897154e+00,7.195937e+00,6.536692e+00,6.901737e+00,5.583496e+00,5.003946e+00,6.033086e+00
7.299121e+00,6.204558e+00,6.242223e+00,6.752270e+00,5.429346e+00,7.257708e+00,6.142037e+00,6.748760e+00,6.673298e+00,6.624065e+00,6.824374e+00,6.613384e+00,6.206576e+00,7.191429e+00,6.546785e+00,6.888572e+00,5.533389e+00,5.003946e+00,5.945421e+00
7.267525e+00,6.293419e+00,6.156979e+00,6.800170e+00,5.424950e+00,7.177019e+00,6.267201e+00,6.804615e+00,6.660575e+00,6.588926e+00,6.843750e+00,6.612041e+00,6.437752e+00,7.145196e+00,6.546785e+00,6.910751e+00,5.645447e+00,5.003946e+00,5.894403e+00
7.264030e+00,6.302619e+00,6.156979e+00,6.800170e+00,5.416100e+00,7.123673e+00,6.343880e+00,6.835185e+00,6.625392e+00,6.507278e+00,6.820016e+00,6.561031e+00,6.437752e+00,7.145196e+00,6.546785e+00,6.905753e+00,5.583496e+00,4.962845e+00,5.894403e+00
7.231287e+00,6.383507e+00,6.156979e+00,6.738152e+00,5.509388e+00,7.148346e+00,6.282267e+00,6.853299e+00,6.648985e+00,6.504288e+00,6.791221e+00,6.542472e+00,6.429719e+00,7.145196e+00,6.546785e+00,6.905753e+00,5.583496e+00,4.955827e+00,5.934894e+00
7.220374e+00,6.408529e+00,6.156979e+00,6.572283e+00,5.874931e+00,7.015712e+00,6.472346e+00,6.752270e+00,6.834109e+00,6.562444e+00,6.680855e+00,6.539586e+00,6.437752e+00,7.145196e+00,6.539586e+00,6.886532e+00,5.572154e+00,4.955827e+00,5.948035e+00
7.007601e+00,6.768493e+00,6.156979e+00,6.331502e+00,6.218600e+00,6.999422e+00,6.251904e+00,6.908755e+00,6.842683e+00,6.630683e+00,6.675823e+00,6.538140e+00,6.439350e+00,7.145196e+00,6.539586e+00,6.881411e+00,5.594711e+00,4.955827e+00,6.063785e+00
6.956545e+00,6.829794e+00,6.156979e+00,6.326149e+00,6.224558e+00,6.974479e+00,6.300786e+00,6.909753e+00,6.740519e+00,6.659294e+00,6.559615e+00,6.538140e+00,6.442540e+00,7.130899e+00,6.501290e+00,6.839476e+00,5.697093e+00,4.955827e+00,6.267201e+00
6.994850e+00,6.887553e+00,6.156979e+00,6.326149e+00,6.224558e+00,6.946014e+00,6.352629e+00,6.910751e+00,6.723832e+00,6.746412e+00,6.590301e+00,6.536692e+00,6.444131e+00,7.133296e+00,6.496775e+00,6.777647e+00,5.697093e+00,4.955827e+00,6.098074e+00
6.965080e+00,6.919684e+00,6.156979e+00,6.326149e+00,6.222576e+00,6.941190e+00,6.342121e+00,6.900731e+00,6.749931e+00,6.575076e+00,6.559615e+00,6.536692e+00,6.447306e+00,7.032624e+00,6.192362e+00,6.788972e+00,5.886104e+00,4.955827e+00,6.257668e+00
6.755769e+00,7.100027e+00,6.156979e+00,6.284134e+00,6.267201e+00,6.934397e+00,6.354370e+00,6.899723e+00,6.580639e+00,6.583409e+00,6.527958e+00,6.536692e+00,6.447306e+00,6.882437e+00,6.177944e+00,6.784457e+00,5.902633e+00,4.955827e+00,6.109248e+00
6.751101e+00,7.103322e+00,6.156979e+00,6.284134e+00,6.267201e+00,6.932448e+00,6.357842e+00,6.852243e+00,6.632002e+00,6.677083e+00,6.514713e+00,6.536692e+00,6.447306e+00,6.786717e+00,6.169611e+00,6.953684e+00,5.948035e+00,5.023881e+00,6.109248e+00
6.993015e+00,7.074117e+00,6.228511e+00,6.282267e+00,6.253829e+00,6.803505e+00,6.563856e+00,6.501290e+00,6.946014e+00,6.708084e+00,6.413459e+00,6.565265e+00,6.447306e+00,6.782192e+00,6.169611e+00,6.858565e+00,6.054439e+00,5.023881e+00,5.968708e+00
7.127694e+00,7.065613e+00,6.248043e+00,6.282267e+00,6.244167e+00,6.806829e+00,6.566672e+00,6.308098e+00,7.052721e+00,6.703188e+00,6.289716e+00,6.565265e+00,6.447306e+00,6.829794e+00,6.070738e+00,6.919684e+00,6.265301e+00,5.023881e+00,5.905362e+00
7.207119e+00,7.065613e+00,6.248043e+00,6.282267e+00,6.244167e+00,6.710523e+00,6.677083e+00,6.291569e+00,7.060476e+00,6.827629e+00,6.285998e+00,6.562444e+00,6.448889e+00,6.830874e+00,6.047372e+00,6.876265e+00,6.265301e+00,4.912655e+00,5.886104e+00
7.221105e+00,7.099202e+00,6.248043e+00,6.282267e+00,6.244167e+00,6.664409e+00,6.661855e+00,6.378426e+00,6.742881e+00,7.034388e+00,6.040255e+00,6.558198e+00,6.453625e+00,6.624065e+00,5.826000e+00,6.874198e+00,6.366470e+00,4.990433e+00,5.888878e+00
7.138867e+00,7.150701e+00,6.333280e+00,6.285998e+00,6.173786e+00,6.708084e+00,6.656727e+00,6.311735e+00,6.726233e+00,7.062192e+00,6.013715e+00,6.539586e+00,6.453625e+00,6.617403e+00,5.843544e+00,6.791221e+00,6.386879e+00,5.081404e+00,6.120297e+00
7.029973e+00,7.231287e+00,6.373320e+00,6.285998e+00,6.173786e+00,6.708084e+00,6.613384e+00,6.263398e+00,6.709304e+00,7.105786e+00,6.016157e+00,6.473891e+00,6.484635e+00,6.632002e+00,5.323010e+00,6.733402e+00,6.395262e+00,5.043425e+00,6.369901e+00
7.029973e+00,7.229839e+00,6.350886e+00,6.313548e+00,6.171701e+00,6.293419e+00,6.927558e+00,6.126869e+00,6.791221e+00,7.154615e+00,6.184149e+00,6.378426e+00,6.470800e+00,6.613384e+00,5.323010e+00,6.712956e+00,6.429719e+00,4.727388e+00,6.424869e+00
6.984716e+00,7.257708e+00,6.349139e+00,6.335054e+00,6.142037e+00,6.315358e+00,6.929517e+00,6.120297e+00,6.794587e+00,7.173958e+00,6.333280e+00,6.263398e+00,6.432940e+00,6.629363e+00,5.323010e+00,6.749931e+00,6.458338e+00,4.644391e+00,6.424869e+00
6.893656e+00,7.268920e+00,6.476972e+00,6.200509e+00,6.282267e+00,6.313548e+00,6.931472e+00,6.120297e+00,6.794587e+00,7.148346e+00,6.349139e+00,6.289716e+00,6.440947e+00,6.612041e+00,5.476464e+00,6.692084e+00,6.439350e+00,4.672829e+00,6.458338e+00
6.866933e+00,7.245655e+00,6.552508e+00,6.206576e+00,6.202536e+00,6.393591e+00,6.931472e+00,6.120297e+00,6.794587e+00,7.158514e+00,6.318968e+00,6.297109e+00,6.444131e+00,6.390241e+00,5.480639e+00,6.726233e+00,6.398595e+00,4.672829e+00,6.461468e+00
6.753438e+00,7.292337e+00,6.476972e+00,6.304449e+00,6.238325e+00,6.423247e+00,6.931472e+00,6.084499e+00,6.812345e+00,7.247081e+00,6.267201e+00,6.455199e+00,6.444131e+00,5.849325e+00,5.480639e+00,6.726233e+00,6.419995e+00,4.672829e+00,6.476972e+00
6.576470e+00,7.307202e+00,6.642487e+00,6.230481e+00,6.311735e+00,6.423247e+00,6.931472e+00,6.084499e+00,6.812345e+00,7.244228e+00,6.484635e+00,6.455199e+00,6.444131e+00,5.446737e+00,5.411646e+00,6.755769e+00,6.421622e+00,4.574711e+00,6.495266e+00
6.542472e+00,7.284135e+00,6.655440e+00,6.206576e+00,6.415097e+00,6.423247e+00,6.931472e+00,6.084499e+00,6.812345e+00,7.244228e+00,6.577861e+00,6.455199e+00,6.444131e+00,5.433722e+00,5.463832e+00,6.755769e+00,6.418365e+00,4.290459e+00,6.508769e+00
6.541030e+00,7.277939e+00,6.464588e+00,6.411818e+00,6.447306e+00,6.270988e+00,7.023759e+00,6.084499e+00,6.812345e+00,7.228388e+00,6.469250e+00,6.455199e+00,6.410175e+00,5.433722e+00,5.455321e+00,6.822197e+00,6.467699e+00,4.290459e+00,6.508769e+00
6.541030e+00,7.277939e+00,6.188264e+00,6.637258e+00,6.447306e+00,6.272877e+00,7.023759e+00,6.084499e+00,6.785588e+00,7.198931e+00,6.393591e+00,6.369901e+00,6.408529e+00,5.429346e+00,5.384495e+00,6.813445e+00,6.610696e+00,4.644391e+00,6.508769e+00
6.541030e+00,7.277939e+00,6.188264e+00,6.523562e+00,6.569481e+00,6.272877e+00,7.023759e+00,6.084499e+00,6.746412e+00,7.211557e+00,6.391917e+00,6.278521e+00,6.476972e+00,5.429346e+00,5.384495e+00,6.727432e+00,6.598509e+00,4.644391e+00,6.532334e+00
6.541030e+00,7.275865e+00,6.194405e+00,6.393591e+00,6.679599e+00,6.204558e+00,7.054450e+00,6.084499e+00,6.746412e+00,7.186901e+00,6.200509e+00,6.159095e+00,6.796824e+00,5.176150e+00,5.384495e+00,6.674561e+00,6.526495e+00,4.644391e+00,6.532334e+00
6.541030e+00,7.275172e+00,6.196444e+00,6.366470e+00,6.669498e+00,6.251904e+00,7.041412e+00,6.118097e+00,6.746412e+00,7.201171e+00,6.220590e+00,6.023448e+00,6.695799e+00,5.062595e+00,5.433722e+00,6.674561e+00,6.637258e+00,5.117994e+00,6.532334e+00
6.541030e+00,7.275172e+00,6.196444e+00,6.343880e+00,6.685861e+00,6.095825e+00,7.092574e+00,6.150603e+00,6.744059e+00,7.226209e+00,6.263398e+00,5.981414e+00,6.684612e+00,5.043425e+00,5.433722e+00,6.598509e+00,6.665684e+00,5.356586e+00,6.523562e+00
6.504288e+00,7.292337e+00,6.196444e+00,6.324359e+00,6.699500e+00,5.616771e+00,7.224025e+00,6.150603e+00,6.744059e+00,7.262629e+00,6.263398e+00,5.996452e+00,6.793466e+00,5.159055e+00,5.433722e+00,6.566672e+00,6.668228e+00,5.416100e+00,6.516193e+00
6.483107e+00,7.299121e+00,6.204558e+00,6.242223e+00,6.752270e+00,5.429346e+00,7.257708e+00,6.142037e+00,6.748760e+00,7.261225e+00,6.263398e+00,6.135565e+00,6.752270e+00,5.159055e+00,5.402677e+00,6.566672e+00,6.669498e+00,5.416100e+00,6.516193e+00
6.483107e+00,7.267525e+00,6.293419e+00,6.156979e+00,6.800170e+00,5.424950e+00,7.177019e+00,6.267201e+00,6.804615e+00,7.225481e+00,6.228511e+00,6.070738e+00,6.591674e+00,5.159055e+00,5.402677e+00,6.535241e+00,6.666957e+00,5.416100e+00,6.516193e+00
6.483107e+00,7.264030e+00,6.302619e+00,6.156979e+00,6.800170e+00,5.416100e+00,7.123673e+00,6.343880e+00,6.835185e+00,7.273093e+00,6.226537e+00,6.037871e+00,6.661855e+00,5.159055e+00,5.402677e+00,6.535241e+00,6.825460e+00,5.424950e+00,6.516193e+00
6.483107e+00,7.231287e+00,6.383507e+00,6.156979e+00,6.738152e+00,5.509388e+00,7.148346e+00,6.282267e+00,6.853299e+00,7.280697e+00,6.222576e+00,5.942799e+00,6.700731e+00,5.159055e+00,5.402677e+00,6.594413e+00,6.836259e+00,5.424950e+00,6.493754e+00
6.483107e+00,7.220374e+00,6.408529e+00,6.156979e+00,6.572283e+00,5.874931e+00,7.015712e+00,6.472346e+00,6.752270e+00,7.232733e+00,6.336826e+00,5.978886e+00,6.700731e+00,5.159055e+00,5.429346e+00,6.594413e+00,6.903747e+00,5.645447e+00,6.486161e+00
6.481577e+00,7.007601e+00,6.768493e+00,6.156979e+00,6.331502e+00,6.218600e+00,6.999422e+00,6.251904e+00,6.908755e+00,7.193686e+00,6.388561e+00,6.236370e+00,6.703188e+00,5.159055e+00,5.480639e+00,6.594413e+00,6.899723e+00,5.857933e+00,6.326149e+00
6.481577e+00,6.956545e+00,6.829794e+00,6.156979e+00,6.326149e+00,6.224558e+00,6.974479e+00,6.300786e+00,6.909753e+00,7.177019e+00,6.478510e+00,6.318968e+00,6.700731e+00,5.159055e+00,5.480639e+00,6.594413e+00,6.890609e+00,5.872118e+00,6.122493e+00
6.371612e+00,6.994850e+00,6.887553e+00,6.156979e+00,6.326149e+00,6.224558e+00,6.946014e+00,6.352629e+00,6.910751e+00,7.197435e+00,6.511745e+00,6.651572e+00,6.703188e+00,5.068904e+00,5.480639e+00,6.594413e+00,6.890609e+00,5.902633e+00,6.137727e+00
6.470800e+00,6.965080e+00,6.919684e+00,6.156979e+00,6.326149e+00,6.222576e+00,6.941190e+00,6.342121e+00,6.900731e+00,7.192934e+00,6.565265e+00,6.668228e+00,6.830874e+00,5.062595e+00,5.480639e+00,6.584791e+00,6.825460e+00,5.902633e+00,6.079933e+00
6.559615e+00,6.755769e+00,7.100027e+00,6.156979e+00,6.284134e+00,6.267201e+00,6.934397e+00,6.354370e+00,6.899723e+00,7.195937e+00,6.659294e+00,6.668228e+00,6.831954e+00,5.062595e+00,5.480639e+00,6.551080e+00,6.817831e+00,5.902633e+00,6.079933e+00
6.562444e+00,6.751101e+00,7.103322e+00,6.156979e+00,6.284134e+00,6.267201e+00,6.932448e+00,6.357842e+00,6.852243e+00,7.141245e+00,6.660575e+00,6.668228e+00,6.882437e+00,5.062595e+00,5.480639e+00,6.411818e+00,6.799056e+00,5.874931e+00,6.142037e+00
6.272877e+00,6.993015e+00,7.074117e+00,6.228511e+00,6.282267e+00,6.253829e+00,6.803505e+00,6.563856e+00,6.501290e+00,7.141245e+00,6.656727e+00,6.642487e+00,6.948897e+00,5.030438e+00,5.480639e+00,6.526495e+00,6.749931e+00,5.880533e+00,6.196444e+00
6.070738e+00,7.127694e+00,7.065613e+00,6.248043e+00,6.282267e+00,6.244167e+00,6.806829e+00,6.566672e+00,6.308098e+00,7.144407e+00,6.660575e+00,6.635947e+00,6.948897e+00,4.700480e+00,5.480639e+00,6.520621e+00,6.625392e+00,5.880533e+00,6.222576e+00
5.799093e+00,7.207119e+00,7.065613e+00,6.248043e+00,6.282267e+00,6.244167e+00,6.710523e+00,6.677083e+00,6.291569e+00,7.057037e+00,6.660575e+00,6.664409e+00,7.020191e+00,4.624973e+00,5.416100e+00,6.577861e+00,6.625392e+00,5.880533e+00,6.218600e+00
5.602119e+00,7.221105e+00,7.099202e+00,6.248043e+00,6.282267e+00,6.244167e+00,6.664409e+00,6.661855e+00,6.378426e+00,6.858565e+00,6.661855e+00,6.670766e+00,7.023759e+00,4.624973e+00,5.030438e+00,6.573680e+00,6.548219e+00,5.849325e+00,6.216606e+00
5.587249e+00,7.138867e+00,7.150701e+00,6.333280e+00,6.285998e+00,6.173786e+00,6.708084e+00,6.656727e+00,6.311735e+00,6.824374e+00,6.661855e+00,6.650279e+00,7.023759e+00,4.624973e+00,4.718499e+00,6.573680e+00,6.530878e+00,5.758902e+00,6.008813e+00
5.587249e+00,7.029973e+00,7.231287e+00,6.373320e+00,6.285998e+00,6.173786e+00,6.708084e+00,6.613384e+00,6.263398e+00,6.766192e+00,6.756932e+00,6.650279e+00,7.005789e+00,4.418841e+00,4.663439e+00,6.573680e+00,6.523562e+00,5.736572e+00,5.690359e+00
5.587249e+00,7.029973e+00,7.229839e+00,6.350886e+00,6.313548e+00,6.171701e+00,6.293419e+00,6.927558e+00,6.126869e+00,6.969791e+00,6.665684e+00,6.650279e+00,7.007601e+00,4.418841e+00,4.700480e+00,6.573680e+00,6.583409e+00,5.736572e+00,5.572154e+00
5.587249e+00,6.984716e+00,7.257708e+00,6.349139e+00,6.335054e+00,6.142037e+00,6.315358e+00,6.929517e+00,6.120297e+00,6.991177e+00,6.561031e+00,6.629363e+00,7.015712e+00,4.584967e+00,4.700480e+00,6.613384e+00,6.525030e+00,5.736572e+00,5.602119e+00
5.686975e+00,6.893656e+00,7.268920e+00,6.476972e+00,6.200509e+00,6.282267e+00,6.313548e+00,6.931472e+00,6.120297e+00,7.018402e+00,6.548219e+00,6.594413e+00,7.126891e+00,5.273000e+00,4.290459e+00,6.648985e+00,6.520621e+00,5.707110e+00,5.521461e+00
5.793014e+00,6.866933e+00,7.245655e+00,6.552508e+00,6.206576e+00,6.202536e+00,6.393591e+00,6.931472e+00,6.120297e+00,7.023759e+00,6.514713e+00,6.568078e+00,7.233455e+00,5.488938e+00,4.276666e+00,6.566672e+00,6.541030e+00,5.707110e+00,5.590987e+00
5.973810e+00,6.753438e+00,7.292337e+00,6.476972e+00,6.304449e+00,6.238325e+00,6.423247e+00,6.931472e+00,6.084499e+00,6.963190e+00,6.514713e+00,6.428105e+00,7.260523e+00,5.393628e+00,4.382027e+00,6.532334e+00,6.522093e+00,5.707110e+00,5.641907e+00
6.003887e+00,6.576470e+00,7.307202e+00,6.642487e+00,6.230481e+00,6.311735e+00,6.423247e+00,6.931472e+00,6.084499e+00,7.097549e+00,6.329721e+00,6.428105e+00,7.260523e+00,5.433722e+00,4.110874e+00,6.562444e+00,6.520621e+00,5.707110e+00,5.648974e+00
6.063785e+00,6.542472e+00,7.284135e+00,6.655440e+00,6.206576e+00,6.415097e+00,6.423247e+00,6.931472e+00,6.084499e+00,7.097549e+00,6.208590e+00,6.428105e+00,7.260523e+00,5.433722e+00,3.891820e+00,6.587550e+00,6.520621e+00,5.752573e+00,5.616771e+00
6.142037e+00,6.541030e+00,7.277939e+00,6.464588e+00,6.411818e+00,6.447306e+00,6.270988e+00,7.023759e+00,6.084499e+00,7.097549e+00,6.156979e+00,6.529419e+00,7.279319e+00,5.433722e+00,3.970292e+00,6.502790e+00,6.396930e+00,5.765191e+00,5.799093e+00
6.144186e+00,6.541030e+00,7.277939e+00,6.188264e+00,6.637258e+00,6.447306e+00,6.272877e+00,7.023759e+00,6.084499e+00,7.160846e+00,6.148468e+00,6.529419e+00,7.325808e+00,5.433722e+00,5.075174e+00,6.501290e+00,6.212606e+00,5.662960e+00,5.799093e+00
6.210600e+00,6.541030e+00,7.277939e+00,6.188264e+00,6.523562e+00,6.569481e+00,6.272877e+00,7.023759e+00,6.084499e+00,7.147559e+00,6.249975e+00,6.519147e+00,7.296413e+00,5.433722e+00,5.209486e+00,6.501290e+00,6.131226e+00,5.662960e+00,5.690359e+00
6.620073e+00,6.541030e+00,7.275865e+00,6.194405e+00,6.393591e+00,6.679599e+00,6.204558e+00,7.054450e+00,6.084499e+00,7.133296e+00,6.177944e+00,6.493754e+00,7.099202e+00,5.424950e+00,5.209486e+00,6.501290e+00,6.259581e+00,5.662960e+00,5.690359e+00
6.695799e+00,6.541030e+00,7.275172e+00,6.196444e+00,6.366470e+00,6.669498e+00,6.251904e+00,7.041412e+00,6.118097e+00,7.053586e+00,6.226537e+00,6.496775e+00,7.000334e+00,6.056784e+00,5.147494e+00,6.501290e+00,6.115892e+00,5.416100e+00,5.690359e+00
6.706862e+00,6.541030e+00,7.275172e+00,6.196444e+00,6.343880e+00,6.685861e+00,6.095825e+00,7.092574e+00,6.150603e+00,7.023759e+00,6.295266e+00,6.504288e+00,6.974479e+00,6.248043e+00,5.176150e+00,6.501290e+00,6.177944e+00,5.283204e+00,5.690359e+00
6.706862e+00,6.504288e+00,7.292337e+00,6.196444e+00,6.324359e+00,6.699500e+00,5.616771e+00,7.224025e+00,6.150603e+00,6.964136e+00,6.302619e+00,6.541030e+00,6.842683e+00,6.246107e+00,5.332719e+00,6.499787e+00,6.167516e+00,5.620401e+00,5.690359e+00
6.706862e+00,6.483107e+00,7.299121e+00,6.204558e+00,6.242223e+00,6.752270e+00,5.429346e+00,7.257708e+00,6.142037e+00,6.928538e+00,6.311735e+00,6.439350e+00,6.734592e+00,6.248043e+00,5.332719e+00,6.499787e+00,6.280396e+00,5.697093e+00,5.690359e+00
6.706862e+00,6.483107e+00,7.267525e+00,6.293419e+00,6.156979e+00,6.800170e+00,5.424950e+00,7.177019e+00,6.267201e+00,6.920672e+00,6.311735e+00,6.439350e+00,6.732211e+00,6.375025e+00,5.332719e+00,6.499787e+00,6.226537e+00,5.777652e+00,5.752573e+00
6.706862e+00,6.483107e+00,7.264030e+00,6.302619e+00,6.156979e+00,6.800170e+00,5.416100e+00,7.123673e+00,6.343880e+00,6.834109e+00,6.311735e+00,6.514713e+00,6.666957e+00,6.424869e+00,5.332719e+00,6.499787e+00,5.916202e+00,5.771441e+00,5.758902e+00
6.709304e+00,6.483107e+00,7.231287e+00,6.383507e+00,6.156979e+00,6.738152e+00,5.509388e+00,7.148346e+00,6.282267e+00,6.769642e+00,6.317165e+00,6.523562e+00,6.626718e+00,6.458338e+00,5.332719e+00,6.434547e+00,5.888878e+00,5.814131e+00,6.329721e+00
6.709304e+00,6.483107e+00,7.220374e+00,6.408529e+00,6.156979e+00,6.572283e+00,5.874931e+00,7.015712e+00,6.472346e+00,6.768493e+00,6.361302e+00,6.511745e+00,6.620073e+00,6.481577e+00,5.303305e+00,6.434547e+00,5.693732e+00,6.398595e+00,6.329721e+00
6.725034e+00,6.481577e+00,7.007601e+00,6.768493e+00,6.156979e+00,6.331502e+00,6.218600e+00,6.999422e+00,6.251904e+00,6.768493e+00,6.309918e+00,6.388561e+00,6.616065e+00,6.481577e+00,5.241747e+00,6.434547e+00,5.693732e+00,6.813445e+00,6.327937e+00
6.767343e+00,6.481577e+00,6.956545e+00,6.829794e+00,6.156979e+00,6.326149e+00,6.224558e+00,6.974479e+00,6.300786e+00,6.781058e+00,6.202536e+00,6.311735e+00,6.616065e+00,6.481577e+00,5.241747e+00,6.434547e+00,5.796058e+00,6.825460e+00,6.313548e+00
6.734592e+00,6.371612e+00,6.994850e+00,6.887553e+00,6.156979e+00,6.326149e+00,6.224558e+00,6.946014e+00,6.352629e+00,6.668228e+00,6.109248e+00,5.805135e+00,6.612041e+00,6.519147e+00,5.247024e+00,6.434547e+00,5.796058e+00,6.821107e+00,6.293419e+00
6.659294e+00,6.470800e+00,6.965080e+00,6.919684e+00,6.156979e+00,6.326149e+00,6.222576e+00,6.941190e+00,6.342121e+00,6.658011e+00,6.082219e+00,5.765191e+00,6.447306e+00,6.565265e+00,5.356586e+00,6.481577e+00,5.796058e+00,6.821107e+00,6.154858e+00
6.579251e+00,6.559615e+00,6.755769e+00,7.100027e+00,6.156979e+00,6.284134e+00,6.267201e+00,6.934397e+00,6.354370e+00,6.645091e+00,5.963579e+00,5.789960e+00,6.445720e+00,6.565265e+00,5.796058e+00,6.629363e+00,5.796058e+00,6.821107e+00,6.154858e+00
6.717805e+00,6.562444e+00,6.751101e+00,7.103322e+00,6.156979e+00,6.284134e+00,6.267201e+00,6.932448e+00,6.357842e+00,6.665684e+00,6.013715e+00,5.908083e+00,6.366470e+00,6.744059e+00,6.063785e+00,6.692084e+00,5.891644e+00,6.863803e+00,6.093570e+00
6.647688e+00,6.272877e+00,6.993015e+00,7.074117e+00,6.228511e+00,6.282267e+00,6.253829e+00,6.803505e+00,6.563856e+00,6.633318e+00,6.159095e+00,5.910797e+00,6.244167e+00,6.746412e+00,6.204558e+00,6.431331e+00,5.910797e+00,6.861711e+00,6.033086e+00
6.566672e+00,6.070738e+00,7.127694e+00,7.065613e+00,6.248043e+00,6.282267e+00,6.244167e+00,6.806829e+00,6.566672e+00,6.620073e+00,6.152733e+00,5.905362e+00,6.244167e+00,6.831954e+00,6.204558e+00,6.253829e+00,6.139885e+00,6.950815e+00,6.001415e+00
6.566672e+00,5.799093e+00,7.207119e+00,7.065613e+00,6.248043e+00,6.282267e+00,6.244167e+00,6.710523e+00,6.677083e+00,6.617403e+00,6.381816e+00,5.837730e+00,6.079933e+00,6.960348e+00,6.210600e+00,6.161207e+00,6.357842e+00,6.952729e+00,6.001415e+00
6.588926e+00,5.602119e+00,7.221105e+00,7.099202e+00,6.248043e+00,6.282267e+00,6.244167e+00,6.664409e+00,6.661855e+00,6.613384e+00,6.386879e+00,5.739793e+00,6.063785e+00,6.960348e+00,6.269096e+00,6.159095e+00,6.368187e+00,6.952729e+00,6.001415e+00
6.605298e+00,5.587249e+00,7.138867e+00,7.150701e+00,6.333280e+00,6.285998e+00,6.173786e+00,6.708084e+00,6.656727e+00,6.613384e+00,6.386879e+00,5.655992e+00,6.063785e+00,6.960348e+00,6.274762e+00,6.159095e+00,6.548219e+00,6.947937e+00,6.001415e+00
6.613384e+00,5.587249e+00,7.029973e+00,7.231287e+00,6.373320e+00,6.285998e+00,6.173786e+00,6.708084e+00,6.613384e+00,6.613384e+00,6.259581e+00,5.560682e+00,6.063785e+00,6.960348e+00,6.259581e+00,6.159095e+00,6.576470e+00,6.947937e+00,5.955837e+00
6.628041e+00,5.587249e+00,7.029973e+00,7.229839e+00,6.350886e+00,6.313548e+00,6.171701e+00,6.293419e+00,6.927558e+00,6.161207e+00,6.322565e+00,5.560682e+00,6.104793e+00,6.960348e+00,6.342121e+00,6.232448e+00,6.484635e+00,6.947937e+00,6.001415e+00
6.642487e+00,5.587249e+00,6.984716e+00,7.257708e+00,6.349139e+00,6.335054e+00,6.142037e+00,6.315358e+00,6.929517e+00,6.028279e+00,6.380123e+00,5.560682e+00,6.118097e+00,6.934397e+00,6.463029e+00,6.107023e+00,6.510258e+00,7.029973e+00,6.322565e+00
6.605298e+00,5.686975e+00,6.893656e+00,7.268920e+00,6.476972e+00,6.200509e+00,6.282267e+00,6.313548e+00,6.931472e+00,5.953243e+00,6.381816e+00,5.556828e+00,5.910797e+00,6.835185e+00,6.569481e+00,6.042633e+00,6.513230e+00,7.084226e+00,6.322565e+00
6.566672e+00,5.793014e+00,6.866933e+00,7.245655e+00,6.552508e+00,6.206576e+00,6.202536e+00,6.393591e+00,6.931472e+00,5.902633e+00,6.408529e+00,5.680173e+00,6.131226e+00,6.783325e+00,6.569481e+00,6.082219e+00,6.492240e+00,7.135687e+00,6.285998e+00
6.470800e+00,5.973810e+00,6.753438e+00,7.292337e+00,6.476972e+00,6.304449e+00,6.238325e+00,6.423247e+00,6.931472e+00,5.743003e+00,6.436150e+00,5.680173e+00,6.063785e+00,6.770789e+00,6.558198e+00,6.152733e+00,6.492240e+00,7.135687e+00,6.380123e+00
6.452049e+00,6.003887e+00,6.576470e+00,7.307202e+00,6.642487e+00,6.230481e+00,6.311735e+00,6.423247e+00,6.931472e+00,5.056246e+00,6.628041e+00,5.755742e+00,6.066108e+00,6.758095e+00,6.558198e+00,6.104793e+00,6.492240e+00,7.165493e+00,6.356108e+00
6.411818e+00,6.063785e+00,6.542472e+00,7.284135e+00,6.655440e+00,6.206576e+00,6.415097e+00,6.423247e+00,6.931472e+00,5.056246e+00,6.628041e+00,5.755742e+00,6.315358e+00,6.758095e+00,6.558198e+00,6.107023e+00,6.492240e+00,7.154615e+00,6.381816e+00
6.352629e+00,6.142037e+00,6.541030e+00,7.277939e+00,6.464588e+00,6.411818e+00,6.447306e+00,6.270988e+00,7.023759e+00,5.068904e+00,6.628041e+00,5.521461e+00,6.265301e+00,6.758095e+00,6.733402e+00,6.156979e+00,6.492240e+00,7.151485e+00,6.291569e+00
6.350886e+00,6.144186e+00,6.541030e+00,7.277939e+00,6.188264e+00,6.637258e+00,6.447306e+00,6.272877e+00,7.023759e+00,4.499810e+00,6.628041e+00,5.652489e+00,6.240276e+00,6.758095e+00,6.618739e+00,6.238325e+00,6.677083e+00,7.218910e+00,6.295266e+00
6.326149e+00,6.210600e+00,6.541030e+00,7.277939e+00,6.188264e+00,6.523562e+00,6.569481e+00,6.272877e+00,7.023759e+00,4.762174e+00,6.645091e+00,5.981414e+00,6.240276e+00,6.758095e+00,6.587550e+00,6.313548e+00,6.715383e+00,7.237778e+00,6.329721e+00
5.945421e+00,6.620073e+00,6.541030e+00,7.275865e+00,6.194405e+00,6.393591e+00,6.679599e+00,6.204558e+00,7.054450e+00,4.762174e+00,6.695799e+00,6.093570e+00,6.240276e+00,6.756932e+00,6.587550e+00,6.395262e+00,6.830874e+00,7.237778e+00,6.383507e+00
5.811141e+00,6.695799e+00,6.541030e+00,7.275172e+00,6.196444e+00,6.366470e+00,6.669498e+00,6.251904e+00,7.041412e+00,4.762174e+00,6.904751e+00,6.188264e+00,6.238325e+00,6.487684e+00,6.587550e+00,6.413459e+00,6.843750e+00,7.237778e+00,6.517671e+00
6.133398e+00,6.706862e+00,6.541030e+00,7.275172e+00,6.196444e+00,6.343880e+00,6.685861e+00,6.095825e+00,7.092574e+00,4.762174e+00,6.845880e+00,6.190315e+00,6.238325e+00,6.322565e+00,6.580639e+00,6.413459e+00,6.800170e+00,7.225481e+00,6.527958e+00
6.133398e+00,6.706862e+00,6.504288e+00,7.292337e+00,6.196444e+00,6.324359e+00,6.699500e+00,5.616771e+00,7.224025e+00,5.337538e+00,6.841615e+00,6.248043e+00,6.429719e+00,6.594413e+00,6.538140e+00,6.469250e+00,6.802395e+00,7.155396e+00,6.527958e+00
6.142037e+00,6.706862e+00,6.483107e+00,7.299121e+00,6.204558e+00,6.242223e+00,6.752270e+00,5.429346e+00,7.257708e+00,5.402677e+00,6.836259e+00,6.291569e+00,6.429719e+00,6.763885e+00,6.538140e+00,6.469250e+00,6.733402e+00,7.138073e+00,6.546785e+00
6.190315e+00,6.706862e+00,6.483107e+00,7.267525e+00,6.293419e+00,6.156979e+00,6.800170e+00,5.424950e+00,7.177019e+00,5.402677e+00,6.843750e+00,6.291569e+00,6.442540e+00,6.679599e+00,6.538140e+00,6.469250e+00,6.733402e+00,7.118016e+00,6.568078e+00
6.222576e+00,6.706862e+00,6.483107e+00,7.264030e+00,6.302619e+00,6.156979e+00,6.800170e+00,5.416100e+00,7.123673e+00,5.874931e+00,6.853299e+00,6.196444e+00,6.442540e+00,6.641182e+00,6.538140e+00,6.470800e+00,6.755769e+00,7.164720e+00,6.584791e+00
6.248043e+00,6.709304e+00,6.483107e+00,7.231287e+00,6.383507e+00,6.156979e+00,6.738152e+00,5.509388e+00,7.148346e+00,5.897154e+00,6.850126e+00,6.184149e+00,6.467699e+00,6.785588e+00,6.538140e+00,6.470800e+00,6.761573e+00,7.156177e+00,6.173786e+00
6.259581e+00,6.709304e+00,6.483107e+00,7.220374e+00,6.408529e+00,6.156979e+00,6.572283e+00,5.874931e+00,7.015712e+00,5.897154e+00,6.754604e+00,6.198479e+00,6.516193e+00,6.768493e+00,6.538140e+00,6.489205e+00,6.760415e+00,6.893656e+00,6.255750e+00
6.234411e+00,6.725034e+00,6.481577e+00,7.007601e+00,6.768493e+00,6.156979e+00,6.331502e+00,6.218600e+00,6.999422e+00,5.897154e+00,6.753438e+00,6.711740e+00,6.522093e+00,6.981935e+00,6.538140e+00,6.535241e+00,6.753438e+00,6.429719e+00,6.255750e+00
6.161207e+00,6.767343e+00,6.481577e+00,6.956545e+00,6.829794e+00,6.156979e+00,6.326149e+00,6.224558e+00,6.974479e+00,5.866468e+00,6.753438e+00,6.711740e+00,6.595781e+00,7.017506e+00,6.538140e+00,6.535241e+00,6.690842e+00,6.458338e+00,6.255750e+00
6.165418e+00,6.734592e+00,6.371612e+00,6.994850e+00,6.887553e+00,6.156979e+00,6.326149e+00,6.224558e+00,6.946014e+00,6.501290e+00,6.753438e+00,6.711740e+00,6.628041e+00,6.993933e+00,6.536692e+00,6.558198e+00,6.690842e+00,6.470800e+00,6.255750e+00
6.165418e+00,6.659294e+00,6.470800e+00,6.965080e+00,6.919684e+00,6.156979e+00,6.326149e+00,6.222576e+00,6.941190e+00,6.519147e+00,6.723832e+00,6.711740e+00,6.647688e+00,6.995766e+00,6.504288e+00,6.475433e+00,6.690842e+00,6.495266e+00,6.255750e+00
6.165418e+00,6.579251e+00,6.559615e+00,6.755769e+00,7.100027e+00,6.156979e+00,6.284134e+00,6.267201e+00,6.934397e+00,6.617403e+00,6.698268e+00,6.701960e+00,6.652863e+00,7.177782e+00,6.311735e+00,6.357842e+00,6.690842e+00,6.505784e+00,6.255750e+00
5.905362e+00,6.717805e+00,6.562444e+00,6.751101e+00,7.103322e+00,6.156979e+00,6.284134e+00,6.267201e+00,6.932448e+00,6.597146e+00,6.670766e+00,6.650279e+00,6.654153e+00,7.065613e+00,6.109248e+00,6.230481e+00,6.648985e+00,6.444131e+00,6.255750e+00
5.905362e+00,6.647688e+00,6.272877e+00,6.993015e+00,7.074117e+00,6.228511e+00,6.282267e+00,6.253829e+00,6.803505e+00,6.597146e+00,6.586172e+00,6.646391e+00,6.654153e+00,7.071573e+00,5.953243e+00,6.226537e+00,6.639876e+00,6.444131e+00,6.255750e+00
5.905362e+00,6.566672e+00,6.070738e+00,7.127694e+00,7.065613e+00,6.248043e+00,6.282267e+00,6.244167e+00,6.806829e+00,6.597146e+00,6.586172e+00,6.658011e+00,6.654153e+00,7.042286e+00,6.173786e+00,6.226537e+00,6.507278e+00,6.291569e+00,6.320768e+00
5.905362e+00,6.566672e+00,5.799093e+00,7.207119e+00,7.065613e+00,6.248043e+00,6.282267e+00,6.244167e+00,6.710523e+00,6.597146e+00,6.408529e+00,6.700731e+00,6.654153e+00,7.001246e+00,6.182085e+00,6.278521e+00,6.322565e+00,6.517671e+00,6.363028e+00
5.860786e+00,6.588926e+00,5.602119e+00,7.221105e+00,7.099202e+00,6.248043e+00,6.282267e+00,6.244167e+00,6.664409e+00,6.597146e+00,6.401917e+00,6.699500e+00,6.654153e+00,7.073270e+00,6.139885e+00,6.278521e+00,6.311735e+00,6.517671e+00,6.363028e+00
5.826000e+00,6.605298e+00,5.587249e+00,7.138867e+00,7.150701e+00,6.333280e+00,6.285998e+00,6.173786e+00,6.708084e+00,6.597146e+00,6.411818e+00,6.699500e+00,6.654153e+00,7.251345e+00,6.133398e+00,6.278521e+00,6.077642e+00,6.517671e+00,6.723832e+00
5.808142e+00,6.613384e+00,5.587249e+00,7.029973e+00,7.231287e+00,6.373320e+00,6.285998e+00,6.173786e+00,6.708084e+00,6.597146e+00,6.413459e+00,6.699500e+00,6.654153e+00,7.323831e+00,6.144186e+00,6.278521e+00,6.030685e+00,6.517671e+00,7.100852e+00
5.774552e+00,6.628041e+00,5.587249e+00,7.029973e+00,7.229839e+00,6.350886e+00,6.313548e+00,6.171701e+00,6.293419e+00,6.597146e+00,6.426488e+00,6.699500e+00,6.638568e+00,7.381502e+00,6.033086e+00,6.208590e+00,6.030685e+00,6.517671e+00,7.162397e+00
5.739793e+00,6.642487e+00,5.587249e+00,6.984716e+00,7.257708e+00,6.349139e+00,6.335054e+00,6.142037e+00,6.315358e+00,6.629363e+00,6.371612e+00,6.835185e+00,6.618739e+00,7.465655e+00,5.840642e+00,6.208590e+00,5.968708e+00,6.376727e+00,7.029088e+00
5.739793e+00,6.605298e+00,5.686975e+00,6.893656e+00,7.268920e+00,6.476972e+00,6.200509e+00,6.282267e+00,6.313548e+00,6.673298e+00,6.369901e+00,6.931472e+00,6.573680e+00,7.519150e+00,5.605802e+00,6.188264e+00,5.961005e+00,6.276643e+00,7.029088e+00
5.799093e+00,6.566672e+00,5.793014e+00,6.866933e+00,7.245655e+00,6.552508e+00,6.206576e+00,6.202536e+00,6.393591e+00,6.673298e+00,6.342121e+00,6.898715e+00,6.184149e+00,7.519150e+00,5.609472e+00,6.152733e+00,5.961005e+00,6.150603e+00,7.029088e+00
5.799093e+00,6.470800e+00,5.973810e+00,6.753438e+00,7.292337e+00,6.476972e+00,6.304449e+00,6.238325e+00,6.423247e+00,6.673298e+00,6.311735e+00,6.923629e+00,6.167516e+00,7.534228e+00,5.655992e+00,6.082219e+00,5.961005e+00,6.150603e+00,6.958448e+00
5.799093e+00,6.452049e+00,6.003887e+00,6.576470e+00,7.307202e+00,6.642487e+00,6.230481e+00,6.311735e+00,6.423247e+00,6.675823e+00,6.003887e+00,6.959399e+00,6.242223e+00,7.555382e+00,5.686975e+00,6.011267e+00,5.961005e+00,6.066108e+00,6.958448e+00
5.828946e+00,6.411818e+00,6.063785e+00,6.542472e+00,7.284135e+00,6.655440e+00,6.206576e+00,6.415097e+00,6.423247e+00,6.675823e+00,6.186209e+00,6.959399e+00,6.016157e+00,7.560601e+00,5.755742e+00,5.963579e+00,5.961005e+00,6.066108e+00,6.954639e+00
6.011267e+00,6.352629e+00,6.142037e+00,6.541030e+00,7.277939e+00,6.464588e+00,6.411818e+00,6.447306e+00,6.270988e+00,6.673298e+00,6.575076e+00,6.959399e+00,6.016157e+00,7.595387e+00,5.525453e+00,5.991465e+00,5.961005e+00,6.066108e+00,6.977281e+00
6.198479e+00,6.350886e+00,6.144186e+00,6.541030e+00,7.277939e+00,6.188264e+00,6.637258e+00,6.447306e+00,6.272877e+00,6.660575e+00,6.575076e+00,6.925595e+00,5.869297e+00,7.629976e+00,5.521461e+00,5.950643e+00,5.537334e+00,5.834811e+00,6.975414e+00
6.161207e+00,6.326149e+00,6.210600e+00,6.541030e+00,7.277939e+00,6.188264e+00,6.523562e+00,6.569481e+00,6.272877e+00,6.625392e+00,6.797940e+00,6.810142e+00,5.869297e+00,7.746733e+00,5.686975e+00,5.883322e+00,5.407172e+00,5.755742e+00,6.994850e+00
6.028279e+00,5.945421e+00,6.620073e+00,6.541030e+00,7.275865e+00,6.194405e+00,6.393591e+00,6.679599e+00,6.204558e+00,6.648985e+00,6.783325e+00,6.754604e+00,5.869297e+00,7.748029e+00,5.902633e+00,5.743003e+00,4.077537e+00,5.768321e+00,7.074963e+00
6.006353e+00,5.811141e+00,6.695799e+00,6.541030e+00,7.275172e+00,6.196444e+00,6.366470e+00,6.669498e+00,6.251904e+00,6.834109e+00,6.502790e+00,6.929517e+00,5.869297e+00,7.750184e+00,5.948035e+00,5.707110e+00,3.610918e+00,5.768321e+00,7.082549e+00
5.598422e+00,6.133398e+00,6.706862e+00,6.541030e+00,7.275172e+00,6.196444e+00,6.343880e+00,6.685861e+00,6.095825e+00,6.842683e+00,6.787845e+00,6.967909e+00,6.016157e+00,7.754053e+00,5.978886e+00,5.707110e+00,4.174387e+00,5.768321e+00,7.076654e+00
5.598422e+00,6.133398e+00,6.706862e+00,6.504288e+00,7.292337e+00,6.196444e+00,6.324359e+00,6.699500e+00,5.616771e+00,6.740519e+00,6.824374e+00,6.910751e+00,5.707110e+00,7.668094e+00,5.978886e+00,5.583496e+00,4.564348e+00,5.768321e+00,7.076654e+00
5.613128e+00,6.142037e+00,6.706862e+00,6.483107e+00,7.299121e+00,6.204558e+00,6.242223e+00,6.752270e+00,5.429346e+00,6.723832e+00,7.069874e+00,6.887553e+00,5.749393e+00,7.602401e+00,6.037871e+00,5.583496e+00,4.574711e+00,5.768321e+00,7.065613e+00
6.142037e+00,6.190315e+00,6.706862e+00,6.483107e+00,7.267525e+00,6.293419e+00,6.156979e+00,6.800170e+00,5.424950e+00,6.749931e+00,7.096721e+00,6.887553e+00,5.826000e+00,7.602401e+00,6.054439e+00,5.583496e+00,4.574711e+00,5.942799e+00,7.137278e+00
6.107023e+00,6.222576e+00,6.706862e+00,6.483107e+00,7.264030e+00,6.302619e+00,6.156979e+00,6.800170e+00,5.416100e+00,6.580639e+00,7.099202e+00,6.887553e+00,5.874931e+00,7.602401e+00,6.054439e+00,5.605802e+00,4.356709e+00,5.774552e+00,7.145196e+00
6.077642e+00,6.248043e+00,6.709304e+00,6.483107e+00,7.231287e+00,6.383507e+00,6.156979e+00,6.738152e+00,5.509388e+00,6.632002e+00,7.105786e+00,7.081709e+00,5.886104e+00,7.532624e+00,6.054439e+00,5.609472e+00,4.290459e+00,5.924256e+00,7.228388e+00
6.261492e+00,6.259581e+00,6.709304e+00,6.483107e+00,7.220374e+00,6.408529e+00,6.156979e+00,6.572283e+00,5.874931e+00,6.946014e+00,7.191429e+00,7.070724e+00,6.049733e+00,7.532624e+00,6.054439e+00,5.564520e+00,4.290459e+00,5.860786e+00,7.198184e+00
6.287859e+00,6.234411e+00,6.725034e+00,6.481577e+00,7.007601e+00,6.768493e+00,6.156979e+00,6.331502e+00,6.218600e+00,7.052721e+00,7.218177e+00,6.695799e+00,6.042633e+00,7.476472e+00,6.054439e+00,5.438079e+00,4.317488e+00,6.293419e+00,7.199678e+00
6.293419e+00,6.161207e+00,6.767343e+00,6.481577e+00,6.956545e+00,6.829794e+00,6.156979e+00,6.326149e+00,6.224558e+00,7.060476e+00,7.245655e+00,6.714171e+00,5.968708e+00,7.454141e+00,6.054439e+00,5.590987e+00,4.317488e+00,6.238325e+00,7.199678e+00
6.289716e+00,6.165418e+00,6.734592e+00,6.371612e+00,6.994850e+00,6.887553e+00,6.156979e+00,6.326149e+00,6.224558e+00,6.742881e+00,7.254885e+00,6.714171e+00,6.118097e+00,7.454141e+00,6.054439e+00,5.529429e+00,4.317488e+00,6.234411e+00,7.203406e+00
6.329721e+00,6.165418e+00,6.659294e+00,6.470800e+00,6.965080e+00,6.919684e+00,6.156979e+00,6.326149e+00,6.222576e+00,6.726233e+00,7.254885e+00,6.714171e+00,6.297109e+00,7.507141e+00,6.054439e+00,5.529429e+00,4.317488e+00,6.202536e+00,7.206377e+00
6.329721e+00,6.165418e+00,6.579251e+00,6.559615e+00,6.755769e+00,7.100027e+00,6.156979e+00,6.284134e+00,6.267201e+00,6.709304e+00,7.254885e+00,6.714171e+00,6.291569e+00,7.395108e+00,6.054439e+00,5.379897e+00,4.317488e+00,6.190315e+00,7.207119e+00
6.329721e+00,5.905362e+00,6.717805e+00,6.562444e+00,6.751101e+00,7.103322e+00,6.156979e+00,6.284134e+00,6.267201e+00,6.791221e+00,7.254885e+00,6.714171e+00,6.289716e+00,7.425954e+00,6.054439e+00,5.062595e+00,4.343805e+00,6.461468e+00,7.207119e+00
6.329721e+00,5.905362e+00,6.647688e+00,6.272877e+00,6.993015e+00,7.074117e+00,6.228511e+00,6.282267e+00,6.253829e+00,6.794587e+00,7.254885e+00,6.714171e+00,6.289716e+00,7.438972e+00,6.054439e+00,5.062595e+00,4.343805e+00,6.525030e+00,7.207119e+00
6.329721e+00,5.905362e+00,6.566672e+00,6.070738e+00,7.127694e+00,7.065613e+00,6.248043e+00,6.282267e+00,6.244167e+00,6.794587e+00,7.254885e+00,6.716595e+00,6.289716e+00,7.413970e+00,5.802118e+00,5.062595e+00,4.343805e+00,6.561031e+00,7.203406e+00
6.329721e+00,5.905362e+00,6.566672e+00,5.799093e+00,7.207119e+00,7.065613e+00,6.248043e+00,6.282267e+00,6.244167e+00,6.794587e+00,7.252762e+00,6.674561e+00,6.289716e+00,7.363914e+00,5.780744e+00,5.342334e+00,4.343805e+00,6.342121e+00,7.185387e+00
6.335054e+00,5.860786e+00,6.588926e+00,5.602119e+00,7.221105e+00,7.099202e+00,6.248043e+00,6.282267e+00,6.244167e+00,6.812345e+00,7.353722e+00,6.674561e+00,6.313548e+00,7.310550e+00,5.894403e+00,5.342334e+00,4.343805e+00,6.342121e+00,7.185387e+00
6.343880e+00,5.826000e+00,6.605298e+00,5.587249e+00,7.138867e+00,7.150701e+00,6.333280e+00,6.285998e+00,6.173786e+00,6.812345e+00,7.370231e+00,6.674561e+00,6.313548e+00,7.156956e+00,5.897154e+00,5.342334e+00,4.882802e+00,6.342121e+00,7.029088e+00
6.347389e+00,5.808142e+00,6.613384e+00,5.587249e+00,7.029973e+00,7.231287e+00,6.373320e+00,6.285998e+00,6.173786e+00,6.812345e+00,7.375256e+00,6.674561e+00,6.313548e+00,7.080868e+00,5.883322e+00,5.342334e+00,4.882802e+00,6.410175e+00,6.617403e+00
6.347389e+00,5.774552e+00,6.628041e+00,5.587249e+00,7.029973e+00,7.229839e+00,6.350886e+00,6.313548e+00,6.171701e+00,6.812345e+00,7.471932e+00,6.674561e+00,6.298949e+00,7.002156e+00,5.883322e+00,5.680173e+00,4.882802e+00,6.439350e+00,6.481577e+00
6.347389e+00,5.739793e+00,6.642487e+00,5.587249e+00,6.984716e+00,7.257708e+00,6.349139e+00,6.335054e+00,6.142037e+00,6.785588e+00,7.504392e+00,6.513230e+00,6.298949e+00,6.865891e+00,5.883322e+00,5.857933e+00,4.882802e+00,6.637258e+00,6.481577e+00
6.347389e+00,5.739793e+00,6.605298e+00,5.686975e+00,6.893656e+00,7.268920e+00,6.476972e+00,6.200509e+00,6.282267e+00,6.746412e+00,7.515889e+00,6.363028e+00,6.265301e+00,6.760415e+00,5.883322e+00,5.880533e+00,4.955827e+00,6.802395e+00,6.481577e+00
6.304449e+00,5.799093e+00,6.566672e+00,5.793014e+00,6.866933e+00,7.245655e+00,6.552508e+00,6.206576e+00,6.202536e+00,6.746412e+00,7.586296e+00,6.361302e+00,6.375025e+00,6.760415e+00,5.897154e+00,5.880533e+00,4.955827e+00,6.802395e+00,6.481577e+00
6.322565e+00,5.799093e+00,6.470800e+00,5.973810e+00,6.753438e+00,7.292337e+00,6.476972e+00,6.304449e+00,6.238325e+00,6.746412e+00,7.586296e+00,6.317165e+00,6.375025e+00,6.742881e+00,5.860786e+00,5.880533e+00,5.220356e+00,7.013915e+00,6.481577e+00
6.393591e+00,5.799093e+00,6.452049e+00,6.003887e+00,6.576470e+00,7.307202e+00,6.642487e+00,6.230481e+00,6.311735e+00,6.744059e+00,7.586296e+00,6.202536e+00,6.308098e+00,6.763885e+00,5.834811e+00,5.880533e+00,5.620401e+00,7.037906e+00,6.496775e+00
6.405228e+00,5.828946e+00,6.411818e+00,6.063785e+00,6.542472e+00,7.284135e+00,6.655440e+00,6.206576e+00,6.415097e+00,6.744059e+00,7.567346e+00,6.202536e+00,6.327937e+00,6.763885e+00,5.771441e+00,5.880533e+00,5.863631e+00,7.037906e+00,6.693324e+00
6.396930e+00,6.011267e+00,6.352629e+00,6.142037e+00,6.541030e+00,7.277939e+00,6.464588e+00,6.411818e+00,6.447306e+00,6.748760e+00,7.440147e+00,6.202536e+00,6.401917e+00,6.768493e+00,5.509388e+00,5.780744e+00,5.863631e+00,7.037906e+00,6.658011e+00
6.318968e+00,6.198479e+00,6.350886e+00,6.144186e+00,6.541030e+00,7.277939e+00,6.188264e+00,6.637258e+00,6.447306e+00,6.804615e+00,7.440147e+00,6.234411e+00,6.403574e+00,6.685861e+00,5.446737e+00,5.703782e+00,5.863631e+00,7.037906e+00,6.658011e+00
6.385194e+00,6.161207e+00,6.326149e+00,6.210600e+00,6.541030e+00,7.277939e+00,6.188264e+00,6.523562e+00,6.569481e+00,6.835185e+00,7.286876e+00,6.259581e+00,6.405228e+00,6.302619e+00,5.231109e+00,5.652489e+00,5.863631e+00,7.037906e+00,6.605298e+00
6.357842e+00,6.028279e+00,5.945421e+00,6.620073e+00,6.541030e+00,7.275865e+00,6.194405e+00,6.393591e+00,6.679599e+00,6.853299e+00,7.268223e+00,6.329721e+00,6.405228e+00,6.297109e+00,4.753590e+00,5.652489e+00,5.863631e+00,7.034388e+00,6.424869e+00
6.386879e+00,6.006353e+00,5.811141e+00,6.695799e+00,6.541030e+00,7.275172e+00,6.196444e+00,6.366470e+00,6.669498e+00,6.752270e+00,7.261927e+00,5.869297e+00,6.405228e+00,6.287859e+00,4.875197e+00,5.652489e+00,5.863631e+00,7.034388e+00,6.259581e+00
6.386879e+00,5.598422e+00,6.133398e+00,6.706862e+00,6.541030e+00,7.275172e+00,6.196444e+00,6.343880e+00,6.685861e+00,6.908755e+00,7.097549e+00,5.777652e+00,6.300786e+00,6.270988e+00,4.859812e+00,5.945421e+00,6.006353e+00,7.034388e+00,6.259581e+00
6.390241e+00,5.598422e+00,6.133398e+00,6.706862e+00,6.504288e+00,7.292337e+00,6.196444e+00,6.324359e+00,6.699500e+00,6.909753e+00,7.094235e+00,5.805135e+00,6.298949e+00,6.270988e+00,4.859812e+00,6.093570e+00,5.978886e+00,7.034388e+00,6.259581e+00
6.432940e+00,5.613128e+00,6.142037e+00,6.706862e+00,6.483107e+00,7.299121e+00,6.204558e+00,6.242223e+00,6.752270e+00,6.910751e+00,6.855409e+00,5.971262e+00,6.274762e+00,6.270988e+00,4.653960e+00,6.093570e+00,5.976351e+00,7.081709e+00,6.263398e+00
6.144186e+00,6.142037e+00,6.190315e+00,6.706862e+00,6.483107e+00,7.267525e+00,6.293419e+00,6.156979e+00,6.800170e+00,6.900731e+00,6.813445e+00,5.991465e+00,6.210600e+00,6.270988e+00,5.393628e+00,6.093570e+00,6.230481e+00,7.038784e+00,6.139885e+00
6.150603e+00,6.107023e+00,6.222576e+00,6.706862e+00,6.483107e+00,7.264030e+00,6.302619e+00,6.156979e+00,6.800170e+00,6.899723e+00,6.800170e+00,5.991465e+00,6.175867e+00,6.270988e+00,5.552960e+00,6.077642e+00,6.343880e+00,7.038784e+00,6.502790e+00
6.146329e+00,6.077642e+00,6.248043e+00,6.709304e+00,6.483107e+00,7.231287e+00,6.383507e+00,6.156979e+00,6.738152e+00,6.852243e+00,6.791221e+00,5.247024e+00,6.133398e+00,6.261492e+00,5.894403e+00,6.077642e+00,6.448889e+00,6.990257e+00,6.350886e+00
5.921578e+00,6.261492e+00,6.259581e+00,6.709304e+00,6.483107e+00,7.220374e+00,6.408529e+00,6.156979e+00,6.572283e+00,6.501290e+00,6.660575e+00,5.247024e+00,5.899897e+00,6.261492e+00,6.082219e+00,6.077642e+00,6.448889e+00,6.987490e+00,6.458338e+00
5.883322e+00,6.287859e+00,6.234411e+00,6.725034e+00,6.481577e+00,7.007601e+00,6.768493e+00,6.156979e+00,6.331502e+00,6.308098e+00,6.613384e+00,5.579730e+00,5.897154e+00,6.037871e+00,6.082219e+00,6.077642e+00,6.445720e+00,6.861711e+00,6.674561e+00
5.874931e+00,6.293419e+00,6.161207e+00,6.767343e+00,6.481577e+00,6.956545e+00,6.829794e+00,6.156979e+00,6.326149e+00,6.291569e+00,6.561031e+00,5.537334e+00,5.834811e+00,6.037871e+00,6.082219e+00,5.986452e+00,6.445720e+00,6.935370e+00,6.674561e+00
5.874931e+00,6.289716e+00,6.165418e+00,6.734592e+00,6.371612e+00,6.994850e+00,6.887553e+00,6.156979e+00,6.326149e+00,6.378426e+00,6.542472e+00,5.786897e+00,5.541264e+00,6.037871e+00,6.082219e+00,5.986452e+00,6.445720e+00,6.922644e+00,6.668228e+00
5.811141e+00,6.329721e+00,6.165418e+00,6.659294e+00,6.470800e+00,6.965080e+00,6.919684e+00,6.156979e+00,6.326149e+00,6.311735e+00,6.542472e+00,5.786897e+00,5.017280e+00,5.676754e+00,6.082219e+00,5.955837e+00,6.472346e+00,6.922644e+00,6.663133e+00
5.811141e+00,6.329721e+00,6.165418e+00,6.579251e+00,6.559615e+00,6.755769e+00,7.100027e+00,6.156979e+00,6.284134e+00,6.263398e+00,6.693324e+00,5.950643e+00,5.010635e+00,5.662960e+00,6.082219e+00,5.955837e+00,6.472346e+00,6.921658e+00,6.670766e+00
5.894403e+00,6.329721e+00,5.905362e+00,6.717805e+00,6.562444e+00,6.751101e+00,7.103322e+00,6.156979e+00,6.284134e+00,6.126869e+00,6.874198e+00,5.950643e+00,5.010635e+00,5.468060e+00,6.082219e+00,5.955837e+00,6.747587e+00,6.759255e+00,6.744059e+00
5.916202e+00,6.329721e+00,5.905362e+00,6.647688e+00,6.272877e+00,6.993015e+00,7.074117e+00,6.228511e+00,6.282267e+00,6.120297e+00,7.023759e+00,5.950643e+00,5.010635e+00,5.327876e+00,6.326149e+00,5.955837e+00,6.748760e+00,6.709304e+00,6.778785e+00
6.049733e+00,6.329721e+00,5.905362e+00,6.566672e+00,6.070738e+00,7.127694e+00,7.065613e+00,6.248043e+00,6.282267e+00,6.120297e+00,7.023759e+00,5.921578e+00,5.429346e+00,5.327876e+00,6.406880e+00,5.955837e+00,6.748760e+00,6.678342e+00,6.744059e+00
6.056784e+00,6.329721e+00,5.905362e+00,6.566672e+00,5.799093e+00,7.207119e+00,7.065613e+00,6.248043e+00,6.282267e+00,6.120297e+00,7.023759e+00,5.921578e+00,5.552960e+00,5.327876e+00,6.408529e+00,5.968708e+00,6.748760e+00,6.678342e+00,6.760415e+00
6.139885e+00,6.335054e+00,5.860786e+00,6.588926e+00,5.602119e+00,7.221105e+00,7.099202e+00,6.248043e+00,6.282267e+00,6.084499e+00,6.880384e+00,5.921578e+00,5.505332e+00,5.332719e+00,6.342121e+00,6.156979e+00,6.761573e+00,6.679599e+00,6.805723e+00
6.295266e+00,6.343880e+00,5.826000e+00,6.605298e+00,5.587249e+00,7.138867e+00,7.150701e+00,6.333280e+00,6.285998e+00,6.084499e+00,6.846943e+00,5.921578e+00,5.786897e+00,5.247024e+00,6.432940e+00,6.289716e+00,6.695799e+00,6.679599e+00,6.740519e+00
6.298949e+00,6.347389e+00,5.808142e+00,6.613384e+00,5.587249e+00,7.029973e+00,7.231287e+00,6.373320e+00,6.285998e+00,6.084499e+00,6.828712e+00,6.006353e+00,5.786897e+00,5.181784e+00,6.432940e+00,6.289716e+00,6.721426e+00,6.628041e+00,6.740519e+00
6.496775e+00,6.347389e+00,5.774552e+00,6.628041e+00,5.587249e+00,7.029973e+00,7.229839e+00,6.350886e+00,6.313548e+00,6.084499e+00,6.709304e+00,6.593045e+00,5.786897e+00,5.463832e+00,6.492240e+00,6.120297e+00,6.723832e+00,6.603944e+00,6.740519e+00
6.862758e+00,6.347389e+00,5.739793e+00,6.642487e+00,5.587249e+00,6.984716e+00,7.257708e+00,6.349139e+00,6.335054e+00,6.084499e+00,6.651572e+00,6.594413e+00,5.786897e+00,5.572154e+00,6.637258e+00,6.086775e+00,6.725034e+00,6.398595e+00,6.740519e+00
6.874198e+00,6.347389e+00,5.739793e+00,6.605298e+00,5.686975e+00,6.893656e+00,7.268920e+00,6.476972e+00,6.200509e+00,6.084499e+00,6.625392e+00,6.594413e+00,5.786897e+00,5.993961e+00,6.689599e+00,6.084499e+00,6.720220e+00,6.124683e+00,6.740519e+00
7.095064e+00,6.304449e+00,5.799093e+00,6.566672e+00,5.793014e+00,6.866933e+00,7.245655e+00,6.552508e+00,6.206576e+00,6.084499e+00,6.429719e+00,6.594413e+00,5.572154e+00,6.030685e+00,6.740519e+00,6.161207e+00,6.720220e+00,6.124683e+00,6.820016e+00
7.086738e+00,6.322565e+00,5.799093e+00,6.470800e+00,5.973810e+00,6.753438e+00,7.292337e+00,6.476972e+00,6.304449e+00,6.118097e+00,6.429719e+00,6.594413e+00,5.572154e+00,6.159095e+00,6.802395e+00,6.161207e+00,6.666957e+00,5.501258e+00,6.825460e+00
7.051856e+00,6.393591e+00,5.799093e+00,6.452049e+00,6.003887e+00,6.576470e+00,7.307202e+00,6.642487e+00,6.230481e+00,6.150603e+00,6.429719e+00,6.594413e+00,5.572154e+00,6.030685e+00,6.804615e+00,6.161207e+00,6.543912e+00,5.384495e+00,6.955593e+00
7.037028e+00,6.405228e+00,5.828946e+00,6.411818e+00,6.063785e+00,6.542472e+00,7.284135e+00,6.655440e+00,6.206576e+00,6.150603e+00,6.519147e+00,6.594413e+00,5.463832e+00,6.486161e+00,6.804615e+00,6.161207e+00,6.428105e+00,5.384495e+00,6.858565e+00
6.980076e+00,6.396930e+00,6.011267e+00,6.352629e+00,6.142037e+00,6.541030e+00,7.277939e+00,6.464588e+00,6.411818e+00,6.142037e+00,6.675823e+00,6.594413e+00,5.929589e+00,6.369901e+00,6.804615e+00,6.163315e+00,6.428105e+00,5.384495e+00,7.010312e+00
6.961296e+00,6.318968e+00,6.198479e+00,6.350886e+00,6.144186e+00,6.541030e+00,7.277939e+00,6.188264e+00,6.637258e+00,6.267201e+00,6.677083e+00,6.572283e+00,6.186209e+00,6.368187e+00,6.804615e+00,6.364751e+00,6.428105e+00,5.488938e+00,7.021976e+00
6.949856e+00,6.385194e+00,6.161207e+00,6.326149e+00,6.210600e+00,6.541030e+00,7.277939e+00,6.188264e+00,6.523562e+00,6.343880e+00,6.683361e+00,6.553933e+00,6.196444e+00,6.368187e+00,6.804615e+00,6.364751e+00,6.428105e+00,5.488938e+00,7.055313e+00
6.949856e+00,6.357842e+00,6.028279e+00,5.945421e+00,6.620073e+00,6.541030e+00,7.275865e+00,6.194405e+00,6.393591e+00,6.282267e+00,6.683361e+00,6.498282e+00,6.280396e+00,6.368187e+00,6.804615e+00,6.486161e+00,6.445720e+00,5.501258e+00,7.055313e+00
6.931472e+00,6.386879e+00,6.006353e+00,5.811141e+00,6.695799e+00,6.541030e+00,7.275172e+00,6.196444e+00,6.366470e+00,6.472346e+00,6.894670e+00,6.492240e+00,6.280396e+00,6.368187e+00,6.768493e+00,6.486161e+00,6.563856e+00,5.501258e+00,7.055313e+00
6.931472e+00,6.386879e+00,5.598422e+00,6.133398e+00,6.706862e+00,6.541030e+00,7.275172e+00,6.196444e+00,6.343880e+00,6.251904e+00,6.889591e+00,6.469250e+00,6.393591e+00,6.373320e+00,6.756932e+00,6.429719e+00,6.535241e+00,5.594711e+00,7.057037e+00
6.929517e+00,6.390241e+00,5.598422e+00,6.133398e+00,6.706862e+00,6.504288e+00,7.292337e+00,6.196444e+00,6.324359e+00,6.300786e+00,6.859615e+00,6.453625e+00,6.401917e+00,6.373320e+00,6.756932e+00,6.606650e+00,6.675823e+00,5.929589e+00,7.057037e+00
6.896694e+00,6.432940e+00,5.613128e+00,6.142037e+00,6.706862e+00,6.483107e+00,7.299121e+00,6.204558e+00,6.242223e+00,6.352629e+00,6.859615e+00,6.354370e+00,6.439350e+00,6.373320e+00,6.756932e+00,6.609349e+00,6.715383e+00,5.799093e+00,7.055313e+00
7.026427e+00,6.144186e+00,6.142037e+00,6.190315e+00,6.706862e+00,6.483107e+00,7.267525e+00,6.293419e+00,6.156979e+00,6.342121e+00,6.859615e+00,6.340359e+00,6.483107e+00,6.373320e+00,6.603944e+00,6.659294e+00,6.776507e+00,6.035481e+00,7.002156e+00
7.023759e+00,6.150603e+00,6.107023e+00,6.222576e+00,6.706862e+00,6.483107e+00,7.264030e+00,6.302619e+00,6.156979e+00,6.354370e+00,6.859615e+00,6.340359e+00,6.484635e+00,6.373320e+00,6.551080e+00,6.701960e+00,6.704414e+00,6.282267e+00,6.787845e+00
7.023759e+00,6.146329e+00,6.077642e+00,6.248043e+00,6.709304e+00,6.483107e+00,7.231287e+00,6.383507e+00,6.156979e+00,6.357842e+00,6.870053e+00,6.340359e+00,6.922644e+00,6.478510e+00,6.519147e+00,6.709304e+00,6.723832e+00,6.302619e+00,6.769642e+00
7.023759e+00,5.921578e+00,6.261492e+00,6.259581e+00,6.709304e+00,6.483107e+00,7.220374e+00,6.408529e+00,6.156979e+00,6.563856e+00,6.870053e+00,6.340359e+00,6.948897e+00,6.520621e+00,6.419995e+00,6.760415e+00,6.723832e+00,6.668228e+00,6.692084e+00
7.023759e+00,5.883322e+00,6.287859e+00,6.234411e+00,6.725034e+00,6.481577e+00,7.007601e+00,6.768493e+00,6.156979e+00,6.566672e+00,6.870053e+00,6.198479e+00,7.037028e+00,6.520621e+00,6.436150e+00,6.760415e+00,6.859615e+00,6.685861e+00,6.543912e+00
7.023759e+00,5.874931e+00,6.293419e+00,6.161207e+00,6.767343e+00,6.481577e+00,6.956545e+00,6.829794e+00,6.156979e+00,6.677083e+00,6.873164e+00,6.340359e+00,7.046647e+00,6.520621e+00,6.436150e+00,6.762730e+00,6.871091e+00,6.903747e+00,6.561031e+00
7.023759e+00,5.874931e+00,6.289716e+00,6.165418e+00,6.734592e+00,6.371612e+00,6.994850e+00,6.887553e+00,6.156979e+00,6.661855e+00,7.047517e+00,6.204558e+00,7.059618e+00,6.520621e+00,6.436150e+00,6.859615e+00,6.875232e+00,6.908755e+00,6.561031e+00
7.023759e+00,5.811141e+00,6.329721e+00,6.165418e+00,6.659294e+00,6.470800e+00,6.965080e+00,6.919684e+00,6.156979e+00,6.656727e+00,7.057898e+00,6.302619e+00,7.059618e+00,6.519147e+00,6.436150e+00,6.861711e+00,6.872128e+00,6.908755e+00,6.561031e+00
7.023759e+00,5.811141e+00,6.329721e+00,6.165418e+00,6.579251e+00,6.559615e+00,6.755769e+00,7.100027e+00,6.156979e+00,6.613384e+00,6.956545e+00,6.190315e+00,7.059618e+00,6.487684e+00,6.436150e+00,6.862758e+00,6.922644e+00,6.908755e+00,6.552508e+00
6.997596e+00,5.894403e+00,6.329721e+00,5.905362e+00,6.717805e+00,6.562444e+00,6.751101e+00,7.103322e+00,6.156979e+00,6.927558e+00,6.821107e+00,6.192362e+00,7.059618e+00,6.487684e+00,6.436150e+00,6.862758e+00,6.802395e+00,6.908755e+00,6.463029e+00
6.990257e+00,5.916202e+00,6.329721e+00,5.905362e+00,6.647688e+00,6.272877e+00,6.993015e+00,7.074117e+00,6.228511e+00,6.929517e+00,6.684612e+00,6.276643e+00,7.059618e+00,6.487684e+00,6.343880e+00,6.862758e+00,6.856462e+00,6.908755e+00,6.415097e+00
6.940222e+00,6.049733e+00,6.329721e+00,5.905362e+00,6.566672e+00,6.070738e+00,7.127694e+00,7.065613e+00,6.248043e+00,6.931472e+00,6.684612e+00,6.361302e+00,6.990257e+00,6.487684e+00,6.265301e+00,6.862758e+00,6.857514e+00,6.946976e+00,6.415097e+00
7.042286e+00,6.056784e+00,6.329721e+00,5.905362e+00,6.566672e+00,5.799093e+00,7.207119e+00,7.065613e+00,6.248043e+00,6.931472e+00,6.687109e+00,6.431331e+00,6.962243e+00,6.487684e+00,6.263398e+00,6.771936e+00,6.857514e+00,7.093405e+00,6.405228e+00
7.013915e+00,6.139885e+00,6.335054e+00,5.860786e+00,6.588926e+00,5.602119e+00,7.221105e+00,7.099202e+00,6.248043e+00,6.931472e+00,6.687109e+00,6.472346e+00,6.961296e+00,6.486161e+00,6.255750e+00,6.674561e+00,6.845880e+00,7.160846e+00,6.336826e+00
6.936343e+00,6.295266e+00,6.343880e+00,5.826000e+00,6.605298e+00,5.587249e+00,7.138867e+00,7.150701e+00,6.333280e+00,6.931472e+00,6.690842e+00,6.473891e+00,6.882437e+00,6.486161e+00,6.144186e+00,6.685861e+00,6.990257e+00,7.228388e+00,6.329721e+00
6.966024e+00,6.298949e+00,6.347389e+00,5.808142e+00,6.613384e+00,5.587249e+00,7.029973e+00,7.231287e+00,6.373320e+00,6.931472e+00,6.690842e+00,6.445720e+00,6.882437e+00,6.486161e+00,6.144186e+00,6.687109e+00,6.972606e+00,7.273786e+00,6.329721e+00
6.932448e+00,6.496775e+00,6.347389e+00,5.774552e+00,6.628041e+00,5.587249e+00,7.029973e+00,7.229839e+00,6.350886e+00,7.023759e+00,6.583409e+00,5.908083e+00,6.898715e+00,6.393591e+00,6.059123e+00,6.688355e+00,6.970730e+00,7.273786e+00,6.329721e+00
6.609349e+00,6.862758e+00,6.347389e+00,5.739793e+00,6.642487e+00,5.587249e+00,6.984716e+00,7.257708e+00,6.349139e+00,7.023759e+00,6.569481e+00,5.940171e+00,6.951772e+00,6.345636e+00,6.182085e+00,6.793466e+00,6.969791e+00,7.273786e+00,6.329721e+00
6.594413e+00,6.874198e+00,6.347389e+00,5.739793e+00,6.605298e+00,5.686975e+00,6.893656e+00,7.268920e+00,6.476972e+00,7.023759e+00,6.813445e+00,6.018593e+00,7.009409e+00,6.068426e+00,6.093570e+00,6.785588e+00,6.964136e+00,7.273786e+00,6.342121e+00
6.198479e+00,7.095064e+00,6.304449e+00,5.799093e+00,6.566672e+00,5.793014e+00,6.866933e+00,7.245655e+00,6.552508e+00,7.054450e+00,6.815640e+00,6.317165e+00,7.011214e+00,6.033086e+00,5.978886e+00,6.745236e+00,6.964136e+00,7.273786e+00,6.210600e+00
6.198479e+00,7.086738e+00,6.322565e+00,5.799093e+00,6.470800e+00,5.973810e+00,6.753438e+00,7.292337e+00,6.476972e+00,7.041412e+00,6.995766e+00,6.533789e+00,7.038784e+00,5.849325e+00,5.831882e+00,6.745236e+00,6.964136e+00,7.284135e+00,6.200509e+00
6.198479e+00,7.051856e+00,6.393591e+00,5.799093e+00,6.452049e+00,6.003887e+00,6.576470e+00,7.307202e+00,6.642487e+00,7.092574e+00,7.004882e+00,6.558198e+00,7.038784e+00,5.846439e+00,6.685861e+00,6.804615e+00,6.964136e+00,7.319202e+00,5.910797e+00
6.198479e+00,7.037028e+00,6.405228e+00,5.828946e+00,6.411818e+00,6.063785e+00,6.542472e+00,7.284135e+00,6.655440e+00,7.224025e+00,6.967909e+00,6.700731e+00,7.090077e+00,4.564348e+00,6.685861e+00,6.805723e+00,6.964136e+00,7.319202e+00,5.739793e+00
6.200509e+00,6.980076e+00,6.396930e+00,6.011267e+00,6.352629e+00,6.142037e+00,6.541030e+00,7.277939e+00,6.464588e+00,7.257708e+00,6.853299e+00,6.731018e+00,6.947937e+00,4.564348e+00,6.685861e+00,7.031741e+00,6.976348e+00,7.321189e+00,5.081404e+00
6.161207e+00,6.961296e+00,6.318968e+00,6.198479e+00,6.350886e+00,6.144186e+00,6.541030e+00,7.277939e+00,6.188264e+00,7.177019e+00,6.852243e+00,6.800170e+00,6.835185e+00,4.564348e+00,6.712956e+00,6.948897e+00,6.982863e+00,7.321850e+00,4.997212e+00
6.218600e+00,6.949856e+00,6.385194e+00,6.161207e+00,6.326149e+00,6.210600e+00,6.541030e+00,7.277939e+00,6.188264e+00,7.123673e+00,6.900731e+00,6.801283e+00,6.828712e+00,4.564348e+00,6.731018e+00,6.983790e+00,6.982863e+00,7.566828e+00,4.700480e+00
6.244167e+00,6.949856e+00,6.357842e+00,6.028279e+00,5.945421e+00,6.620073e+00,6.541030e+00,7.275865e+00,6.194405e+00,7.148346e+00,6.900731e+00,6.801283e+00,6.875232e+00,4.564348e+00,6.731018e+00,6.913737e+00,6.972606e+00,7.584265e+00,5.332719e+00
6.244167e+00,6.931472e+00,6.386879e+00,6.006353e+00,5.811141e+00,6.695799e+00,6.541030e+00,7.275172e+00,6.196444e+00,7.015712e+00,6.690842e+00,6.801283e+00,6.875232e+00,5.620401e+00,6.731018e+00,6.915723e+00,6.895683e+00,7.586804e+00,5.365976e+00
6.244167e+00,6.931472e+00,6.386879e+00,5.598422e+00,6.133398e+00,6.706862e+00,6.541030e+00,7.275172e+00,6.196444e+00,6.999422e+00,6.886532e+00,6.838405e+00,6.822197e+00,5.872118e+00,6.731018e+00,6.853299e+00,6.818924e+00,7.579679e+00,5.356586e+00
6.244167e+00,6.929517e+00,6.390241e+00,5.598422e+00,6.133398e+00,6.706862e+00,6.504288e+00,7.292337e+00,6.196444e+00,6.974479e+00,7.012115e+00,6.852243e+00,6.816736e+00,5.918894e+00,6.731018e+00,6.641182e+00,6.670766e+00,7.561642e+00,5.356586e+00
6.242223e+00,6.896694e+00,6.432940e+00,5.613128e+00,6.142037e+00,6.706862e+00,6.483107e+00,7.299121e+00,6.204558e+00,6.946014e+00,7.103322e+00,6.854355e+00,6.864848e+00,6.093570e+00,6.731018e+00,6.638568e+00,6.629363e+00,7.558517e+00,5.356586e+00
5.765191e+00,7.026427e+00,6.144186e+00,6.142037e+00,6.190315e+00,6.706862e+00,6.483107e+00,7.267525e+00,6.293419e+00,6.941190e+00,7.107425e+00,6.858565e+00,6.883463e+00,6.324359e+00,6.731018e+00,6.587550e+00,6.381816e+00,7.508239e+00,5.375278e+00
5.820083e+00,7.023759e+00,6.150603e+00,6.107023e+00,6.222576e+00,6.706862e+00,6.483107e+00,7.264030e+00,6.302619e+00,6.934397e+00,7.107425e+00,6.858565e+00,6.888572e+00,6.470800e+00,6.731018e+00,6.539586e+00,6.381816e+00,7.462215e+00,5.303305e+00
5.828946e+00,7.023759e+00,6.146329e+00,6.077642e+00,6.248043e+00,6.709304e+00,6.483107e+00,7.231287e+00,6.383507e+00,6.932448e+00,7.099202e+00,6.858565e+00,6.431331e+00,6.398595e+00,6.626718e+00,6.529419e+00,6.238325e+00,7.491645e+00,5.303305e+00
5.828946e+00,7.023759e+00,5.921578e+00,6.261492e+00,6.259581e+00,6.709304e+00,6.483107e+00,7.220374e+00,6.408529e+00,6.803505e+00,7.099202e+00,6.858565e+00,6.499787e+00,6.391917e+00,6.612041e+00,6.464588e+00,6.238325e+00,7.416980e+00,5.303305e+00
5.913503e+00,7.023759e+00,5.883322e+00,6.287859e+00,6.234411e+00,6.725034e+00,6.481577e+00,7.007601e+00,6.768493e+00,6.806829e+00,7.138073e+00,6.858565e+00,6.350886e+00,6.527958e+00,6.610696e+00,6.464588e+00,5.968708e+00,7.370231e+00,5.384495e+00
6.206576e+00,7.023759e+00,5.874931e+00,6.293419e+00,6.161207e+00,6.767343e+00,6.481577e+00,6.956545e+00,6.829794e+00,6.710523e+00,7.141245e+00,6.771936e+00,6.331502e+00,6.535241e+00,6.637258e+00,6.461468e+00,5.940171e+00,7.181592e+00,5.327876e+00
6.309918e+00,7.023759e+00,5.874931e+00,6.289716e+00,6.165418e+00,6.734592e+00,6.371612e+00,6.994850e+00,6.887553e+00,6.664409e+00,6.983790e+00,6.771936e+00,6.359574e+00,6.535241e+00,6.693324e+00,6.313548e+00,5.929589e+00,7.177782e+00,5.327876e+00
6.364751e+00,7.023759e+00,5.811141e+00,6.329721e+00,6.165418e+00,6.659294e+00,6.470800e+00,6.965080e+00,6.919684e+00,6.708084e+00,7.056175e+00,6.711740e+00,6.386879e+00,6.535241e+00,6.697034e+00,6.343880e+00,5.891644e+00,7.177782e+00,5.327876e+00
6.364751e+00,7.023759e+00,5.811141e+00,6.329721e+00,6.165418e+00,6.579251e+00,6.559615e+00,6.755769e+00,7.100027e+00,6.708084e+00,7.068172e+00,6.711740e+00,6.386879e+00,6.535241e+00,6.726233e+00,6.342121e+00,5.743003e+00,7.177782e+00,5.323010e+00
6.390241e+00,6.997596e+00,5.894403e+00,6.329721e+00,5.905362e+00,6.717805e+00,6.562444e+00,6.751101e+00,7.103322e+00,6.293419e+00,7.044905e+00,6.726233e+00,6.386879e+00,6.535241e+00,6.830874e+00,6.342121e+00,5.393628e+00,7.177782e+00,5.459586e+00
6.555357e+00,6.990257e+00,5.916202e+00,6.329721e+00,5.905362e+00,6.647688e+00,6.272877e+00,6.993015e+00,7.074117e+00,6.315358e+00,7.010312e+00,6.673298e+00,6.388561e+00,6.535241e+00,6.784457e+00,6.342121e+00,5.129899e+00,7.207119e+00,5.662960e+00
6.856462e+00,6.940222e+00,6.049733e+00,6.329721e+00,5.905362e+00,6.566672e+00,6.070738e+00,7.127694e+00,7.065613e+00,6.313548e+00,7.010312e+00,6.720220e+00,6.478510e+00,6.535241e+00,6.779922e+00,6.342121e+00,5.476464e+00,7.177782e+00,5.666427e+00
6.769642e+00,7.042286e+00,6.056784e+00,6.329721e+00,5.905362e+00,6.566672e+00,5.799093e+00,7.207119e+00,7.065613e+00,6.393591e+00,7.036148e+00,6.679599e+00,6.771936e+00,6.535241e+00,6.779922e+00,6.342121e+00,5.808142e+00,7.050123e+00,5.805135e+00
6.807935e+00,7.013915e+00,6.139885e+00,6.335054e+00,5.860786e+00,6.588926e+00,5.602119e+00,7.221105e+00,7.099202e+00,6.423247e+00,7.036148e+00,6.841615e+00,7.079184e+00,6.535241e+00,6.773080e+00,6.342121e+00,6.030685e+00,6.974479e+00,6.180017e+00
7.136483e+00,6.936343e+00,6.295266e+00,6.343880e+00,5.826000e+00,6.605298e+00,5.587249e+00,7.138867e+00,7.150701e+00,6.423247e+00,7.044905e+00,6.850126e+00,7.210080e+00,6.535241e+00,6.773080e+00,6.202536e+00,5.736572e+00,6.886532e+00,6.393591e+00
7.244228e+00,6.966024e+00,6.298949e+00,6.347389e+00,5.808142e+00,6.613384e+00,5.587249e+00,7.029973e+00,7.231287e+00,6.423247e+00,7.044905e+00,6.834109e+00,7.256297e+00,6.535241e+00,6.775366e+00,6.200509e+00,5.768321e+00,6.818924e+00,6.431331e+00
7.259116e+00,6.932448e+00,6.496775e+00,6.347389e+00,5.774552e+00,6.628041e+00,5.587249e+00,7.029973e+00,7.229839e+00,6.270988e+00,7.032624e+00,6.765039e+00,7.275865e+00,6.535241e+00,6.784457e+00,6.214608e+00,5.932245e+00,6.818924e+00,6.487684e+00
7.252054e+00,6.609349e+00,6.862758e+00,6.347389e+00,5.739793e+00,6.642487e+00,5.587249e+00,6.984716e+00,7.257708e+00,6.272877e+00,7.037028e+00,6.749931e+00,7.475906e+00,6.535241e+00,6.612041e+00,6.025866e+00,5.958425e+00,6.818924e+00,6.643790e+00
7.252762e+00,6.594413e+00,6.874198e+00,6.347389e+00,5.739793e+00,6.605298e+00,5.686975e+00,6.893656e+00,7.268920e+00,6.272877e+00,6.846943e+00,6.712956e+00,7.492760e+00,6.535241e+00,6.704414e+00,6.124683e+00,6.113682e+00,6.818924e+00,6.651572e+00
7.253470e+00,6.198479e+00,7.095064e+00,6.304449e+00,5.799093e+00,6.566672e+00,5.793014e+00,6.866933e+00,7.245655e+00,6.204558e+00,7.001246e+00,6.617403e+00,7.524561e+00,6.535241e+00,6.704414e+00,6.124683e+00,6.363028e+00,6.818924e+00,6.651572e+00
7.255591e+00,6.198479e+00,7.086738e+00,6.322565e+00,5.799093e+00,6.470800e+00,5.973810e+00,6.753438e+00,7.292337e+00,6.251904e+00,6.858565e+00,6.426488e+00,7.616284e+00,6.535241e+00,6.722630e+00,6.124683e+00,6.456770e+00,6.802395e+00,6.651572e+00
7.289611e+00,6.198479e+00,7.051856e+00,6.393591e+00,5.799093e+00,6.452049e+00,6.003887e+00,6.576470e+00,7.307202e+00,6.095825e+00,6.985642e+00,6.418365e+00,7.663877e+00,6.535241e+00,5.986452e+00,6.150603e+00,6.456770e+00,6.742881e+00,6.633318e+00
7.409136e+00,6.198479e+00,7.037028e+00,6.405228e+00,5.828946e+00,6.411818e+00,6.063785e+00,6.542472e+00,7.284135e+00,5.616771e+00,6.978214e+00,6.579251e+00,7.643962e+00,6.535241e+00,5.996452e+00,6.148468e+00,6.456770e+00,6.742881e+00,6.711740e+00
7.439559e+00,6.200509e+00,6.980076e+00,6.396930e+00,6.011267e+00,6.352629e+00,6.142037e+00,6.541030e+00,7.277939e+00,5.429346e+00,7.028201e+00,6.545350e+00,7.643004e+00,6.535241e+00,5.998937e+00,5.690359e+00,6.436150e+00,6.739337e+00,6.751101e+00
7.450080e+00,6.161207e+00,6.961296e+00,6.318968e+00,6.198479e+00,6.350886e+00,6.144186e+00,6.541030e+00,7.277939e+00,5.424950e+00,7.033506e+00,6.455199e+00,7.644441e+00,6.576470e+00,6.218600e+00,5.634790e+00,6.424869e+00,6.709304e+00,6.751101e+00
7.418181e+00,6.218600e+00,6.949856e+00,6.385194e+00,6.161207e+00,6.326149e+00,6.210600e+00,6.541030e+00,7.277939e+00,5.416100e+00,7.094235e+00,6.496775e+00,7.644441e+00,6.711740e+00,6.343880e+00,5.493061e+00,6.424869e+00,5.991465e+00,6.751101e+00
7.447751e+00,6.244167e+00,6.949856e+00,6.357842e+00,6.028279e+00,5.945421e+00,6.620073e+00,6.541030e+00,7.275865e+00,5.509388e+00,7.163947e+00,6.502790e+00,7.604894e+00,6.935370e+00,6.456770e+00,5.484797e+00,6.432940e+00,5.897154e+00,6.630683e+00
7.461066e+00,6.244167e+00,6.931472e+00,6.386879e+00,6.006353e+00,5.811141e+00,6.695799e+00,6.541030e+00,7.275172e+00,5.874931e+00,7.237778e+00,6.502790e+00,7.604894e+00,6.744059e+00,6.508769e+00,5.476464e+00,6.523562e+00,5.950643e+00,6.621406e+00
7.526718e+00,6.244167e+00,6.931472e+00,6.386879e+00,5.598422e+00,6.133398e+00,6.706862e+00,6.541030e+00,7.275172e+00,6.218600e+00,7.147559e+00,6.455199e+00,7.619724e+00,6.658011e+00,6.559615e+00,5.525453e+00,6.523562e+00,5.948035e+00,6.645091e+00
7.542213e+00,6.244167e+00,6.929517e+00,6.390241e+00,5.598422e+00,6.133398e+00,6.706862e+00,6.504288e+00,7.292337e+00,6.224558e+00,7.057037e+00,6.487684e+00,7.634821e+00,6.801283e+00,6.559615e+00,5.525453e+00,6.573680e+00,5.739793e+00,6.646391e+00
7.636752e+00,6.242223e+00,6.896694e+00,6.432940e+00,5.613128e+00,6.142037e+00,6.706862e+00,6.483107e+00,7.299121e+00,6.224558e+00,6.961296e+00,6.517671e+00,7.609367e+00,6.738152e+00,6.569481e+00,5.525453e+00,6.672033e+00,5.765191e+00,6.758095e+00
7.644441e+00,5.765191e+00,7.026427e+00,6.144186e+00,6.142037e+00,6.190315e+00,6.706862e+00,6.483107e+00,7.267525e+00,6.222576e+00,6.956545e+00,6.538140e+00,7.586296e+00,6.620073e+00,6.874198e+00,5.525453e+00,6.672033e+00,5.793014e+00,6.896694e+00
7.636270e+00,5.820083e+00,7.023759e+00,6.150603e+00,6.107023e+00,6.222576e+00,6.706862e+00,6.483107e+00,7.264030e+00,6.267201e+00,7.085901e+00,6.538140e+00,7.583248e+00,6.599870e+00,6.978214e+00,5.525453e+00,6.672033e+00,5.683580e+00,6.923629e+00
7.654917e+00,5.828946e+00,7.023759e+00,6.146329e+00,6.077642e+00,6.248043e+00,6.709304e+00,6.483107e+00,7.231287e+00,6.267201e+00,7.128496e+00,6.538140e+00,7.583756e+00,6.575076e+00,7.024649e+00,5.525453e+00,6.688355e+00,5.442418e+00,6.927558e+00
7.667626e+00,5.828946e+00,7.023759e+00,5.921578e+00,6.261492e+00,6.259581e+00,6.709304e+00,6.483107e+00,7.220374e+00,6.253829e+00,7.132498e+00,6.541030e+00,7.570443e+00,6.541030e+00,7.024649e+00,5.583496e+00,6.703188e+00,5.225747e+00,6.927558e+00
7.675082e+00,5.913503e+00,7.023759e+00,5.883322e+00,6.287859e+00,6.234411e+00,6.725034e+00,6.481577e+00,7.007601e+00,6.244167e+00,7.115582e+00,6.541030e+00,7.578657e+00,6.415097e+00,7.016610e+00,5.817111e+00,6.785588e+00,5.389072e+00,6.955593e+00
7.662468e+00,6.206576e+00,7.023759e+00,5.874931e+00,6.293419e+00,6.161207e+00,6.767343e+00,6.481577e+00,6.956545e+00,6.244167e+00,7.111512e+00,6.548219e+00,7.593878e+00,6.421622e+00,6.998510e+00,5.910797e+00,6.790097e+00,5.389072e+00,7.017506e+00
7.640123e+00,6.309918e+00,7.023759e+00,5.874931e+00,6.289716e+00,6.165418e+00,6.734592e+00,6.371612e+00,6.994850e+00,6.244167e+00,7.118826e+00,6.551080e+00,7.578145e+00,6.421622e+00,6.957497e+00,6.001415e+00,6.793466e+00,5.389072e+00,7.034388e+00
7.625107e+00,6.364751e+00,7.023759e+00,5.811141e+00,6.329721e+00,6.165418e+00,6.659294e+00,6.470800e+00,6.965080e+00,6.173786e+00,7.040536e+00,6.551080e+00,7.569928e+00,6.421622e+00,7.069874e+00,5.953243e+00,6.836259e+00,5.389072e+00,7.061334e+00
7.625107e+00,6.364751e+00,7.023759e+00,5.811141e+00,6.329721e+00,6.165418e+00,6.579251e+00,6.559615e+00,6.755769e+00,6.173786e+00,7.055313e+00,6.558198e+00,7.570443e+00,6.445720e+00,7.069874e+00,5.986452e+00,6.864848e+00,5.389072e+00,7.075809e+00
7.617760e+00,6.390241e+00,6.997596e+00,5.894403e+00,6.329721e+00,5.905362e+00,6.717805e+00,6.562444e+00,6.751101e+00,6.171701e+00,7.066467e+00,6.545350e+00,7.570443e+00,6.511745e+00,7.085064e+00,6.018593e+00,6.870053e+00,5.389072e+00,7.054450e+00
7.592870e+00,6.555357e+00,6.990257e+00,5.916202e+00,6.329721e+00,5.905362e+00,6.647688e+00,6.272877e+00,6.993015e+00,6.142037e+00,7.124478e+00,6.545350e+00,7.569928e+00,6.514713e+00,7.064759e+00,6.018593e+00,6.870053e+00,5.198497e+00,7.037028e+00
7.462789e+00,6.856462e+00,6.940222e+00,6.049733e+00,6.329721e+00,5.905362e+00,6.566672e+00,6.070738e+00,7.127694e+00,6.282267e+00,7.210818e+00,6.419995e+00,7.540622e+00,6.514713e+00,7.064759e+00,6.018593e+00,6.909753e+00,5.209486e+00,7.068172e+00
7.456455e+00,6.769642e+00,7.042286e+00,6.056784e+00,6.329721e+00,5.905362e+00,6.566672e+00,5.799093e+00,7.207119e+00,6.202536e+00,7.290975e+00,6.419995e+00,7.415175e+00,6.514713e+00,7.073270e+00,6.018593e+00,6.811244e+00,5.170484e+00,7.023759e+00
7.436617e+00,6.807935e+00,7.013915e+00,6.139885e+00,6.335054e+00,5.860786e+00,6.588926e+00,5.602119e+00,7.221105e+00,6.238325e+00,7.290975e+00,6.152733e+00,7.205635e+00,6.514713e+00,7.080026e+00,6.018593e+00,6.715383e+00,5.164786e+00,6.879356e+00
7.248504e+00,7.136483e+00,6.936343e+00,6.295266e+00,6.343880e+00,5.826000e+00,6.605298e+00,5.587249e+00,7.138867e+00,6.311735e+00,7.346010e+00,6.150603e+00,7.074117e+00,6.514713e+00,7.163172e+00,6.013715e+00,6.665684e+00,5.164786e+00,6.875232e+00
7.113142e+00,7.244228e+00,6.966024e+00,6.298949e+00,6.347389e+00,5.808142e+00,6.613384e+00,5.587249e+00,7.029973e+00,6.415097e+00,7.387709e+00,6.150603e+00,7.074963e+00,6.514713e+00,7.163172e+00,6.018593e+00,6.669498e+00,5.164786e+00,6.878326e+00
7.023759e+00,7.259116e+00,6.932448e+00,6.496775e+00,6.347389e+00,5.774552e+00,6.628041e+00,5.587249e+00,7.029973e+00,6.447306e+00,7.408531e+00,6.175867e+00,7.037906e+00,6.542472e+00,7.156956e+00,6.052089e+00,6.594413e+00,5.170484e+00,6.854355e+00
7.031741e+00,7.252054e+00,6.609349e+00,6.862758e+00,6.347389e+00,5.739793e+00,6.642487e+00,5.587249e+00,6.984716e+00,6.447306e+00,7.404279e+00,6.175867e+00,6.639876e+00,6.610696e+00,7.142037e+00,5.940171e+00,6.580639e+00,5.170484e+00,6.775366e+00
7.039660e+00,7.252762e+00,6.594413e+00,6.874198e+00,6.347389e+00,5.739793e+00,6.605298e+00,5.686975e+00,6.893656e+00,6.569481e+00,7.403670e+00,6.175867e+00,6.526495e+00,6.741701e+00,7.138073e+00,5.820083e+00,6.486161e+00,5.170484e+00,6.907755e+00
7.042286e+00,7.253470e+00,6.198479e+00,7.095064e+00,6.304449e+00,5.799093e+00,6.566672e+00,5.793014e+00,6.866933e+00,6.679599e+00,7.301822e+00,6.023448e+00,6.436150e+00,6.776507e+00,7.143618e+00,5.820083e+00,6.269096e+00,5.170484e+00,6.910751e+00
7.097549e+00,7.255591e+00,6.198479e+00,7.086738e+00,6.322565e+00,5.799093e+00,6.470800e+00,5.973810e+00,6.753438e+00,6.669498e+00,7.315218e+00,6.028279e+00,6.028279e+00,6.777647e+00,7.134094e+00,5.820083e+00,6.154858e+00,5.252273e+00,6.923629e+00
7.080026e+00,7.289611e+00,6.198479e+00,7.051856e+00,6.393591e+00,5.799093e+00,6.452049e+00,6.003887e+00,6.576470e+00,6.685861e+00,7.250636e+00,6.025866e+00,5.755742e+00,6.884487e+00,7.127694e+00,5.686975e+00,6.154858e+00,5.283204e+00,7.111512e+00
6.912743e+00,7.409136e+00,6.198479e+00,7.037028e+00,6.405228e+00,5.828946e+00,6.411818e+00,6.063785e+00,6.542472e+00,6.699500e+00,7.211557e+00,5.398163e+00,5.690359e+00,6.889591e+00,7.172425e+00,5.690359e+00,6.198479e+00,5.303305e+00,7.121252e+00
6.859615e+00,7.439559e+00,6.200509e+00,6.980076e+00,6.396930e+00,6.011267e+00,6.352629e+00,6.142037e+00,6.541030e+00,6.752270e+00,7.172425e+00,5.420535e+00,5.613128e+00,6.889591e+00,7.207119e+00,5.472271e+00,6.315358e+00,5.493061e+00,7.192934e+00
6.840547e+00,7.450080e+00,6.161207e+00,6.961296e+00,6.318968e+00,6.198479e+00,6.350886e+00,6.144186e+00,6.541030e+00,6.800170e+00,7.167809e+00,5.420535e+00,5.680173e+00,6.859615e+00,7.132498e+00,5.472271e+00,6.375025e+00,5.493061e+00,7.192934e+00
6.840547e+00,7.418181e+00,6.218600e+00,6.949856e+00,6.385194e+00,6.161207e+00,6.326149e+00,6.210600e+00,6.541030e+00,6.800170e+00,7.113142e+00,5.298317e+00,5.680173e+00,6.744059e+00,7.064759e+00,5.472271e+00,6.447306e+00,5.493061e+00,7.193686e+00
6.770789e+00,7.447751e+00,6.244167e+00,6.949856e+00,6.357842e+00,6.028279e+00,5.945421e+00,6.620073e+00,6.541030e+00,6.738152e+00,7.126087e+00,5.505332e+00,5.673323e+00,6.469250e+00,7.004882e+00,5.509388e+00,6.478510e+00,5.700444e+00,7.230563e+00
6.744059e+00,7.461066e+00,6.244167e+00,6.931472e+00,6.386879e+00,6.006353e+00,5.811141e+00,6.695799e+00,6.541030e+00,6.572283e+00,7.059618e+00,5.556828e+00,5.673323e+00,6.467699e+00,6.973543e+00,5.509388e+00,6.432940e+00,6.006353e+00,7.230563e+00
6.594413e+00,7.526718e+00,6.244167e+00,6.931472e+00,6.386879e+00,5.598422e+00,6.133398e+00,6.706862e+00,6.541030e+00,6.331502e+00,7.012115e+00,5.743003e+00,5.638355e+00,6.463029e+00,6.940222e+00,5.459586e+00,6.523562e+00,6.122493e+00,7.217443e+00
6.553933e+00,7.542213e+00,6.244167e+00,6.929517e+00,6.390241e+00,5.598422e+00,6.133398e+00,6.706862e+00,6.504288e+00,6.326149e+00,7.124478e+00,5.673323e+00,5.541264e+00,6.347389e+00,6.940222e+00,5.459586e+00,6.473891e+00,6.475433e+00,7.216709e+00
6.244167e+00,7.636752e+00,6.242223e+00,6.896694e+00,6.432940e+00,5.613128e+00,6.142037e+00,6.706862e+00,6.483107e+00,6.326149e+00,7.151485e+00,6.040255e+00,5.631212e+00,6.530878e+00,6.933423e+00,5.459586e+00,6.356108e+00,6.535241e+00,7.163172e+00
6.222576e+00,7.644441e+00,5.765191e+00,7.026427e+00,6.144186e+00,6.142037e+00,6.190315e+00,6.706862e+00,6.483107e+00,6.326149e+00,7.162397e+00,6.543912e+00,5.799093e+00,6.570883e+00,6.648985e+00,5.459586e+00,6.356108e+00,6.620073e+00,7.079184e+00
6.222576e+00,7.636270e+00,5.820083e+00,7.023759e+00,6.150603e+00,6.107023e+00,6.222576e+00,6.706862e+00,6.483107e+00,6.284134e+00,7.074117e+00,6.704414e+00,5.837730e+00,6.464588e+00,6.577861e+00,5.459586e+00,6.401917e+00,6.786717e+00,7.063048e+00
6.150603e+00,7.654917e+00,5.828946e+00,7.023759e+00,6.146329e+00,6.077642e+00,6.248043e+00,6.709304e+00,6.483107e+00,6.284134e+00,7.131699e+00,6.741701e+00,5.872118e+00,6.467699e+00,6.504288e+00,5.459586e+00,6.411818e+00,6.820016e+00,7.059618e+00
6.171701e+00,7.667626e+00,5.828946e+00,7.023759e+00,5.921578e+00,6.261492e+00,6.259581e+00,6.709304e+00,6.483107e+00,6.282267e+00,7.141245e+00,6.745236e+00,5.739793e+00,6.467699e+00,6.504288e+00,5.393628e+00,6.391917e+00,6.787845e+00,7.059618e+00
6.079933e+00,7.675082e+00,5.913503e+00,7.023759e+00,5.883322e+00,6.287859e+00,6.234411e+00,6.725034e+00,6.481577e+00,6.282267e+00,7.130099e+00,6.745236e+00,5.686975e+00,6.459904e+00,6.504288e+00,5.010635e+00,6.272877e+00,6.830874e+00,6.985642e+00
5.823046e+00,7.662468e+00,6.206576e+00,7.023759e+00,5.874931e+00,6.293419e+00,6.161207e+00,6.767343e+00,6.481577e+00,6.282267e+00,7.128496e+00,6.761573e+00,5.579730e+00,6.624065e+00,6.583409e+00,4.762174e+00,6.265301e+00,6.896694e+00,6.921658e+00
5.802118e+00,7.640123e+00,6.309918e+00,7.023759e+00,5.874931e+00,6.289716e+00,6.165418e+00,6.734592e+00,6.371612e+00,6.282267e+00,7.147559e+00,6.887553e+00,5.669881e+00,6.692084e+00,6.591674e+00,4.454347e+00,6.270988e+00,6.902743e+00,6.902743e+00
5.802118e+00,7.625107e+00,6.364751e+00,7.023759e+00,5.811141e+00,6.329721e+00,6.165418e+00,6.659294e+00,6.470800e+00,6.285998e+00,7.148346e+00,7.039660e+00,5.945421e+00,6.725034e+00,6.418365e+00,4.454347e+00,6.196444e+00,7.102499e+00,6.897705e+00
5.958425e+00,7.625107e+00,6.364751e+00,7.023759e+00,5.811141e+00,6.329721e+00,6.165418e+00,6.579251e+00,6.559615e+00,6.285998e+00,7.122867e+00,7.035269e+00,5.950643e+00,6.818924e+00,6.487684e+00,5.252273e+00,6.154858e+00,7.406103e+00,6.896694e+00
6.021023e+00,7.617760e+00,6.390241e+00,6.997596e+00,5.894403e+00,6.329721e+00,5.905362e+00,6.717805e+00,6.562444e+00,6.313548e+00,7.112327e+00,7.031741e+00,5.950643e+00,6.897705e+00,6.308098e+00,5.517453e+00,6.144186e+00,7.460490e+00,6.932448e+00
6.236370e+00,7.592870e+00,6.555357e+00,6.990257e+00,5.916202e+00,6.329721e+00,5.905362e+00,6.647688e+00,6.272877e+00,6.335054e+00,7.053586e+00,7.031741e+00,5.953243e+00,6.895683e+00,6.329721e+00,5.802118e+00,6.144186e+00,7.520235e+00,6.931472e+00
6.232448e+00,7.462789e+00,6.856462e+00,6.940222e+00,6.049733e+00,6.329721e+00,5.905362e+00,6.566672e+00,6.070738e+00,6.200509e+00,6.952729e+00,7.037906e+00,5.953243e+00,6.897705e+00,6.499787e+00,6.272877e+00,5.874931e+00,7.549609e+00,6.896694e+00
6.261492e+00,7.456455e+00,6.769642e+00,7.042286e+00,6.056784e+00,6.329721e+00,5.905362e+00,6.566672e+00,5.799093e+00,6.206576e+00,6.805723e+00,7.054450e+00,5.966147e+00,6.957497e+00,6.484635e+00,6.329721e+00,5.874931e+00,7.588324e+00,6.896694e+00
6.272877e+00,7.436617e+00,6.807935e+00,7.013915e+00,6.139885e+00,6.335054e+00,5.860786e+00,6.588926e+00,5.602119e+00,6.304449e+00,6.869014e+00,7.183112e+00,5.973810e+00,7.045777e+00,6.472346e+00,6.329721e+00,5.877736e+00,7.588324e+00,6.896694e+00
6.349139e+00,7.248504e+00,7.136483e+00,6.936343e+00,6.295266e+00,6.343880e+00,5.826000e+00,6.605298e+00,5.587249e+00,6.230481e+00,6.822197e+00,7.298445e+00,6.177944e+00,7.083388e+00,6.298949e+00,6.329721e+00,5.902633e+00,7.594884e+00,6.777647e+00
6.428105e+00,7.113142e+00,7.244228e+00,6.966024e+00,6.298949e+00,6.347389e+00,5.808142e+00,6.613384e+00,5.587249e+00,6.206576e+00,6.784457e+00,7.351800e+00,6.246107e+00,7.090077e+00,6.295266e+00,6.326149e+00,6.302619e+00,7.597396e+00,6.747587e+00
6.436150e+00,7.023759e+00,7.259116e+00,6.932448e+00,6.496775e+00,6.347389e+00,5.774552e+00,6.628041e+00,5.587249e+00,6.411818e+00,6.749931e+00,7.388328e+00,6.259581e+00,7.074963e+00,6.295266e+00,6.285998e+00,6.426488e+00,7.605392e+00,6.732211e+00
6.630683e+00,7.031741e+00,7.252054e+00,6.609349e+00,6.862758e+00,6.347389e+00,5.739793e+00,6.642487e+00,5.587249e+00,6.637258e+00,6.767343e+00,7.390181e+00,6.259581e+00,7.057898e+00,6.306275e+00,6.285998e+00,6.565265e+00,7.640123e+00,6.684612e+00
6.734592e+00,7.039660e+00,7.252762e+00,6.594413e+00,6.874198e+00,6.347389e+00,5.739793e+00,6.605298e+00,5.686975e+00,6.523562e+00,6.767343e+00,7.393263e+00,6.240276e+00,6.964136e+00,6.248043e+00,6.295266e+00,6.624065e+00,7.670429e+00,6.496775e+00
6.774224e+00,7.042286e+00,7.253470e+00,6.198479e+00,7.095064e+00,6.304449e+00,5.799093e+00,6.566672e+00,5.793014e+00,6.393591e+00,6.768493e+00,7.397562e+00,6.238325e+00,6.947937e+00,6.238325e+00,6.304449e+00,6.685861e+00,7.750184e+00,6.492240e+00
6.954639e+00,7.097549e+00,7.255591e+00,6.198479e+00,7.086738e+00,6.322565e+00,5.799093e+00,6.470800e+00,5.973810e+00,6.366470e+00,6.852243e+00,7.398174e+00,6.238325e+00,6.955593e+00,6.232448e+00,6.304449e+00,6.695799e+00,7.743703e+00,6.472346e+00
7.210818e+00,7.080026e+00,7.289611e+00,6.198479e+00,7.051856e+00,6.393591e+00,5.799093e+00,6.452049e+00,6.003887e+00,6.343880e+00,6.844815e+00,7.391415e+00,6.297109e+00,6.994850e+00,6.190315e+00,6.263398e+00,6.709304e+00,7.756623e+00,6.079933e+00
7.242798e+00,6.912743e+00,7.409136e+00,6.198479e+00,7.037028e+00,6.405228e+00,5.828946e+00,6.411818e+00,6.063785e+00,6.324359e+00,6.854355e+00,7.377759e+00,6.380123e+00,7.063048e+00,6.124683e+00,6.261492e+00,6.684612e+00,7.796469e+00,5.894403e+00
7.334329e+00,6.859615e+00,7.439559e+00,6.200509e+00,6.980076e+00,6.396930e+00,6.011267e+00,6.352629e+00,6.142037e+00,6.242223e+00,7.044905e+00,7.421178e+00,6.450470e+00,7.122867e+00,6.016157e+00,6.261492e+00,6.605298e+00,7.796058e+00,5.446737e+00
7.334329e+00,6.840547e+00,7.450080e+00,6.161207e+00,6.961296e+00,6.318968e+00,6.198479e+00,6.350886e+00,6.144186e+00,6.156979e+00,7.237778e+00,7.421178e+00,6.415097e+00,7.199678e+00,5.998937e+00,6.261492e+00,6.558198e+00,7.847763e+00,5.451038e+00
7.334329e+00,6.840547e+00,7.418181e+00,6.218600e+00,6.949856e+00,6.385194e+00,6.161207e+00,6.326149e+00,6.210600e+00,6.156979e+00,7.202661e+00,7.433075e+00,6.415097e+00,7.215240e+00,5.998937e+00,6.263398e+00,6.499787e+00,7.908755e+00,5.620401e+00
7.334329e+00,6.770789e+00,7.447751e+00,6.244167e+00,6.949856e+00,6.357842e+00,6.028279e+00,5.945421e+00,6.620073e+00,6.156979e+00,7.122867e+00,7.403061e+00,6.442540e+00,7.237778e+00,5.998937e+00,6.257668e+00,6.461468e+00,7.895436e+00,5.645447e+00
7.334329e+00,6.744059e+00,7.461066e+00,6.244167e+00,6.931472e+00,6.386879e+00,6.006353e+00,5.811141e+00,6.695799e+00,6.156979e+00,7.107425e+00,7.419381e+00,6.499787e+00,7.237778e+00,5.998937e+00,6.257668e+00,6.487684e+00,7.845024e+00,5.676754e+00
7.334329e+00,6.594413e+00,7.526718e+00,6.244167e+00,6.931472e+00,6.386879e+00,5.598422e+00,6.133398e+00,6.706862e+00,6.156979e+00,7.108244e+00,7.387090e+00,6.522093e+00,7.231287e+00,5.998937e+00,6.274762e+00,6.419995e+00,7.821643e+00,5.765191e+00
7.334329e+00,6.553933e+00,7.542213e+00,6.244167e+00,6.929517e+00,6.390241e+00,5.598422e+00,6.133398e+00,6.706862e+00,6.156979e+00,7.006695e+00,7.379008e+00,6.514713e+00,7.181592e+00,5.998937e+00,6.308098e+00,6.525030e+00,7.741099e+00,6.142037e+00
7.334329e+00,6.244167e+00,7.636752e+00,6.242223e+00,6.896694e+00,6.432940e+00,5.613128e+00,6.142037e+00,6.706862e+00,6.156979e+00,6.975414e+00,7.280008e+00,6.453625e+00,7.076654e+00,5.998937e+00,6.308098e+00,6.566672e+00,7.718685e+00,6.628041e+00
7.331060e+00,6.222576e+00,7.644441e+00,5.765191e+00,7.026427e+00,6.144186e+00,6.142037e+00,6.190315e+00,6.706862e+00,6.156979e+00,6.962243e+00,7.054450e+00,6.378426e+00,7.034388e+00,5.998937e+00,6.309918e+00,6.616065e+00,7.709757e+00,6.846943e+00
7.331715e+00,6.222576e+00,7.636270e+00,5.820083e+00,7.023759e+00,6.150603e+00,6.107023e+00,6.222576e+00,6.706862e+00,6.156979e+00,6.927558e+00,6.944087e+00,6.366470e+00,7.039660e+00,5.857933e+00,6.309918e+00,6.579251e+00,7.665753e+00,6.908755e+00
7.327123e+00,6.150603e+00,7.654917e+00,5.828946e+00,7.023759e+00,6.146329e+00,6.077642e+00,6.248043e+00,6.709304e+00,6.156979e+00,6.800170e+00,6.913737e+00,6.376727e+00,7.040536e+00,5.857933e+00,6.309918e+00,6.566672e+00,7.676937e+00,6.918695e+00
7.308543e+00,6.171701e+00,7.667626e+00,5.828946e+00,7.023759e+00,5.921578e+00,6.261492e+00,6.259581e+00,6.709304e+00,6.228511e+00,6.781058e+00,6.908755e+00,6.383507e+00,7.063904e+00,5.857933e+00,6.309918e+00,6.568078e+00,7.659171e+00,6.918695e+00
7.305860e+00,6.079933e+00,7.675082e+00,5.913503e+00,7.023759e+00,5.883322e+00,6.287859e+00,6.234411e+00,6.725034e+00,6.248043e+00,6.766192e+00,6.908755e+00,6.380123e+00,7.124478e+00,5.857933e+00,6.309918e+00,6.563856e+00,7.619724e+00,6.913737e+00
7.305860e+00,5.823046e+00,7.662468e+00,6.206576e+00,7.023759e+00,5.874931e+00,6.293419e+00,6.161207e+00,6.767343e+00,6.248043e+00,6.769642e+00,6.889591e+00,6.408529e+00,7.023759e+00,5.686975e+00,6.309918e+00,6.563856e+00,7.588324e+00,6.917706e+00
7.305860e+00,5.802118e+00,7.640123e+00,6.309918e+00,7.023759e+00,5.874931e+00,6.289716e+00,6.165418e+00,6.734592e+00,6.248043e+00,6.746412e+00,6.762730e+00,6.366470e+00,7.056175e+00,5.752573e+00,6.302619e+00,6.694562e+00,7.585281e+00,6.958448e+00
7.324490e+00,5.802118e+00,7.625107e+00,6.364751e+00,7.023759e+00,5.811141e+00,6.329721e+00,6.165418e+00,6.659294e+00,6.333280e+00,6.760415e+00,6.558198e+00,6.194405e+00,7.113956e+00,5.963579e+00,6.302619e+00,6.693324e+00,7.480428e+00,6.945051e+00
7.317212e+00,5.958425e+00,7.625107e+00,6.364751e+00,7.023759e+00,5.811141e+00,6.329721e+00,6.165418e+00,6.579251e+00,6.373320e+00,6.766192e+00,6.558198e+00,6.188264e+00,7.037906e+00,5.771441e+00,6.059123e+00,6.712956e+00,7.206377e+00,6.929517e+00
7.313220e+00,6.021023e+00,7.617760e+00,6.390241e+00,6.997596e+00,5.894403e+00,6.329721e+00,5.905362e+00,6.717805e+00,6.350886e+00,6.860664e+00,6.577861e+00,6.188264e+00,6.928538e+00,5.765191e+00,5.877736e+00,6.748760e+00,7.135687e+00,6.892642e+00
7.224025e+00,6.236370e+00,7.592870e+00,6.555357e+00,6.990257e+00,5.916202e+00,6.329721e+00,5.905362e+00,6.647688e+00,6.349139e+00,6.943122e+00,6.588926e+00,6.186209e+00,6.928538e+00,5.846439e+00,5.616771e+00,7.234898e+00,7.049255e+00,6.903747e+00
7.223296e+00,6.232448e+00,7.462789e+00,6.856462e+00,6.940222e+00,6.049733e+00,6.329721e+00,5.905362e+00,6.566672e+00,6.476972e+00,7.024649e+00,6.577861e+00,6.186209e+00,6.926577e+00,5.497168e+00,4.356709e+00,7.319202e+00,7.026427e+00,6.907755e+00
7.194437e+00,6.261492e+00,7.456455e+00,6.769642e+00,7.042286e+00,6.056784e+00,6.329721e+00,5.905362e+00,6.566672e+00,6.552508e+00,7.080026e+00,6.538140e+00,6.186209e+00,6.869014e+00,5.513429e+00,3.951244e+00,7.329750e+00,6.963190e+00,6.966967e+00
7.183871e+00,6.272877e+00,7.436617e+00,6.807935e+00,7.013915e+00,6.139885e+00,6.335054e+00,5.860786e+00,6.588926e+00,6.476972e+00,7.066467e+00,6.234411e+00,6.272877e+00,6.765039e+00,5.513429e+00,3.951244e+00,7.504392e+00,7.009409e+00,6.973543e+00
7.123673e+00,6.349139e+00,7.248504e+00,7.136483e+00,6.936343e+00,6.295266e+00,6.343880e+00,5.826000e+00,6.605298e+00,6.642487e+00,7.090077e+00,5.831882e+00,6.265301e+00,6.712956e+00,5.521461e+00,4.290459e+00,7.560601e+00,7.050123e+00,6.981006e+00
7.100852e+00,6.428105e+00,7.113142e+00,7.244228e+00,6.966024e+00,6.298949e+00,6.347389e+00,5.808142e+00,6.613384e+00,6.655440e+00,7.094235e+00,5.560682e+00,6.159095e+00,6.703188e+00,5.533389e+00,4.290459e+00,7.474205e+00,7.133296e+00,6.989335e+00
7.153834e+00,6.436150e+00,7.023759e+00,7.259116e+00,6.932448e+00,6.496775e+00,6.347389e+00,5.774552e+00,6.628041e+00,6.464588e+00,7.087574e+00,5.293305e+00,6.284134e+00,6.701960e+00,5.533389e+00,4.290459e+00,7.565275e+00,7.133296e+00,6.999422e+00
7.048386e+00,6.630683e+00,7.031741e+00,7.252054e+00,6.609349e+00,6.862758e+00,6.347389e+00,5.739793e+00,6.642487e+00,6.188264e+00,7.074963e+00,5.648974e+00,6.284134e+00,6.665684e+00,5.509388e+00,4.290459e+00,7.627057e+00,7.077498e+00,7.026427e+00
6.964136e+00,6.734592e+00,7.039660e+00,7.252762e+00,6.594413e+00,6.874198e+00,6.347389e+00,5.739793e+00,6.605298e+00,6.188264e+00,7.074963e+00,5.680173e+00,6.284134e+00,6.665684e+00,5.351858e+00,4.219508e+00,7.612831e+00,7.029088e+00,7.026427e+00
6.927558e+00,6.774224e+00,7.042286e+00,7.253470e+00,6.198479e+00,7.095064e+00,6.304449e+00,5.799093e+00,6.566672e+00,6.194405e+00,7.074117e+00,5.655992e+00,6.284134e+00,6.648985e+00,5.342334e+00,4.143135e+00,7.588830e+00,6.857514e+00,7.026427e+00
6.661855e+00,6.954639e+00,7.097549e+00,7.255591e+00,6.198479e+00,7.086738e+00,6.322565e+00,5.799093e+00,6.470800e+00,6.196444e+00,6.957497e+00,5.631212e+00,6.284134e+00,6.637258e+00,5.342334e+00,4.143135e+00,7.592366e+00,6.864848e+00,7.026427e+00
6.309918e+00,7.210818e+00,7.080026e+00,7.289611e+00,6.198479e+00,7.051856e+00,6.393591e+00,5.799093e+00,6.452049e+00,6.196444e+00,6.943122e+00,5.686975e+00,6.224558e+00,6.432940e+00,5.342334e+00,4.812184e+00,7.612337e+00,6.901737e+00,7.026427e+00
6.335054e+00,7.242798e+00,6.912743e+00,7.409136e+00,6.198479e+00,7.037028e+00,6.405228e+00,5.828946e+00,6.411818e+00,6.196444e+00,6.995766e+00,5.686975e+00,6.126869e+00,6.291569e+00,5.187386e+00,4.820282e+00,7.611842e+00,6.901737e+00,7.026427e+00
6.079933e+00,7.334329e+00,6.859615e+00,7.439559e+00,6.200509e+00,6.980076e+00,6.396930e+00,6.011267e+00,6.352629e+00,6.204558e+00,6.906755e+00,5.389072e+00,6.082219e+00,6.148468e+00,5.220356e+00,4.820282e+00,7.618251e+00,6.875232e+00,7.026427e+00
6.082219e+00,7.334329e+00,6.840547e+00,7.450080e+00,6.161207e+00,6.961296e+00,6.318968e+00,6.198479e+00,6.350886e+00,6.293419e+00,6.732211e+00,5.389072e+00,6.148468e+00,5.910797e+00,5.429346e+00,4.820282e+00,7.618251e+00,6.732211e+00,7.025538e+00
6.082219e+00,7.334329e+00,6.840547e+00,7.418181e+00,6.218600e+00,6.949856e+00,6.385194e+00,6.161207e+00,6.326149e+00,6.302619e+00,6.810142e+00,5.393628e+00,6.251904e+00,5.852202e+00,5.429346e+00,4.812184e+00,7.618742e+00,6.543912e+00,6.991177e+00
6.093570e+00,7.334329e+00,6.770789e+00,7.447751e+00,6.244167e+00,6.949856e+00,6.357842e+00,6.028279e+00,5.945421e+00,6.383507e+00,6.862758e+00,5.513429e+00,6.308098e+00,5.768321e+00,5.429346e+00,4.762174e+00,7.618742e+00,6.513230e+00,6.938284e+00
6.098074e+00,7.334329e+00,6.744059e+00,7.461066e+00,6.244167e+00,6.931472e+00,6.386879e+00,6.006353e+00,5.811141e+00,6.408529e+00,6.892642e+00,5.707110e+00,6.242223e+00,5.768321e+00,5.429346e+00,4.804021e+00,7.604894e+00,6.517671e+00,6.929517e+00
6.098074e+00,7.334329e+00,6.594413e+00,7.526718e+00,6.244167e+00,6.931472e+00,6.386879e+00,5.598422e+00,6.133398e+00,6.768493e+00,6.894670e+00,5.710427e+00,6.144186e+00,5.768321e+00,5.429346e+00,4.727388e+00,7.599401e+00,6.523562e+00,6.902743e+00
6.098074e+00,7.334329e+00,6.553933e+00,7.542213e+00,6.244167e+00,6.929517e+00,6.390241e+00,5.598422e+00,6.133398e+00,6.829794e+00,6.858565e+00,5.963579e+00,6.144186e+00,5.768321e+00,5.505332e+00,4.795791e+00,7.584265e+00,6.523562e+00,6.744059e+00
6.098074e+00,7.334329e+00,6.244167e+00,7.636752e+00,6.242223e+00,6.896694e+00,6.432940e+00,5.613128e+00,6.142037e+00,6.887553e+00,6.858565e+00,5.963579e+00,6.146329e+00,5.768321e+00,5.556828e+00,4.820282e+00,7.596894e+00,6.523562e+00,6.287859e+00
6.098074e+00,7.331060e+00,6.222576e+00,7.644441e+00,5.765191e+00,7.026427e+00,6.144186e+00,6.142037e+00,6.190315e+00,6.919684e+00,7.042286e+00,6.018593e+00,6.135565e+00,5.768321e+00,5.940171e+00,5.693732e+00,7.596392e+00,6.439350e+00,5.783825e+00
6.093570e+00,7.331715e+00,6.222576e+00,7.636270e+00,5.820083e+00,7.023759e+00,6.150603e+00,6.107023e+00,6.222576e+00,7.100027e+00,7.044905e+00,6.070738e+00,6.122493e+00,5.746203e+00,6.287859e+00,5.717028e+00,7.611842e+00,6.373320e+00,5.549076e+00
6.093570e+00,7.327123e+00,6.150603e+00,7.654917e+00,5.828946e+00,7.023759e+00,6.146329e+00,6.077642e+00,6.248043e+00,7.103322e+00,7.044905e+00,6.093570e+00,6.079933e+00,5.730100e+00,6.440947e+00,5.730100e+00,7.610358e+00,6.274762e+00,5.509388e+00
6.073045e+00,7.308543e+00,6.171701e+00,7.667626e+00,5.828946e+00,7.023759e+00,5.921578e+00,6.261492e+00,6.259581e+00,7.074117e+00,7.044905e+00,6.236370e+00,6.073045e+00,5.638355e+00,6.455199e+00,5.730100e+00,7.707962e+00,6.274762e+00,5.509388e+00
6.073045e+00,7.305860e+00,6.079933e+00,7.675082e+00,5.913503e+00,7.023759e+00,5.883322e+00,6.287859e+00,6.234411e+00,7.065613e+00,7.053586e+00,6.366470e+00,6.084499e+00,5.337538e+00,6.455199e+00,5.866468e+00,7.727976e+00,6.274762e+00,5.497168e+00
6.073045e+00,7.305860e+00,5.823046e+00,7.662468e+00,6.206576e+00,7.023759e+00,5.874931e+00,6.293419e+00,6.161207e+00,7.065613e+00,7.050989e+00,6.369901e+00,6.054439e+00,5.318120e+00,6.466145e+00,5.934894e+00,7.749322e+00,6.274762e+00,5.545177e+00
6.073045e+00,7.305860e+00,5.802118e+00,7.640123e+00,6.309918e+00,7.023759e+00,5.874931e+00,6.289716e+00,6.165418e+00,7.099202e+00,7.039660e+00,6.551080e+00,6.124683e+00,4.736198e+00,6.672033e+00,6.280396e+00,7.705713e+00,6.274762e+00,5.365976e+00
6.006353e+00,7.324490e+00,5.802118e+00,7.625107e+00,6.364751e+00,7.023759e+00,5.811141e+00,6.329721e+00,6.165418e+00,7.150701e+00,7.028201e+00,6.565265e+00,6.236370e+00,2.890372e+00,6.563856e+00,6.343880e+00,7.739794e+00,6.228511e+00,5.407172e+00
5.888878e+00,7.317212e+00,5.958425e+00,7.625107e+00,6.364751e+00,7.023759e+00,5.811141e+00,6.329721e+00,6.165418e+00,7.231287e+00,7.023759e+00,6.565265e+00,6.364751e+00,2.397895e+00,6.575076e+00,6.583409e+00,7.751475e+00,6.216606e+00,5.463832e+00
5.834811e+00,7.313220e+00,6.021023e+00,7.617760e+00,6.390241e+00,6.997596e+00,5.894403e+00,6.329721e+00,5.905362e+00,7.229839e+00,6.957497e+00,6.545350e+00,6.461468e+00,2.995732e+00,6.594413e+00,6.583409e+00,7.745868e+00,6.216606e+00,5.613128e+00
5.749393e+00,7.224025e+00,6.236370e+00,7.592870e+00,6.555357e+00,6.990257e+00,5.916202e+00,6.329721e+00,5.905362e+00,7.257708e+00,6.887553e+00,6.533789e+00,6.579251e+00,3.784190e+00,6.539586e+00,6.583409e+00,7.483244e+00,6.269096e+00,5.480639e+00
5.743003e+00,7.223296e+00,6.232448e+00,7.462789e+00,6.856462e+00,6.940222e+00,6.049733e+00,6.329721e+00,5.905362e+00,7.268920e+00,6.828712e+00,6.530878e+00,6.597146e+00,3.784190e+00,6.555357e+00,6.584791e+00,7.447168e+00,6.240276e+00,5.480639e+00
5.743003e+00,7.194437e+00,6.261492e+00,7.456455e+00,6.769642e+00,7.042286e+00,6.056784e+00,6.329721e+00,5.905362e+00,7.245655e+00,6.755769e+00,6.587550e+00,6.610696e+00,3.688879e+00,6.741701e+00,6.577861e+00,7.457032e+00,6.276643e+00,5.187386e+00
5.743003e+00,7.183871e+00,6.272877e+00,7.436617e+00,6.807935e+00,7.013915e+00,6.139885e+00,6.335054e+00,5.860786e+00,7.292337e+00,6.705639e+00,6.625392e+00,6.545350e+00,3.637586e+00,7.029088e+00,6.577861e+00,7.288928e+00,6.177944e+00,5.147494e+00
5.655992e+00,7.123673e+00,6.349139e+00,7.248504e+00,7.136483e+00,6.936343e+00,6.295266e+00,6.343880e+00,5.826000e+00,7.307202e+00,6.612041e+00,6.625392e+00,6.415097e+00,3.637586e+00,7.126087e+00,6.597146e+00,7.212294e+00,6.047372e+00,5.159055e+00
5.587249e+00,7.100852e+00,6.428105e+00,7.113142e+00,7.244228e+00,6.966024e+00,6.298949e+00,6.347389e+00,5.808142e+00,7.284135e+00,6.561031e+00,6.625392e+00,6.336826e+00,3.637586e+00,7.126087e+00,6.597146e+00,7.185387e+00,5.768321e+00,5.241747e+00
5.288267e+00,7.153834e+00,6.436150e+00,7.023759e+00,7.259116e+00,6.932448e+00,6.496775e+00,6.347389e+00,5.774552e+00,7.277939e+00,6.591674e+00,6.738152e+00,6.202536e+00,4.077537e+00,7.126087e+00,6.599870e+00,6.984716e+00,5.860786e+00,5.181784e+00
5.780744e+00,7.048386e+00,6.630683e+00,7.031741e+00,7.252054e+00,6.609349e+00,6.862758e+00,6.347389e+00,5.739793e+00,7.277939e+00,6.645091e+00,6.693324e+00,6.302619e+00,4.094345e+00,7.126891e+00,6.621406e+00,6.773080e+00,5.857933e+00,4.997212e+00
5.902633e+00,6.964136e+00,6.734592e+00,7.039660e+00,7.252762e+00,6.594413e+00,6.874198e+00,6.347389e+00,5.739793e+00,7.277939e+00,6.645091e+00,6.677083e+00,6.403574e+00,4.110874e+00,7.126891e+00,6.621406e+00,6.840547e+00,5.966147e+00,4.997212e+00
5.905362e+00,6.927558e+00,6.774224e+00,7.042286e+00,7.253470e+00,6.198479e+00,7.095064e+00,6.304449e+00,5.799093e+00,7.275865e+00,6.709304e+00,6.839476e+00,6.526495e+00,4.382027e+00,7.169350e+00,6.621406e+00,6.885510e+00,6.089045e+00,4.997212e+00
5.897154e+00,6.661855e+00,6.954639e+00,7.097549e+00,7.255591e+00,6.198479e+00,7.086738e+00,6.322565e+00,5.799093e+00,7.275172e+00,6.799056e+00,6.842683e+00,6.612041e+00,5.638355e+00,7.186144e+00,6.621406e+00,6.870053e+00,6.073045e+00,4.997212e+00
5.568345e+00,6.309918e+00,7.210818e+00,7.080026e+00,7.289611e+00,6.198479e+00,7.051856e+00,6.393591e+00,5.799093e+00,7.275172e+00,6.773080e+00,6.825460e+00,6.634633e+00,5.774552e+00,7.195937e+00,6.538140e+00,6.877296e+00,5.891644e+00,4.997212e+00
5.796058e+00,6.335054e+00,7.242798e+00,6.912743e+00,7.409136e+00,6.198479e+00,7.037028e+00,6.405228e+00,5.828946e+00,7.292337e+00,6.712956e+00,6.825460e+00,6.634633e+00,5.897154e+00,7.195937e+00,6.536692e+00,6.901737e+00,5.583496e+00,5.003946e+00
5.774552e+00,6.079933e+00,7.334329e+00,6.859615e+00,7.439559e+00,6.200509e+00,6.980076e+00,6.396930e+00,6.011267e+00,7.299121e+00,6.624065e+00,6.824374e+00,6.613384e+00,6.206576e+00,7.191429e+00,6.546785e+00,6.888572e+00,5.533389e+00,5.003946e+00
5.771441e+00,6.082219e+00,7.334329e+00,6.840547e+00,7.450080e+00,6.161207e+00,6.961296e+00,6.318968e+00,6.198479e+00,7.267525e+00,6.588926e+00,6.843750e+00,6.612041e+00,6.437752e+00,7.145196e+00,6.546785e+00,6.910751e+00,5.645447e+00,5.003946e+00
5.771441e+00,6.082219e+00,7.334329e+00,6.840547e+00,7.418181e+00,6.218600e+00,6.949856e+00,6.385194e+00,6.161207e+00,7.264030e+00,6.507278e+00,6.820016e+00,6.561031e+00,6.437752e+00,7.145196e+00,6.546785e+00,6.905753e+00,5.583496e+00,4.962845e+00
5.755742e+00,6.093570e+00,7.334329e+00,6.770789e+00,7.447751e+00,6.244167e+00,6.949856e+00,6.357842e+00,6.028279e+00,7.231287e+00,6.504288e+00,6.791221e+00,6.542472e+00,6.429719e+00,7.145196e+00,6.546785e+00,6.905753e+00,5.583496e+00,4.955827e+00
5.758902e+00,6.098074e+00,7.334329e+00,6.744059e+00,7.461066e+00,6.244167e+00,6.931472e+00,6.386879e+00,6.006353e+00,7.220374e+00,6.562444e+00,6.680855e+00,6.539586e+00,6.437752e+00,7.145196e+00,6.539586e+00,6.886532e+00,5.572154e+00,4.955827e+00
5.758902e+00,6.098074e+00,7.334329e+00,6.594413e+00,7.526718e+00,6.244167e+00,6.931472e+00,6.386879e+00,5.598422e+00,7.007601e+00,6.630683e+00,6.675823e+00,6.538140e+00,6.439350e+00,7.145196e+00,6.539586e+00,6.881411e+00,5.594711e+00,4.955827e+00
5.758902e+00,6.098074e+00,7.334329e+00,6.553933e+00,7.542213e+00,6.244167e+00,6.929517e+00,6.390241e+00,5.598422e+00,6.956545e+00,6.659294e+00,6.559615e+00,6.538140e+00,6.442540e+00,7.130899e+00,6.501290e+00,6.839476e+00,5.697093e+00,4.955827e+00
5.758902e+00,6.098074e+00,7.334329e+00,6.244167e+00,7.636752e+00,6.242223e+00,6.896694e+00,6.432940e+00,5.613128e+00,6.994850e+00,6.746412e+00,6.590301e+00,6.536692e+00,6.444131e+00,7.133296e+00,6.496775e+00,6.777647e+00,5.697093e+00,4.955827e+00
5.758902e+00,6.098074e+00,7.331060e+00,6.222576e+00,7.644441e+00,5.765191e+00,7.026427e+00,6.144186e+00,6.142037e+00,6.965080e+00,6.575076e+00,6.559615e+00,6.536692e+00,6.447306e+00,7.032624e+00,6.192362e+00,6.788972e+00,5.886104e+00,4.955827e+00
5.758902e+00,6.093570e+00,7.331715e+00,6.222576e+00,7.636270e+00,5.820083e+00,7.023759e+00,6.150603e+00,6.107023e+00,6.755769e+00,6.583409e+00,6.527958e+00,6.536692e+00,6.447306e+00,6.882437e+00,6.177944e+00,6.784457e+00,5.902633e+00,4.955827e+00
5.758902e+00,6.093570e+00,7.327123e+00,6.150603e+00,7.654917e+00,5.828946e+00,7.023759e+00,6.146329e+00,6.077642e+00,6.751101e+00,6.677083e+00,6.514713e+00,6.536692e+00,6.447306e+00,6.786717e+00,6.169611e+00,6.953684e+00,5.948035e+00,5.023881e+00
5.758902e+00,6.073045e+00,7.308543e+00,6.171701e+00,7.667626e+00,5.828946e+00,7.023759e+00,5.921578e+00,6.261492e+00,6.993015e+00,6.708084e+00,6.413459e+00,6.565265e+00,6.447306e+00,6.782192e+00,6.169611e+00,6.858565e+00,6.054439e+00,5.023881e+00
5.758902e+00,6.073045e+00,7.305860e+00,6.079933e+00,7.675082e+00,5.913503e+00,7.023759e+00,5.883322e+00,6.287859e+00,7.127694e+00,6.703188e+00,6.289716e+00,6.565265e+00,6.447306e+00,6.829794e+00,6.070738e+00,6.919684e+00,6.265301e+00,5.023881e+00
5.758902e+00,6.073045e+00,7.305860e+00,5.823046e+00,7.662468e+00,6.206576e+00,7.023759e+00,5.874931e+00,6.293419e+00,7.207119e+00,6.827629e+00,6.285998e+00,6.562444e+00,6.448889e+00,6.830874e+00,6.047372e+00,6.876265e+00,6.265301e+00,4.912655e+00
5.758902e+00,6.073045e+00,7.305860e+00,5.802118e+00,7.640123e+00,6.309918e+00,7.023759e+00,5.874931e+00,6.289716e+00,7.221105e+00,7.034388e+00,6.040255e+00,6.558198e+00,6.453625e+00,6.624065e+00,5.826000e+00,6.874198e+00,6.366470e+00,4.990433e+00
5.758902e+00,6.006353e+00,7.324490e+00,5.802118e+00,7.625107e+00,6.364751e+00,7.023759e+00,5.811141e+00,6.329721e+00,7.138867e+00,7.062192e+00,6.013715e+00,6.539586e+00,6.453625e+00,6.617403e+00,5.843544e+00,6.791221e+00,6.386879e+00,5.081404e+00
5.758902e+00,5.888878e+00,7.317212e+00,5.958425e+00,7.625107e+00,6.364751e+00,7.023759e+00,5.811141e+00,6.329721e+00,7.029973e+00,7.105786e+00,6.016157e+00,6.473891e+00,6.484635e+00,6.632002e+00,5.323010e+00,6.733402e+00,6.395262e+00,5.043425e+00
5.758902e+00,5.834811e+00,7.313220e+00,6.021023e+00,7.617760e+00,6.390241e+00,6.997596e+00,5.894403e+00,6.329721e+00,7.029973e+00,7.154615e+00,6.184149e+00,6.378426e+00,6.470800e+00,6.613384e+00,5.323010e+00,6.712956e+00,6.429719e+00,4.727388e+00
5.996452e+00,5.749393e+00,7.224025e+00,6.236370e+00,7.592870e+00,6.555357e+00,6.990257e+00,5.916202e+00,6.329721e+00,6.984716e+00,7.173958e+00,6.333280e+00,6.263398e+00,6.432940e+00,6.629363e+00,5.323010e+00,6.749931e+00,6.458338e+00,4.644391e+00
6.082219e+00,5.743003e+00,7.223296e+00,6.232448e+00,7.462789e+00,6.856462e+00,6.940222e+00,6.049733e+00,6.329721e+00,6.893656e+00,7.148346e+00,6.349139e+00,6.289716e+00,6.440947e+00,6.612041e+00,5.476464e+00,6.692084e+00,6.439350e+00,4.672829e+00
6.082219e+00,5.743003e+00,7.194437e+00,6.261492e+00,7.456455e+00,6.769642e+00,7.042286e+00,6.056784e+00,6.329721e+00,6.866933e+00,7.158514e+00,6.318968e+00,6.297109e+00,6.444131e+00,6.390241e+00,5.480639e+00,6.726233e+00,6.398595e+00,4.672829e+00
6.086775e+00,5.743003e+00,7.183871e+00,6.272877e+00,7.436617e+00,6.807935e+00,7.013915e+00,6.139885e+00,6.335054e+00,6.753438e+00,7.247081e+00,6.267201e+00,6.455199e+00,6.444131e+00,5.849325e+00,5.480639e+00,6.726233e+00,6.419995e+00,4.672829e+00
6.086775e+00,5.655992e+00,7.123673e+00,6.349139e+00,7.248504e+00,7.136483e+00,6.936343e+00,6.295266e+00,6.343880e+00,6.576470e+00,7.244228e+00,6.484635e+00,6.455199e+00,6.444131e+00,5.446737e+00,5.411646e+00,6.755769e+00,6.421622e+00,4.574711e+00
6.154858e+00,5.587249e+00,7.100852e+00,6.428105e+00,7.113142e+00,7.244228e+00,6.966024e+00,6.298949e+00,6.347389e+00,6.542472e+00,7.244228e+00,6.577861e+00,6.455199e+00,6.444131e+00,5.433722e+00,5.463832e+00,6.755769e+00,6.418365e+00,4.290459e+00
6.150603e+00,5.288267e+00,7.153834e+00,6.436150e+00,7.023759e+00,7.259116e+00,6.932448e+00,6.496775e+00,6.347389e+00,6.541030e+00,7.228388e+00,6.469250e+00,6.455199e+00,6.410175e+00,5.433722e+00,5.455321e+00,6.822197e+00,6.467699e+00,4.290459e+00
6.045005e+00,5.780744e+00,7.048386e+00,6.630683e+00,7.031741e+00,7.252054e+00,6.609349e+00,6.862758e+00,6.347389e+00,6.541030e+00,7.198931e+00,6.393591e+00,6.369901e+00,6.408529e+00,5.429346e+00,5.384495e+00,6.813445e+00,6.610696e+00,4.644391e+00
6.013715e+00,5.902633e+00,6.964136e+00,6.734592e+00,7.039660e+00,7.252762e+00,6.594413e+00,6.874198e+00,6.347389e+00,6.541030e+00,7.211557e+00,6.391917e+00,6.278521e+00,6.476972e+00,5.429346e+00,5.384495e+00,6.727432e+00,6.598509e+00,4.644391e+00
6.013715e+00,5.905362e+00,6.927558e+00,6.774224e+00,7.042286e+00,7.253470e+00,6.198479e+00,7.095064e+00,6.304449e+00,6.541030e+00,7.186901e+00,6.200509e+00,6.159095e+00,6.796824e+00,5.176150e+00,5.384495e+00,6.674561e+00,6.526495e+00,4.644391e+00
6.013715e+00,5.897154e+00,6.661855e+00,6.954639e+00,7.097549e+00,7.255591e+00,6.198479e+00,7.086738e+00,6.322565e+00,6.541030e+00,7.201171e+00,6.220590e+00,6.023448e+00,6.695799e+00,5.062595e+00,5.433722e+00,6.674561e+00,6.637258e+00,5.117994e+00
6.016157e+00,5.568345e+00,6.309918e+00,7.210818e+00,7.080026e+00,7.289611e+00,6.198479e+00,7.051856e+00,6.393591e+00,6.541030e+00,7.226209e+00,6.263398e+00,5.981414e+00,6.684612e+00,5.043425e+00,5.433722e+00,6.598509e+00,6.665684e+00,5.356586e+00
5.641907e+00,5.796058e+00,6.335054e+00,7.242798e+00,6.912743e+00,7.409136e+00,6.198479e+00,7.037028e+00,6.405228e+00,6.504288e+00,7.262629e+00,6.263398e+00,5.996452e+00,6.793466e+00,5.159055e+00,5.433722e+00,6.566672e+00,6.668228e+00,5.416100e+00
5.641907e+00,5.774552e+00,6.079933e+00,7.334329e+00,6.859615e+00,7.439559e+00,6.200509e+00,6.980076e+00,6.396930e+00,6.483107e+00,7.261225e+00,6.263398e+00,6.135565e+00,6.752270e+00,5.159055e+00,5.402677e+00,6.566672e+00,6.669498e+00,5.416100e+00
5.641907e+00,5.771441e+00,6.082219e+00,7.334329e+00,6.840547e+00,7.450080e+00,6.161207e+00,6.961296e+00,6.318968e+00,6.483107e+00,7.225481e+00,6.228511e+00,6.070738e+00,6.591674e+00,5.159055e+00,5.402677e+00,6.535241e+00,6.666957e+00,5.416100e+00
5.641907e+00,5.771441e+00,6.082219e+00,7.334329e+00,6.840547e+00,7.418181e+00,6.218600e+00,6.949856e+00,6.385194e+00,6.483107e+00,7.273093e+00,6.226537e+00,6.037871e+00,6.661855e+00,5.159055e+00,5.402677e+00,6.535241e+00,6.825460e+00,5.424950e+00
5.652489e+00,5.755742e+00,6.093570e+00,7.334329e+00,6.770789e+00,7.447751e+00,6.244167e+00,6.949856e+00,6.357842e+00,6.483107e+00,7.280697e+00,6.222576e+00,5.942799e+00,6.700731e+00,5.159055e+00,5.402677e+00,6.594413e+00,6.836259e+00,5.424950e+00
5.641907e+00,5.758902e+00,6.098074e+00,7.334329e+00,6.744059e+00,7.461066e+00,6.244167e+00,6.931472e+00,6.386879e+00,6.483107e+00,7.232733e+00,6.336826e+00,5.978886e+00,6.700731e+00,5.159055e+00,5.429346e+00,6.594413e+00,6.903747e+00,5.645447e+00
5.641907e+00,5.758902e+00,6.098074e+00,7.334329e+00,6.594413e+00,7.526718e+00,6.244167e+00,6.931472e+00,6.386879e+00,6.481577e+00,7.193686e+00,6.388561e+00,6.236370e+00,6.703188e+00,5.159055e+00,5.480639e+00,6.594413e+00,6.899723e+00,5.857933e+00
5.641907e+00,5.758902e+00,6.098074e+00,7.334329e+00,6.553933e+00,7.542213e+00,6.244167e+00,6.929517e+00,6.390241e+00,6.481577e+00,7.177019e+00,6.478510e+00,6.318968e+00,6.700731e+00,5.159055e+00,5.480639e+00,6.594413e+00,6.890609e+00,5.872118e+00
5.641907e+00,5.758902e+00,6.098074e+00,7.334329e+00,6.244167e+00,7.636752e+00,6.242223e+00,6.896694e+00,6.432940e+00,6.371612e+00,7.197435e+00,6.511745e+00,6.651572e+00,6.703188e+00,5.068904e+00,5.480639e+00,6.594413e+00,6.890609e+00,5.902633e+00
5.641907e+00,5.758902e+00,6.098074e+00,7.331060e+00,6.222576e+00,7.644441e+00,5.765191e+00,7.026427e+00,6.144186e+00,6.470800e+00,7.192934e+00,6.565265e+00,6.668228e+00,6.830874e+00,5.062595e+00,5.480639e+00,6.584791e+00,6.825460e+00,5.902633e+00
5.641907e+00,5.758902e+00,6.093570e+00,7.331715e+00,6.222576e+00,7.636270e+00,5.820083e+00,7.023759e+00,6.150603e+00,6.559615e+00,7.195937e+00,6.659294e+00,6.668228e+00,6.831954e+00,5.062595e+00,5.480639e+00,6.551080e+00,6.817831e+00,5.902633e+00
5.641907e+00,5.758902e+00,6.093570e+00,7.327123e+00,6.150603e+00,7.654917e+00,5.828946e+00,7.023759e+00,6.146329e+00,6.562444e+00,7.141245e+00,6.660575e+00,6.668228e+00,6.882437e+00,5.062595e+00,5.480639e+00,6.411818e+00,6.799056e+00,5.874931e+00
5.641907e+00,5.758902e+00,6.073045e+00,7.308543e+00,6.171701e+00,7.667626e+00,5.828946e+00,7.023759e+00,5.921578e+00,6.272877e+00,7.141245e+00,6.656727e+00,6.642487e+00,6.948897e+00,5.030438e+00,5.480639e+00,6.526495e+00,6.749931e+00,5.880533e+00
5.641907e+00,5.758902e+00,6.073045e+00,7.305860e+00,6.079933e+00,7.675082e+00,5.913503e+00,7.023759e+00,5.883322e+00,6.070738e+00,7.144407e+00,6.660575e+00,6.635947e+00,6.948897e+00,4.700480e+00,5.480639e+00,6.520621e+00,6.625392e+00,5.880533e+00
5.641907e+00,5.758902e+00,6.073045e+00,7.305860e+00,5.823046e+00,7.662468e+00,6.206576e+00,7.023759e+00,5.874931e+00,5.799093e+00,7.057037e+00,6.660575e+00,6.664409e+00,7.020191e+00,4.624973e+00,5.416100e+00,6.577861e+00,6.625392e+00,5.880533e+00
5.645447e+00,5.758902e+00,6.073045e+00,7.305860e+00,5.802118e+00,7.640123e+00,6.309918e+00,7.023759e+00,5.874931e+00,5.602119e+00,6.858565e+00,6.661855e+00,6.670766e+00,7.023759e+00,4.624973e+00,5.030438e+00,6.573680e+00,6.548219e+00,5.849325e+00
5.648974e+00,5.758902e+00,6.006353e+00,7.324490e+00,5.802118e+00,7.625107e+00,6.364751e+00,7.023759e+00,5.811141e+00,5.587249e+00,6.824374e+00,6.661855e+00,6.650279e+00,7.023759e+00,4.624973e+00,4.718499e+00,6.573680e+00,6.530878e+00,5.758902e+00
5.648974e+00,5.758902e+00,5.888878e+00,7.317212e+00,5.958425e+00,7.625107e+00,6.364751e+00,7.023759e+00,5.811141e+00,5.587249e+00,6.766192e+00,6.756932e+00,6.650279e+00,7.005789e+00,4.418841e+00,4.663439e+00,6.573680e+00,6.523562e+00,5.736572e+00
5.648974e+00,5.758902e+00,5.834811e+00,7.313220e+00,6.021023e+00,7.617760e+00,6.390241e+00,6.997596e+00,5.894403e+00,5.587249e+00,6.969791e+00,6.665684e+00,6.650279e+00,7.007601e+00,4.418841e+00,4.700480e+00,6.573680e+00,6.583409e+00,5.736572e+00
5.308268e+00,5.996452e+00,5.749393e+00,7.224025e+00,6.236370e+00,7.592870e+00,6.555357e+00,6.990257e+00,5.916202e+00,5.587249e+00,6.991177e+00,6.561031e+00,6.629363e+00,7.015712e+00,4.584967e+00,4.700480e+00,6.613384e+00,6.525030e+00,5.736572e+00
5.659482e+00,6.082219e+00,5.743003e+00,7.223296e+00,6.232448e+00,7.462789e+00,6.856462e+00,6.940222e+00,6.049733e+00,5.686975e+00,7.018402e+00,6.548219e+00,6.594413e+00,7.126891e+00,5.273000e+00,4.290459e+00,6.648985e+00,6.520621e+00,5.707110e+00
5.700444e+00,6.082219e+00,5.743003e+00,7.194437e+00,6.261492e+00,7.456455e+00,6.769642e+00,7.042286e+00,6.056784e+00,5.793014e+00,7.023759e+00,6.514713e+00,6.568078e+00,7.233455e+00,5.488938e+00,4.276666e+00,6.566672e+00,6.541030e+00,5.707110e+00
5.786897e+00,6.086775e+00,5.743003e+00,7.183871e+00,6.272877e+00,7.436617e+00,6.807935e+00,7.013915e+00,6.139885e+00,5.973810e+00,6.963190e+00,6.514713e+00,6.428105e+00,7.260523e+00,5.393628e+00,4.382027e+00,6.532334e+00,6.522093e+00,5.707110e+00
5.913503e+00,6.086775e+00,5.655992e+00,7.123673e+00,6.349139e+00,7.248504e+00,7.136483e+00,6.936343e+00,6.295266e+00,6.003887e+00,7.097549e+00,6.329721e+00,6.428105e+00,7.260523e+00,5.433722e+00,4.110874e+00,6.562444e+00,6.520621e+00,5.707110e+00
6.249975e+00,6.154858e+00,5.587249e+00,7.100852e+00,6.428105e+00,7.113142e+00,7.244228e+00,6.966024e+00,6.298949e+00,6.063785e+00,7.097549e+00,6.208590e+00,6.428105e+00,7.260523e+00,5.433722e+00,3.891820e+00,6.587550e+00,6.520621e+00,5.752573e+00
6.263398e+00,6.150603e+00,5.288267e+00,7.153834e+00,6.436150e+00,7.023759e+00,7.259116e+00,6.932448e+00,6.496775e+00,6.142037e+00,7.097549e+00,6.156979e+00,6.529419e+00,7.279319e+00,5.433722e+00,3.970292e+00,6.502790e+00,6.396930e+00,5.765191e+00
6.068426e+00,6.045005e+00,5.780744e+00,7.048386e+00,6.630683e+00,7.031741e+00,7.252054e+00,6.609349e+00,6.862758e+00,6.144186e+00,7.160846e+00,6.148468e+00,6.529419e+00,7.325808e+00,5.433722e+00,5.075174e+00,6.501290e+00,6.212606e+00,5.662960e+00
5.998937e+00,6.013715e+00,5.902633e+00,6.964136e+00,6.734592e+00,7.039660e+00,7.252762e+00,6.594413e+00,6.874198e+00,6.210600e+00,7.147559e+00,6.249975e+00,6.519147e+00,7.296413e+00,5.433722e+00,5.209486e+00,6.501290e+00,6.131226e+00,5.662960e+00
5.996452e+00,6.013715e+00,5.905362e+00,6.927558e+00,6.774224e+00,7.042286e+00,7.253470e+00,6.198479e+00,7.095064e+00,6.620073e+00,7.133296e+00,6.177944e+00,6.493754e+00,7.099202e+00,5.424950e+00,5.209486e+00,6.501290e+00,6.259581e+00,5.662960e+00
5.996452e+00,6.013715e+00,5.897154e+00,6.661855e+00,6.954639e+00,7.097549e+00,7.255591e+00,6.198479e+00,7.086738e+00,6.695799e+00,7.053586e+00,6.226537e+00,6.496775e+00,7.000334e+00,6.056784e+00,5.147494e+00,6.501290e+00,6.115892e+00,5.416100e+00
5.993961e+00,6.016157e+00,5.568345e+00,6.309918e+00,7.210818e+00,7.080026e+00,7.289611e+00,6.198479e+00,7.051856e+00,6.706862e+00,7.023759e+00,6.295266e+00,6.504288e+00,6.974479e+00,6.248043e+00,5.176150e+00,6.501290e+00,6.177944e+00,5.283204e+00
5.993961e+00,5.641907e+00,5.796058e+00,6.335054e+00,7.242798e+00,6.912743e+00,7.409136e+00,6.198479e+00,7.037028e+00,6.706862e+00,6.964136e+00,6.302619e+00,6.541030e+00,6.842683e+00,6.246107e+00,5.332719e+00,6.499787e+00,6.167516e+00,5.620401e+00
6.003887e+00,5.641907e+00,5.774552e+00,6.079933e+00,7.334329e+00,6.859615e+00,7.439559e+00,6.200509e+00,6.980076e+00,6.706862e+00,6.928538e+00,6.311735e+00,6.439350e+00,6.734592e+00,6.248043e+00,5.332719e+00,6.499787e+00,6.280396e+00,5.697093e+00
6.023448e+00,5.641907e+00,5.771441e+00,6.082219e+00,7.334329e+00,6.840547e+00,7.450080e+00,6.161207e+00,6.961296e+00,6.706862e+00,6.920672e+00,6.311735e+00,6.439350e+00,6.732211e+00,6.375025e+00,5.332719e+00,6.499787e+00,6.226537e+00,5.777652e+00
6.023448e+00,5.641907e+00,5.771441e+00,6.082219e+00,7.334329e+00,6.840547e+00,7.418181e+00,6.218600e+00,6.949856e+00,6.706862e+00,6.834109e+00,6.311735e+00,6.514713e+00,6.666957e+00,6.424869e+00,5.332719e+00,6.499787e+00,5.916202e+00,5.771441e+00
6.016157e+00,5.652489e+00,5.755742e+00,6.093570e+00,7.334329e+00,6.770789e+00,7.447751e+00,6.244167e+00,6.949856e+00,6.709304e+00,6.769642e+00,6.317165e+00,6.523562e+00,6.626718e+00,6.458338e+00,5.332719e+00,6.434547e+00,5.888878e+00,5.814131e+00
6.113682e+00,5.641907e+00,5.758902e+00,6.098074e+00,7.334329e+00,6.744059e+00,7.461066e+00,6.244167e+00,6.931472e+00,6.709304e+00,6.768493e+00,6.361302e+00,6.511745e+00,6.620073e+00,6.481577e+00,5.303305e+00,6.434547e+00,5.693732e+00,6.398595e+00
6.139885e+00,5.641907e+00,5.758902e+00,6.098074e+00,7.334329e+00,6.594413e+00,7.526718e+00,6.244167e+00,6.931472e+00,6.725034e+00,6.768493e+00,6.309918e+00,6.388561e+00,6.616065e+00,6.481577e+00,5.241747e+00,6.434547e+00,5.693732e+00,6.813445e+00
6.214608e+00,5.641907e+00,5.758902e+00,6.098074e+00,7.334329e+00,6.553933e+00,7.542213e+00,6.244167e+00,6.929517e+00,6.767343e+00,6.781058e+00,6.202536e+00,6.311735e+00,6.616065e+00,6.481577e+00,5.241747e+00,6.434547e+00,5.796058e+00,6.825460e+00
6.214608e+00,5.641907e+00,5.758902e+00,6.098074e+00,7.334329e+00,6.244167e+00,7.636752e+00,6.242223e+00,6.896694e+00,6.734592e+00,6.668228e+00,6.109248e+00,5.805135e+00,6.612041e+00,6.519147e+00,5.247024e+00,6.434547e+00,5.796058e+00,6.821107e+00
6.226537e+00,5.641907e+00,5.758902e+00,6.098074e+00,7.331060e+00,6.222576e+00,7.644441e+00,5.765191e+00,7.026427e+00,6.659294e+00,6.658011e+00,6.082219e+00,5.765191e+00,6.447306e+00,6.565265e+00,5.356586e+00,6.481577e+00,5.796058e+00,6.821107e+00
6.352629e+00,5.641907e+00,5.758902e+00,6.093570e+00,7.331715e+00,6.222576e+00,7.636270e+00,5.820083e+00,7.023759e+00,6.579251e+00,6.645091e+00,5.963579e+00,5.789960e+00,6.445720e+00,6.565265e+00,5.796058e+00,6.629363e+00,5.796058e+00,6.821107e+00
6.710523e+00,5.641907e+00,5.758902e+00,6.093570e+00,7.327123e+00,6.150603e+00,7.654917e+00,5.828946e+00,7.023759e+00,6.717805e+00,6.665684e+00,6.013715e+00,5.908083e+00,6.366470e+00,6.744059e+00,6.063785e+00,6.692084e+00,5.891644e+00,6.863803e+00
6.994850e+00,5.641907e+00,5.758902e+00,6.073045e+00,7.308543e+00,6.171701e+00,7.667626e+00,5.828946e+00,7.023759e+00,6.647688e+00,6.633318e+00,6.159095e+00,5.910797e+00,6.244167e+00,6.746412e+00,6.204558e+00,6.431331e+00,5.910797e+00,6.861711e+00
6.994850e+00,5.641907e+00,5.758902e+00,6.073045e+00,7.305860e+00,6.079933e+00,7.675082e+00,5.913503e+00,7.023759e+00,6.566672e+00,6.620073e+00,6.152733e+00,5.905362e+00,6.244167e+00,6.831954e+00,6.204558e+00,6.253829e+00,6.139885e+00,6.950815e+00
7.021976e+00,5.641907e+00,5.758902e+00,6.073045e+00,7.305860e+00,5.823046e+00,7.662468e+00,6.206576e+00,7.023759e+00,6.566672e+00,6.617403e+00,6.381816e+00,5.837730e+00,6.079933e+00,6.960348e+00,6.210600e+00,6.161207e+00,6.357842e+00,6.952729e+00
7.054450e+00,5.645447e+00,5.758902e+00,6.073045e+00,7.305860e+00,5.802118e+00,7.640123e+00,6.309918e+00,7.023759e+00,6.588926e+00,6.613384e+00,6.386879e+00,5.739793e+00,6.063785e+00,6.960348e+00,6.269096e+00,6.159095e+00,6.368187e+00,6.952729e+00
7.053586e+00,5.648974e+00,5.758902e+00,6.006353e+00,7.324490e+00,5.802118e+00,7.625107e+00,6.364751e+00,7.023759e+00,6.605298e+00,6.613384e+00,6.386879e+00,5.655992e+00,6.063785e+00,6.960348e+00,6.274762e+00,6.159095e+00,6.548219e+00,6.947937e+00
7.128496e+00,5.648974e+00,5.758902e+00,5.888878e+00,7.317212e+00,5.958425e+00,7.625107e+00,6.364751e+00,7.023759e+00,6.613384e+00,6.613384e+00,6.259581e+00,5.560682e+00,6.063785e+00,6.960348e+00,6.259581e+00,6.159095e+00,6.576470e+00,6.947937e+00
7.128496e+00,5.648974e+00,5.758902e+00,5.834811e+00,7.313220e+00,6.021023e+00,7.617760e+00,6.390241e+00,6.997596e+00,6.628041e+00,6.161207e+00,6.322565e+00,5.560682e+00,6.104793e+00,6.960348e+00,6.342121e+00,6.232448e+00,6.484635e+00,6.947937e+00
7.126087e+00,5.308268e+00,5.996452e+00,5.749393e+00,7.224025e+00,6.236370e+00,7.592870e+00,6.555357e+00,6.990257e+00,6.642487e+00,6.028279e+00,6.380123e+00,5.560682e+00,6.118097e+00,6.934397e+00,6.463029e+00,6.107023e+00,6.510258e+00,7.029973e+00
7.023759e+00,5.659482e+00,6.082219e+00,5.743003e+00,7.223296e+00,6.232448e+00,7.462789e+00,6.856462e+00,6.940222e+00,6.605298e+00,5.953243e+00,6.381816e+00,5.556828e+00,5.910797e+00,6.835185e+00,6.569481e+00,6.042633e+00,6.513230e+00,7.084226e+00
7.013016e+00,5.700444e+00,6.082219e+00,5.743003e+00,7.194437e+00,6.261492e+00,7.456455e+00,6.769642e+00,7.042286e+00,6.566672e+00,5.902633e+00,6.408529e+00,5.680173e+00,6.131226e+00,6.783325e+00,6.569481e+00,6.082219e+00,6.492240e+00,7.135687e+00
7.072422e+00,5.786897e+00,6.086775e+00,5.743003e+00,7.183871e+00,6.272877e+00,7.436617e+00,6.807935e+00,7.013915e+00,6.470800e+00,5.743003e+00,6.436150e+00,5.680173e+00,6.063785e+00,6.770789e+00,6.558198e+00,6.152733e+00,6.492240e+00,7.135687e+00
7.034388e+00,5.913503e+00,6.086775e+00,5.655992e+00,7.123673e+00,6.349139e+00,7.248504e+00,7.136483e+00,6.936343e+00,6.452049e+00,5.056246e+00,6.628041e+00,5.755742e+00,6.066108e+00,6.758095e+00,6.558198e+00,6.104793e+00,6.492240e+00,7.165493e+00
6.862758e+00,6.249975e+00,6.154858e+00,5.587249e+00,7.100852e+00,6.428105e+00,7.113142e+00,7.244228e+00,6.966024e+00,6.411818e+00,5.056246e+00,6.628041e+00,5.755742e+00,6.315358e+00,6.758095e+00,6.558198e+00,6.107023e+00,6.492240e+00,7.154615e+00
6.855409e+00,6.263398e+00,6.150603e+00,5.288267e+00,7.153834e+00,6.436150e+00,7.023759e+00,7.259116e+00,6.932448e+00,6.352629e+00,5.068904e+00,6.628041e+00,5.521461e+00,6.265301e+00,6.758095e+00,6.733402e+00,6.156979e+00,6.492240e+00,7.151485e+00
6.891626e+00,6.068426e+00,6.045005e+00,5.780744e+00,7.048386e+00,6.630683e+00,7.031741e+00,7.252054e+00,6.609349e+00,6.350886e+00,4.499810e+00,6.628041e+00,5.652489e+00,6.240276e+00,6.758095e+00,6.618739e+00,6.238325e+00,6.677083e+00,7.218910e+00
6.912743e+00,5.998937e+00,6.013715e+00,5.902633e+00,6.964136e+00,6.734592e+00,7.039660e+00,7.252762e+00,6.594413e+00,6.326149e+00,4.762174e+00,6.645091e+00,5.981414e+00,6.240276e+00,6.758095e+00,6.587550e+00,6.313548e+00,6.715383e+00,7.237778e+00
6.929517e+00,5.996452e+00,6.013715e+00,5.905362e+00,6.927558e+00,6.774224e+00,7.042286e+00,7.253470e+00,6.198479e+00,5.945421e+00,4.762174e+00,6.695799e+00,6.093570e+00,6.240276e+00,6.756932e+00,6.587550e+00,6.395262e+00,6.830874e+00,7.237778e+00
6.952729e+00,5.996452e+00,6.013715e+00,5.897154e+00,6.661855e+00,6.954639e+00,7.097549e+00,7.255591e+00,6.198479e+00,5.811141e+00,4.762174e+00,6.904751e+00,6.188264e+00,6.238325e+00,6.487684e+00,6.587550e+00,6.413459e+00,6.843750e+00,7.237778e+00
6.952729e+00,5.993961e+00,6.016157e+00,5.568345e+00,6.309918e+00,7.210818e+00,7.080026e+00,7.289611e+00,6.198479e+00,6.133398e+00,4.762174e+00,6.845880e+00,6.190315e+00,6.238325e+00,6.322565e+00,6.580639e+00,6.413459e+00,6.800170e+00,7.225481e+00
6.952729e+00,5.993961e+00,5.641907e+00,5.796058e+00,6.335054e+00,7.242798e+00,6.912743e+00,7.409136e+00,6.198479e+00,6.133398e+00,5.337538e+00,6.841615e+00,6.248043e+00,6.429719e+00,6.594413e+00,6.538140e+00,6.469250e+00,6.802395e+00,7.155396e+00
7.030857e+00,6.003887e+00,5.641907e+00,5.774552e+00,6.079933e+00,7.334329e+00,6.859615e+00,7.439559e+00,6.200509e+00,6.142037e+00,5.402677e+00,6.836259e+00,6.291569e+00,6.429719e+00,6.763885e+00,6.538140e+00,6.469250e+00,6.733402e+00,7.138073e+00
7.023759e+00,6.023448e+00,5.641907e+00,5.771441e+00,6.082219e+00,7.334329e+00,6.840547e+00,7.450080e+00,6.161207e+00,6.190315e+00,5.402677e+00,6.843750e+00,6.291569e+00,6.442540e+00,6.679599e+00,6.538140e+00,6.469250e+00,6.733402e+00,7.118016e+00
7.057037e+00,6.023448e+00,5.641907e+00,5.771441e+00,6.082219e+00,7.334329e+00,6.840547e+00,7.418181e+00,6.218600e+00,6.222576e+00,5.874931e+00,6.853299e+00,6.196444e+00,6.442540e+00,6.641182e+00,6.538140e+00,6.470800e+00,6.755769e+00,7.164720e+00
7.057037e+00,6.016157e+00,5.652489e+00,5.755742e+00,6.093570e+00,7.334329e+00,6.770789e+00,7.447751e+00,6.244167e+00,6.248043e+00,5.897154e+00,6.850126e+00,6.184149e+00,6.467699e+00,6.785588e+00,6.538140e+00,6.470800e+00,6.761573e+00,7.156177e+00
7.021084e+00,6.113682e+00,5.641907e+00,5.758902e+00,6.098074e+00,7.334329e+00,6.744059e+00,7.461066e+00,6.244167e+00,6.259581e+00,5.897154e+00,6.754604e+00,6.198479e+00,6.516193e+00,6.768493e+00,6.538140e+00,6.489205e+00,6.760415e+00,6.893656e+00
7.010312e+00,6.139885e+00,5.641907e+00,5.758902e+00,6.098074e+00,7.334329e+00,6.594413e+00,7.526718e+00,6.244167e+00,6.234411e+00,5.897154e+00,6.753438e+00,6.711740e+00,6.522093e+00,6.981935e+00,6.538140e+00,6.535241e+00,6.753438e+00,6.429719e+00
7.122867e+00,6.214608e+00,5.641907e+00,5.758902e+00,6.098074e+00,7.334329e+00,6.553933e+00,7.542213e+00,6.244167e+00,6.161207e+00,5.866468e+00,6.753438e+00,6.711740e+00,6.595781e+00,7.017506e+00,6.538140e+00,6.535241e+00,6.690842e+00,6.458338e+00
7.122867e+00,6.214608e+00,5.641907e+00,5.758902e+00,6.098074e+00,7.334329e+00,6.244167e+00,7.636752e+00,6.242223e+00,6.165418e+00,6.501290e+00,6.753438e+00,6.711740e+00,6.628041e+00,6.993933e+00,6.536692e+00,6.558198e+00,6.690842e+00,6.470800e+00
7.118016e+00,6.226537e+00,5.641907e+00,5.758902e+00,6.098074e+00,7.331060e+00,6.222576e+00,7.644441e+00,5.765191e+00,6.165418e+00,6.519147e+00,6.723832e+00,6.711740e+00,6.647688e+00,6.995766e+00,6.504288e+00,6.475433e+00,6.690842e+00,6.495266e+00
7.114769e+00,6.352629e+00,5.641907e+00,5.758902e+00,6.093570e+00,7.331715e+00,6.222576e+00,7.636270e+00,5.820083e+00,6.165418e+00,6.617403e+00,6.698268e+00,6.701960e+00,6.652863e+00,7.177782e+00,6.311735e+00,6.357842e+00,6.690842e+00,6.505784e+00
6.890609e+00,6.710523e+00,5.641907e+00,5.758902e+00,6.093570e+00,7.327123e+00,6.150603e+00,7.654917e+00,5.828946e+00,5.905362e+00,6.597146e+00,6.670766e+00,6.650279e+00,6.654153e+00,7.065613e+00,6.109248e+00,6.230481e+00,6.648985e+00,6.444131e+00
6.569481e+00,6.994850e+00,5.641907e+00,5.758902e+00,6.073045e+00,7.308543e+00,6.171701e+00,7.667626e+00,5.828946e+00,5.905362e+00,6.597146e+00,6.586172e+00,6.646391e+00,6.654153e+00,7.071573e+00,5.953243e+00,6.226537e+00,6.639876e+00,6.444131e+00
6.569481e+00,6.994850e+00,5.641907e+00,5.758902e+00,6.073045e+00,7.305860e+00,6.079933e+00,7.675082e+00,5.913503e+00,5.905362e+00,6.597146e+00,6.586172e+00,6.658011e+00,6.654153e+00,7.042286e+00,6.173786e+00,6.226537e+00,6.507278e+00,6.291569e+00
6.526495e+00,7.021976e+00,5.641907e+00,5.758902e+00,6.073045e+00,7.305860e+00,5.823046e+00,7.662468e+00,6.206576e+00,5.905362e+00,6.597146e+00,6.408529e+00,6.700731e+00,6.654153e+00,7.001246e+00,6.182085e+00,6.278521e+00,6.322565e+00,6.517671e+00
6.469250e+00,7.054450e+00,5.645447e+00,5.758902e+00,6.073045e+00,7.305860e+00,5.802118e+00,7.640123e+00,6.309918e+00,5.860786e+00,6.597146e+00,6.401917e+00,6.699500e+00,6.654153e+00,7.073270e+00,6.139885e+00,6.278521e+00,6.311735e+00,6.517671e+00
6.469250e+00,7.053586e+00,5.648974e+00,5.758902e+00,6.006353e+00,7.324490e+00,5.802118e+00,7.625107e+00,6.364751e+00,5.826000e+00,6.597146e+00,6.411818e+00,6.699500e+00,6.654153e+00,7.251345e+00,6.133398e+00,6.278521e+00,6.077642e+00,6.517671e+00
6.318968e+00,7.128496e+00,5.648974e+00,5.758902e+00,5.888878e+00,7.317212e+00,5.958425e+00,7.625107e+00,6.364751e+00,5.808142e+00,6.597146e+00,6.413459e+00,6.699500e+00,6.654153e+00,7.323831e+00,6.144186e+00,6.278521e+00,6.030685e+00,6.517671e+00
6.318968e+00,7.128496e+00,5.648974e+00,5.758902e+00,5.834811e+00,7.313220e+00,6.021023e+00,7.617760e+00,6.390241e+00,5.774552e+00,6.597146e+00,6.426488e+00,6.699500e+00,6.638568e+00,7.381502e+00,6.033086e+00,6.208590e+00,6.030685e+00,6.517671e+00
6.318968e+00,7.126087e+00,5.308268e+00,5.996452e+00,5.749393e+00,7.224025e+00,6.236370e+00,7.592870e+00,6.555357e+00,5.739793e+00,6.629363e+00,6.371612e+00,6.835185e+00,6.618739e+00,7.465655e+00,5.840642e+00,6.208590e+00,5.968708e+00,6.376727e+00
6.318968e+00,7.023759e+00,5.659482e+00,6.082219e+00,5.743003e+00,7.223296e+00,6.232448e+00,7.462789e+00,6.856462e+00,5.739793e+00,6.673298e+00,6.369901e+00,6.931472e+00,6.573680e+00,7.519150e+00,5.605802e+00,6.188264e+00,5.961005e+00,6.276643e+00
6.318968e+00,7.013016e+00,5.700444e+00,6.082219e+00,5.743003e+00,7.194437e+00,6.261492e+00,7.456455e+00,6.769642e+00,5.799093e+00,6.673298e+00,6.342121e+00,6.898715e+00,6.184149e+00,7.519150e+00,5.609472e+00,6.152733e+00,5.961005e+00,6.150603e+00
6.126869e+00,7.072422e+00,5.786897e+00,6.086775e+00,5.743003e+00,7.183871e+00,6.272877e+00,7.436617e+00,6.807935e+00,5.799093e+00,6.673298e+00,6.311735e+00,6.923629e+00,6.167516e+00,7.534228e+00,5.655992e+00,6.082219e+00,5.961005e+00,6.150603e+00
6.182085e+00,7.034388e+00,5.913503e+00,6.086775e+00,5.655992e+00,7.123673e+00,6.349139e+00,7.248504e+00,7.136483e+00,5.799093e+00,6.675823e+00,6.003887e+00,6.959399e+00,6.242223e+00,7.555382e+00,5.686975e+00,6.011267e+00,5.961005e+00,6.066108e+00
6.259581e+00,6.862758e+00,6.249975e+00,6.154858e+00,5.587249e+00,7.100852e+00,6.428105e+00,7.113142e+00,7.244228e+00,5.828946e+00,6.675823e+00,6.186209e+00,6.959399e+00,6.016157e+00,7.560601e+00,5.755742e+00,5.963579e+00,5.961005e+00,6.066108e+00
6.308098e+00,6.855409e+00,6.263398e+00,6.150603e+00,5.288267e+00,7.153834e+00,6.436150e+00,7.023759e+00,7.259116e+00,6.011267e+00,6.673298e+00,6.575076e+00,6.959399e+00,6.016157e+00,7.595387e+00,5.525453e+00,5.991465e+00,5.961005e+00,6.066108e+00
6.285998e+00,6.891626e+00,6.068426e+00,6.045005e+00,5.780744e+00,7.048386e+00,6.630683e+00,7.031741e+00,7.252054e+00,6.198479e+00,6.660575e+00,6.575076e+00,6.925595e+00,5.869297e+00,7.629976e+00,5.521461e+00,5.950643e+00,5.537334e+00,5.834811e+00
6.415097e+00,6.912743e+00,5.998937e+00,6.013715e+00,5.902633e+00,6.964136e+00,6.734592e+00,7.039660e+00,7.252762e+00,6.161207e+00,6.625392e+00,6.797940e+00,6.810142e+00,5.869297e+00,7.746733e+00,5.686975e+00,5.883322e+00,5.407172e+00,5.755742e+00
6.386879e+00,6.929517e+00,5.996452e+00,6.013715e+00,5.905362e+00,6.927558e+00,6.774224e+00,7.042286e+00,7.253470e+00,6.028279e+00,6.648985e+00,6.783325e+00,6.754604e+00,5.869297e+00,7.748029e+00,5.902633e+00,5.743003e+00,4.077537e+00,5.768321e+00
6.345636e+00,6.952729e+00,5.996452e+00,6.013715e+00,5.897154e+00,6.661855e+00,6.954639e+00,7.097549e+00,7.255591e+00,6.006353e+00,6.834109e+00,6.502790e+00,6.929517e+00,5.869297e+00,7.750184e+00,5.948035e+00,5.707110e+00,3.610918e+00,5.768321e+00
6.345636e+00,6.952729e+00,5.993961e+00,6.016157e+00,5.568345e+00,6.309918e+00,7.210818e+00,7.080026e+00,7.289611e+00,5.598422e+00,6.842683e+00,6.787845e+00,6.967909e+00,6.016157e+00,7.754053e+00,5.978886e+00,5.707110e+00,4.174387e+00,5.768321e+00
6.345636e+00,6.952729e+00,5.993961e+00,5.641907e+00,5.796058e+00,6.335054e+00,7.242798e+00,6.912743e+00,7.409136e+00,5.598422e+00,6.740519e+00,6.824374e+00,6.910751e+00,5.707110e+00,7.668094e+00,5.978886e+00,5.583496e+00,4.564348e+00,5.768321e+00
6.175867e+00,7.030857e+00,6.003887e+00,5.641907e+00,5.774552e+00,6.079933e+00,7.334329e+00,6.859615e+00,7.439559e+00,5.613128e+00,6.723832e+00,7.069874e+00,6.887553e+00,5.749393e+00,7.602401e+00,6.037871e+00,5.583496e+00,4.574711e+00,5.768321e+00
6.175867e+00,7.023759e+00,6.023448e+00,5.641907e+00,5.771441e+00,6.082219e+00,7.334329e+00,6.840547e+00,7.450080e+00,6.142037e+00,6.749931e+00,7.096721e+00,6.887553e+00,5.826000e+00,7.602401e+00,6.054439e+00,5.583496e+00,4.574711e+00,5.942799e+00
6.093570e+00,7.057037e+00,6.023448e+00,5.641907e+00,5.771441e+00,6.082219e+00,7.334329e+00,6.840547e+00,7.418181e+00,6.107023e+00,6.580639e+00,7.099202e+00,6.887553e+00,5.874931e+00,7.602401e+00,6.054439e+00,5.605802e+00,4.356709e+00,5.774552e+00
6.093570e+00,7.057037e+00,6.016157e+00,5.652489e+00,5.755742e+00,6.093570e+00,7.334329e+00,6.770789e+00,7.447751e+00,6.077642e+00,6.632002e+00,7.105786e+00,7.081709e+00,5.886104e+00,7.532624e+00,6.054439e+00,5.609472e+00,4.290459e+00,5.924256e+00
6.091310e+00,7.021084e+00,6.113682e+00,5.641907e+00,5.758902e+00,6.098074e+00,7.334329e+00,6.744059e+00,7.461066e+00,6.261492e+00,6.946014e+00,7.191429e+00,7.070724e+00,6.049733e+00,7.532624e+00,6.054439e+00,5.564520e+00,4.290459e+00,5.860786e+00
6.091310e+00,7.010312e+00,6.139885e+00,5.641907e+00,5.758902e+00,6.098074e+00,7.334329e+00,6.594413e+00,7.526718e+00,6.287859e+00,7.052721e+00,7.218177e+00,6.695799e+00,6.042633e+00,7.476472e+00,6.054439e+00,5.438079e+00,4.317488e+00,6.293419e+00
5.613128e+00,7.122867e+00,6.214608e+00,5.641907e+00,5.758902e+00,6.098074e+00,7.334329e+00,6.553933e+00,7.542213e+00,6.293419e+00,7.060476e+00,7.245655e+00,6.714171e+00,5.968708e+00,7.454141e+00,6.054439e+00,5.590987e+00,4.317488e+00,6.238325e+00
5.638355e+00,7.122867e+00,6.214608e+00,5.641907e+00,5.758902e+00,6.098074e+00,7.334329e+00,6.244167e+00,7.636752e+00,6.289716e+00,6.742881e+00,7.254885e+00,6.714171e+00,6.118097e+00,7.454141e+00,6.054439e+00,5.529429e+00,4.317488e+00,6.234411e+00
5.638355e+00,7.118016e+00,6.226537e+00,5.641907e+00,5.758902e+00,6.098074e+00,7.331060e+00,6.222576e+00,7.644441e+00,6.329721e+00,6.726233e+00,7.254885e+00,6.714171e+00,6.297109e+00,7.507141e+00,6.054439e+00,5.529429e+00,4.317488e+00,6.202536e+00
5.379897e+00,7.114769e+00,6.352629e+00,5.641907e+00,5.758902e+00,6.093570e+00,7.331715e+00,6.222576e+00,7.636270e+00,6.329721e+00,6.709304e+00,7.254885e+00,6.714171e+00,6.291569e+00,7.395108e+00,6.054439e+00,5.379897e+00,4.317488e+00,6.190315e+00
5.379897e+00,6.890609e+00,6.710523e+00,5.641907e+00,5.758902e+00,6.093570e+00,7.327123e+00,6.150603e+00,7.654917e+00,6.329721e+00,6.791221e+00,7.254885e+00,6.714171e+00,6.289716e+00,7.425954e+00,6.054439e+00,5.062595e+00,4.343805e+00,6.461468e+00
5.446737e+00,6.569481e+00,6.994850e+00,5.641907e+00,5.758902e+00,6.073045e+00,7.308543e+00,6.171701e+00,7.667626e+00,6.329721e+00,6.794587e+00,7.254885e+00,6.714171e+00,6.289716e+00,7.438972e+00,6.054439e+00,5.062595e+00,4.343805e+00,6.525030e+00
5.971262e+00,6.569481e+00,6.994850e+00,5.641907e+00,5.758902e+00,6.073045e+00,7.305860e+00,6.079933e+00,7.675082e+00,6.329721e+00,6.794587e+00,7.254885e+00,6.716595e+00,6.289716e+00,7.413970e+00,5.802118e+00,5.062595e+00,4.343805e+00,6.561031e+00
5.971262e+00,6.526495e+00,7.021976e+00,5.641907e+00,5.758902e+00,6.073045e+00,7.305860e+00,5.823046e+00,7.662468e+00,6.329721e+00,6.794587e+00,7.252762e+00,6.674561e+00,6.289716e+00,7.363914e+00,5.780744e+00,5.342334e+00,4.343805e+00,6.342121e+00
5.971262e+00,6.469250e+00,7.054450e+00,5.645447e+00,5.758902e+00,6.073045e+00,7.305860e+00,5.802118e+00,7.640123e+00,6.335054e+00,6.812345e+00,7.353722e+00,6.674561e+00,6.313548e+00,7.310550e+00,5.894403e+00,5.342334e+00,4.343805e+00,6.342121e+00
5.981414e+00,6.469250e+00,7.053586e+00,5.648974e+00,5.758902e+00,6.006353e+00,7.324490e+00,5.802118e+00,7.625107e+00,6.343880e+00,6.812345e+00,7.370231e+00,6.674561e+00,6.313548e+00,7.156956e+00,5.897154e+00,5.342334e+00,4.882802e+00,6.342121e+00
5.986452e+00,6.318968e+00,7.128496e+00,5.648974e+00,5.758902e+00,5.888878e+00,7.317212e+00,5.958425e+00,7.625107e+00,6.347389e+00,6.812345e+00,7.375256e+00,6.674561e+00,6.313548e+00,7.080868e+00,5.883322e+00,5.342334e+00,4.882802e+00,6.410175e+00
6.154858e+00,6.318968e+00,7.128496e+00,5.648974e+00,5.758902e+00,5.834811e+00,7.313220e+00,6.021023e+00,7.617760e+00,6.347389e+00,6.812345e+00,7.471932e+00,6.674561e+00,6.298949e+00,7.002156e+00,5.883322e+00,5.680173e+00,4.882802e+00,6.439350e+00
6.200509e+00,6.318968e+00,7.126087e+00,5.308268e+00,5.996452e+00,5.749393e+00,7.224025e+00,6.236370e+00,7.592870e+00,6.347389e+00,6.785588e+00,7.504392e+00,6.513230e+00,6.298949e+00,6.865891e+00,5.883322e+00,5.857933e+00,4.882802e+00,6.637258e+00
6.200509e+00,6.318968e+00,7.023759e+00,5.659482e+00,6.082219e+00,5.743003e+00,7.223296e+00,6.232448e+00,7.462789e+00,6.347389e+00,6.746412e+00,7.515889e+00,6.363028e+00,6.265301e+00,6.760415e+00,5.883322e+00,5.880533e+00,4.955827e+00,6.802395e+00
6.200509e+00,6.318968e+00,7.013016e+00,5.700444e+00,6.082219e+00,5.743003e+00,7.194437e+00,6.261492e+00,7.456455e+00,6.304449e+00,6.746412e+00,7.586296e+00,6.361302e+00,6.375025e+00,6.760415e+00,5.897154e+00,5.880533e+00,4.955827e+00,6.802395e+00
6.276643e+00,6.126869e+00,7.072422e+00,5.786897e+00,6.086775e+00,5.743003e+00,7.183871e+00,6.272877e+00,7.436617e+00,6.322565e+00,6.746412e+00,7.586296e+00,6.317165e+00,6.375025e+00,6.742881e+00,5.860786e+00,5.880533e+00,5.220356e+00,7.013915e+00
6.226537e+00,6.182085e+00,7.034388e+00,5.913503e+00,6.086775e+00,5.655992e+00,7.123673e+00,6.349139e+00,7.248504e+00,6.393591e+00,6.744059e+00,7.586296e+00,6.202536e+00,6.308098e+00,6.763885e+00,5.834811e+00,5.880533e+00,5.620401e+00,7.037906e+00
6.146329e+00,6.259581e+00,6.862758e+00,6.249975e+00,6.154858e+00,5.587249e+00,7.100852e+00,6.428105e+00,7.113142e+00,6.405228e+00,6.744059e+00,7.567346e+00,6.202536e+00,6.327937e+00,6.763885e+00,5.771441e+00,5.880533e+00,5.863631e+00,7.037906e+00
6.089045e+00,6.308098e+00,6.855409e+00,6.263398e+00,6.150603e+00,5.288267e+00,7.153834e+00,6.436150e+00,7.023759e+00,6.396930e+00,6.748760e+00,7.440147e+00,6.202536e+00,6.401917e+00,6.768493e+00,5.509388e+00,5.780744e+00,5.863631e+00,7.037906e+00
6.033086e+00,6.285998e+00,6.891626e+00,6.068426e+00,6.045005e+00,5.780744e+00,7.048386e+00,6.630683e+00,7.031741e+00,6.318968e+00,6.804615e+00,7.440147e+00,6.234411e+00,6.403574e+00,6.685861e+00,5.446737e+00,5.703782e+00,5.863631e+00,7.037906e+00
5.774552e+00,6.415097e+00,6.912743e+00,5.998937e+00,6.013715e+00,5.902633e+00,6.964136e+00,6.734592e+00,7.039660e+00,6.385194e+00,6.835185e+00,7.286876e+00,6.259581e+00,6.405228e+00,6.302619e+00,5.231109e+00,5.652489e+00,5.863631e+00,7.037906e+00
5.774552e+00,6.386879e+00,6.929517e+00,5.996452e+00,6.013715e+00,5.905362e+00,6.927558e+00,6.774224e+00,7.042286e+00,6.357842e+00,6.853299e+00,7.268223e+00,6.329721e+00,6.405228e+00,6.297109e+00,4.753590e+00,5.652489e+00,5.863631e+00,7.034388e+00
5.774552e+00,6.345636e+00,6.952729e+00,5.996452e+00,6.013715e+00,5.897154e+00,6.661855e+00,6.954639e+00,7.097549e+00,6.386879e+00,6.752270e+00,7.261927e+00,5.869297e+00,6.405228e+00,6.287859e+00,4.875197e+00,5.652489e+00,5.863631e+00,7.034388e+00
5.774552e+00,6.345636e+00,6.952729e+00,5.993961e+00,6.016157e+00,5.568345e+00,6.309918e+00,7.210818e+00,7.080026e+00,6.386879e+00,6.908755e+00,7.097549e+00,5.777652e+00,6.300786e+00,6.270988e+00,4.859812e+00,5.945421e+00,6.006353e+00,7.034388e+00
5.774552e+00,6.345636e+00,6.952729e+00,5.993961e+00,5.641907e+00,5.796058e+00,6.335054e+00,7.242798e+00,6.912743e+00,6.390241e+00,6.909753e+00,7.094235e+00,5.805135e+00,6.298949e+00,6.270988e+00,4.859812e+00,6.093570e+00,5.978886e+00,7.034388e+00
5.774552e+00,6.175867e+00,7.030857e+00,6.003887e+00,5.641907e+00,5.774552e+00,6.079933e+00,7.334329e+00,6.859615e+00,6.432940e+00,6.910751e+00,6.855409e+00,5.971262e+00,6.274762e+00,6.270988e+00,4.653960e+00,6.093570e+00,5.976351e+00,7.081709e+00
5.774552e+00,6.175867e+00,7.023759e+00,6.023448e+00,5.641907e+00,5.771441e+00,6.082219e+00,7.334329e+00,6.840547e+00,6.144186e+00,6.900731e+00,6.813445e+00,5.991465e+00,6.210600e+00,6.270988e+00,5.393628e+00,6.093570e+00,6.230481e+00,7.038784e+00
5.774552e+00,6.093570e+00,7.057037e+00,6.023448e+00,5.641907e+00,5.771441e+00,6.082219e+00,7.334329e+00,6.840547e+00,6.150603e+00,6.899723e+00,6.800170e+00,5.991465e+00,6.175867e+00,6.270988e+00,5.552960e+00,6.077642e+00,6.343880e+00,7.038784e+00
5.774552e+00,6.093570e+00,7.057037e+00,6.016157e+00,5.652489e+00,5.755742e+00,6.093570e+00,7.334329e+00,6.770789e+00,6.146329e+00,6.852243e+00,6.791221e+00,5.247024e+00,6.133398e+00,6.261492e+00,5.894403e+00,6.077642e+00,6.448889e+00,6.990257e+00
5.774552e+00,6.091310e+00,7.021084e+00,6.113682e+00,5.641907e+00,5.758902e+00,6.098074e+00,7.334329e+00,6.744059e+00,5.921578e+00,6.501290e+00,6.660575e+00,5.247024e+00,5.899897e+00,6.261492e+00,6.082219e+00,6.077642e+00,6.448889e+00,6.987490e+00
5.774552e+00,6.091310e+00,7.010312e+00,6.139885e+00,5.641907e+00,5.758902e+00,6.098074e+00,7.334329e+00,6.594413e+00,5.883322e+00,6.308098e+00,6.613384e+00,5.579730e+00,5.897154e+00,6.037871e+00,6.082219e+00,6.077642e+00,6.445720e+00,6.861711e+00
5.774552e+00,5.613128e+00,7.122867e+00,6.214608e+00,5.641907e+00,5.758902e+00,6.098074e+00,7.334329e+00,6.553933e+00,5.874931e+00,6.291569e+00,6.561031e+00,5.537334e+00,5.834811e+00,6.037871e+00,6.082219e+00,5.986452e+00,6.445720e+00,6.935370e+00
5.752573e+00,5.638355e+00,7.122867e+00,6.214608e+00,5.641907e+00,5.758902e+00,6.098074e+00,7.334329e+00,6.244167e+00,5.874931e+00,6.378426e+00,6.542472e+00,5.786897e+00,5.541264e+00,6.037871e+00,6.082219e+00,5.986452e+00,6.445720e+00,6.922644e+00
6.202536e+00,5.638355e+00,7.118016e+00,6.226537e+00,5.641907e+00,5.758902e+00,6.098074e+00,7.331060e+00,6.222576e+00,5.811141e+00,6.311735e+00,6.542472e+00,5.786897e+00,5.017280e+00,5.676754e+00,6.082219e+00,5.955837e+00,6.472346e+00,6.922644e+00
6.434547e+00,5.379897e+00,7.114769e+00,6.352629e+00,5.641907e+00,5.758902e+00,6.093570e+00,7.331715e+00,6.222576e+00,5.811141e+00,6.263398e+00,6.693324e+00,5.950643e+00,5.010635e+00,5.662960e+00,6.082219e+00,5.955837e+00,6.472346e+00,6.921658e+00
6.434547e+00,5.379897e+00,6.890609e+00,6.710523e+00,5.641907e+00,5.758902e+00,6.093570e+00,7.327123e+00,6.150603e+00,5.894403e+00,6.126869e+00,6.874198e+00,5.950643e+00,5.010635e+00,5.468060e+00,6.082219e+00,5.955837e+00,6.747587e+00,6.759255e+00
6.410175e+00,5.446737e+00,6.569481e+00,6.994850e+00,5.641907e+00,5.758902e+00,6.073045e+00,7.308543e+00,6.171701e+00,5.916202e+00,6.120297e+00,7.023759e+00,5.950643e+00,5.010635e+00,5.327876e+00,6.326149e+00,5.955837e+00,6.748760e+00,6.709304e+00
6.104793e+00,5.971262e+00,6.569481e+00,6.994850e+00,5.641907e+00,5.758902e+00,6.073045e+00,7.305860e+00,6.079933e+00,6.049733e+00,6.120297e+00,7.023759e+00,5.921578e+00,5.429346e+00,5.327876e+00,6.406880e+00,5.955837e+00,6.748760e+00,6.678342e+00
6.104793e+00,5.971262e+00,6.526495e+00,7.021976e+00,5.641907e+00,5.758902e+00,6.073045e+00,7.305860e+00,5.823046e+00,6.056784e+00,6.120297e+00,7.023759e+00,5.921578e+00,5.552960e+00,5.327876e+00,6.408529e+00,5.968708e+00,6.748760e+00,6.678342e+00
6.104793e+00,5.971262e+00,6.469250e+00,7.054450e+00,5.645447e+00,5.758902e+00,6.073045e+00,7.305860e+00,5.802118e+00,6.139885e+00,6.084499e+00,6.880384e+00,5.921578e+00,5.505332e+00,5.332719e+00,6.342121e+00,6.156979e+00,6.761573e+00,6.679599e+00
6.095825e+00,5.981414e+00,6.469250e+00,7.053586e+00,5.648974e+00,5.758902e+00,6.006353e+00,7.324490e+00,5.802118e+00,6.295266e+00,6.084499e+00,6.846943e+00,5.921578e+00,5.786897e+00,5.247024e+00,6.432940e+00,6.289716e+00,6.695799e+00,6.679599e+00
6.091310e+00,5.986452e+00,6.318968e+00,7.128496e+00,5.648974e+00,5.758902e+00,5.888878e+00,7.317212e+00,5.958425e+00,6.298949e+00,6.084499e+00,6.828712e+00,6.006353e+00,5.786897e+00,5.181784e+00,6.432940e+00,6.289716e+00,6.721426e+00,6.628041e+00
5.910797e+00,6.154858e+00,6.318968e+00,7.128496e+00,5.648974e+00,5.758902e+00,5.834811e+00,7.313220e+00,6.021023e+00,6.496775e+00,6.084499e+00,6.709304e+00,6.593045e+00,5.786897e+00,5.463832e+00,6.492240e+00,6.120297e+00,6.723832e+00,6.603944e+00
5.849325e+00,6.200509e+00,6.318968e+00,7.126087e+00,5.308268e+00,5.996452e+00,5.749393e+00,7.224025e+00,6.236370e+00,6.862758e+00,6.084499e+00,6.651572e+00,6.594413e+00,5.786897e+00,5.572154e+00,6.637258e+00,6.086775e+00,6.725034e+00,6.398595e+00
5.874931e+00,6.200509e+00,6.318968e+00,7.023759e+00,5.659482e+00,6.082219e+00,5.743003e+00,7.223296e+00,6.232448e+00,6.874198e+00,6.084499e+00,6.625392e+00,6.594413e+00,5.786897e+00,5.993961e+00,6.689599e+00,6.084499e+00,6.720220e+00,6.124683e+00
6.226537e+00,6.200509e+00,6.318968e+00,7.013016e+00,5.700444e+00,6.082219e+00,5.743003e+00,7.194437e+00,6.261492e+00,7.095064e+00,6.084499e+00,6.429719e+00,6.594413e+00,5.572154e+00,6.030685e+00,6.740519e+00,6.161207e+00,6.720220e+00,6.124683e+00
6.159095e+00,6.276643e+00,6.126869e+00,7.072422e+00,5.786897e+00,6.086775e+00,5.743003e+00,7.183871e+00,6.272877e+00,7.086738e+00,6.118097e+00,6.429719e+00,6.594413e+00,5.572154e+00,6.159095e+00,6.802395e+00,6.161207e+00,6.666957e+00,5.501258e+00
6.159095e+00,6.226537e+00,6.182085e+00,7.034388e+00,5.913503e+00,6.086775e+00,5.655992e+00,7.123673e+00,6.349139e+00,7.051856e+00,6.150603e+00,6.429719e+00,6.594413e+00,5.572154e+00,6.030685e+00,6.804615e+00,6.161207e+00,6.543912e+00,5.384495e+00
6.159095e+00,6.146329e+00,6.259581e+00,6.862758e+00,6.249975e+00,6.154858e+00,5.587249e+00,7.100852e+00,6.428105e+00,7.037028e+00,6.150603e+00,6.519147e+00,6.594413e+00,5.463832e+00,6.486161e+00,6.804615e+00,6.161207e+00,6.428105e+00,5.384495e+00
6.159095e+00,6.089045e+00,6.308098e+00,6.855409e+00,6.263398e+00,6.150603e+00,5.288267e+00,7.153834e+00,6.436150e+00,6.980076e+00,6.142037e+00,6.675823e+00,6.594413e+00,5.929589e+00,6.369901e+00,6.804615e+00,6.163315e+00,6.428105e+00,5.384495e+00
6.159095e+00,6.033086e+00,6.285998e+00,6.891626e+00,6.068426e+00,6.045005e+00,5.780744e+00,7.048386e+00,6.630683e+00,6.961296e+00,6.267201e+00,6.677083e+00,6.572283e+00,6.186209e+00,6.368187e+00,6.804615e+00,6.364751e+00,6.428105e+00,5.488938e+00
6.159095e+00,5.774552e+00,6.415097e+00,6.912743e+00,5.998937e+00,6.013715e+00,5.902633e+00,6.964136e+00,6.734592e+00,6.949856e+00,6.343880e+00,6.683361e+00,6.553933e+00,6.196444e+00,6.368187e+00,6.804615e+00,6.364751e+00,6.428105e+00,5.488938e+00
6.159095e+00,5.774552e+00,6.386879e+00,6.929517e+00,5.996452e+00,6.013715e+00,5.905362e+00,6.927558e+00,6.774224e+00,6.949856e+00,6.282267e+00,6.683361e+00,6.498282e+00,6.280396e+00,6.368187e+00,6.804615e+00,6.486161e+00,6.445720e+00,5.501258e+00
6.177944e+00,5.774552e+00,6.345636e+00,6.952729e+00,5.996452e+00,6.013715e+00,5.897154e+00,6.661855e+00,6.954639e+00,6.931472e+00,6.472346e+00,6.894670e+00,6.492240e+00,6.280396e+00,6.368187e+00,6.768493e+00,6.486161e+00,6.563856e+00,5.501258e+00
6.444131e+00,5.774552e+00,6.345636e+00,6.952729e+00,5.993961e+00,6.016157e+00,5.568345e+00,6.309918e+00,7.210818e+00,6.931472e+00,6.251904e+00,6.889591e+00,6.469250e+00,6.393591e+00,6.373320e+00,6.756932e+00,6.429719e+00,6.535241e+00,5.594711e+00
6.444131e+00,5.774552e+00,6.345636e+00,6.952729e+00,5.993961e+00,5.641907e+00,5.796058e+00,6.335054e+00,7.242798e+00,6.929517e+00,6.300786e+00,6.859615e+00,6.453625e+00,6.401917e+00,6.373320e+00,6.756932e+00,6.606650e+00,6.675823e+00,5.929589e+00
6.444131e+00,5.774552e+00,6.175867e+00,7.030857e+00,6.003887e+00,5.641907e+00,5.774552e+00,6.079933e+00,7.334329e+00,6.896694e+00,6.352629e+00,6.859615e+00,6.354370e+00,6.439350e+00,6.373320e+00,6.756932e+00,6.609349e+00,6.715383e+00,5.799093e+00
6.489205e+00,5.774552e+00,6.175867e+00,7.023759e+00,6.023448e+00,5.641907e+00,5.771441e+00,6.082219e+00,7.334329e+00,7.026427e+00,6.342121e+00,6.859615e+00,6.340359e+00,6.483107e+00,6.373320e+00,6.603944e+00,6.659294e+00,6.776507e+00,6.035481e+00
6.489205e+00,5.774552e+00,6.093570e+00,7.057037e+00,6.023448e+00,5.641907e+00,5.771441e+00,6.082219e+00,7.334329e+00,7.023759e+00,6.354370e+00,6.859615e+00,6.340359e+00,6.484635e+00,6.373320e+00,6.551080e+00,6.701960e+00,6.704414e+00,6.282267e+00
6.489205e+00,5.774552e+00,6.093570e+00,7.057037e+00,6.016157e+00,5.652489e+00,5.755742e+00,6.093570e+00,7.334329e+00,7.023759e+00,6.357842e+00,6.870053e+00,6.340359e+00,6.922644e+00,6.478510e+00,6.519147e+00,6.709304e+00,6.723832e+00,6.302619e+00
6.489205e+00,5.774552e+00,6.091310e+00,7.021084e+00,6.113682e+00,5.641907e+00,5.758902e+00,6.098074e+00,7.334329e+00,7.023759e+00,6.563856e+00,6.870053e+00,6.340359e+00,6.948897e+00,6.520621e+00,6.419995e+00,6.760415e+00,6.723832e+00,6.668228e+00
6.489205e+00,5.774552e+00,6.091310e+00,7.010312e+00,6.139885e+00,5.641907e+00,5.758902e+00,6.098074e+00,7.334329e+00,7.023759e+00,6.566672e+00,6.870053e+00,6.198479e+00,7.037028e+00,6.520621e+00,6.436150e+00,6.760415e+00,6.859615e+00,6.685861e+00
6.489205e+00,5.774552e+00,5.613128e+00,7.122867e+00,6.214608e+00,5.641907e+00,5.758902e+00,6.098074e+00,7.334329e+00,7.023759e+00,6.677083e+00,6.873164e+00,6.340359e+00,7.046647e+00,6.520621e+00,6.436150e+00,6.762730e+00,6.871091e+00,6.903747e+00
6.489205e+00,5.752573e+00,5.638355e+00,7.122867e+00,6.214608e+00,5.641907e+00,5.758902e+00,6.098074e+00,7.334329e+00,7.023759e+00,6.661855e+00,7.047517e+00,6.204558e+00,7.059618e+00,6.520621e+00,6.436150e+00,6.859615e+00,6.875232e+00,6.908755e+00
6.171701e+00,6.202536e+00,5.638355e+00,7.118016e+00,6.226537e+00,5.641907e+00,5.758902e+00,6.098074e+00,7.331060e+00,7.023759e+00,6.656727e+00,7.057898e+00,6.302619e+00,7.059618e+00,6.519147e+00,6.436150e+00,6.861711e+00,6.872128e+00,6.908755e+00
5.857933e+00,6.434547e+00,5.379897e+00,7.114769e+00,6.352629e+00,5.641907e+00,5.758902e+00,6.093570e+00,7.331715e+00,7.023759e+00,6.613384e+00,6.956545e+00,6.190315e+00,7.059618e+00,6.487684e+00,6.436150e+00,6.862758e+00,6.922644e+00,6.908755e+00
5.857933e+00,6.434547e+00,5.379897e+00,6.890609e+00,6.710523e+00,5.641907e+00,5.758902e+00,6.093570e+00,7.327123e+00,6.997596e+00,6.927558e+00,6.821107e+00,6.192362e+00,7.059618e+00,6.487684e+00,6.436150e+00,6.862758e+00,6.802395e+00,6.908755e+00
5.857933e+00,6.410175e+00,5.446737e+00,6.569481e+00,6.994850e+00,5.641907e+00,5.758902e+00,6.073045e+00,7.308543e+00,6.990257e+00,6.929517e+00,6.684612e+00,6.276643e+00,7.059618e+00,6.487684e+00,6.343880e+00,6.862758e+00,6.856462e+00,6.908755e+00
5.857933e+00,6.104793e+00,5.971262e+00,6.569481e+00,6.994850e+00,5.641907e+00,5.758902e+00,6.073045e+00,7.305860e+00,6.940222e+00,6.931472e+00,6.684612e+00,6.361302e+00,6.990257e+00,6.487684e+00,6.265301e+00,6.862758e+00,6.857514e+00,6.946976e+00
5.945421e+00,6.104793e+00,5.971262e+00,6.526495e+00,7.021976e+00,5.641907e+00,5.758902e+00,6.073045e+00,7.305860e+00,7.042286e+00,6.931472e+00,6.687109e+00,6.431331e+00,6.962243e+00,6.487684e+00,6.263398e+00,6.771936e+00,6.857514e+00,7.093405e+00
5.961005e+00,6.104793e+00,5.971262e+00,6.469250e+00,7.054450e+00,5.645447e+00,5.758902e+00,6.073045e+00,7.305860e+00,7.013915e+00,6.931472e+00,6.687109e+00,6.472346e+00,6.961296e+00,6.486161e+00,6.255750e+00,6.674561e+00,6.845880e+00,7.160846e+00
5.961005e+00,6.095825e+00,5.981414e+00,6.469250e+00,7.053586e+00,5.648974e+00,5.758902e+00,6.006353e+00,7.324490e+00,6.936343e+00,6.931472e+00,6.690842e+00,6.473891e+00,6.882437e+00,6.486161e+00,6.144186e+00,6.685861e+00,6.990257e+00,7.228388e+00
5.961005e+00,6.091310e+00,5.986452e+00,6.318968e+00,7.128496e+00,5.648974e+00,5.758902e+00,5.888878e+00,7.317212e+00,6.966024e+00,6.931472e+00,6.690842e+00,6.445720e+00,6.882437e+00,6.486161e+00,6.144186e+00,6.687109e+00,6.972606e+00,7.273786e+00
5.961005e+00,5.910797e+00,6.154858e+00,6.318968e+00,7.128496e+00,5.648974e+00,5.758902e+00,5.834811e+00,7.313220e+00,6.932448e+00,7.023759e+00,6.583409e+00,5.908083e+00,6.898715e+00,6.393591e+00,6.059123e+00,6.688355e+00,6.970730e+00,7.273786e+00
5.966147e+00,5.849325e+00,6.200509e+00,6.318968e+00,7.126087e+00,5.308268e+00,5.996452e+00,5.749393e+00,7.224025e+00,6.609349e+00,7.023759e+00,6.569481e+00,5.940171e+00,6.951772e+00,6.345636e+00,6.182085e+00,6.793466e+00,6.969791e+00,7.273786e+00
5.991465e+00,5.874931e+00,6.200509e+00,6.318968e+00,7.023759e+00,5.659482e+00,6.082219e+00,5.743003e+00,7.223296e+00,6.594413e+00,7.023759e+00,6.813445e+00,6.018593e+00,7.009409e+00,6.068426e+00,6.093570e+00,6.785588e+00,6.964136e+00,7.273786e+00
5.521461e+00,6.226537e+00,6.200509e+00,6.318968e+00,7.013016e+00,5.700444e+00,6.082219e+00,5.743003e+00,7.194437e+00,6.198479e+00,7.054450e+00,6.815640e+00,6.317165e+00,7.011214e+00,6.033086e+00,5.978886e+00,6.745236e+00,6.964136e+00,7.273786e+00
5.497168e+00,6.159095e+00,6.276643e+00,6.126869e+00,7.072422e+00,5.786897e+00,6.086775e+00,5.743003e+00,7.183871e+00,6.198479e+00,7.041412e+00,6.995766e+00,6.533789e+00,7.038784e+00,5.849325e+00,5.831882e+00,6.745236e+00,6.964136e+00,7.284135e+00
5.652489e+00,6.159095e+00,6.226537e+00,6.182085e+00,7.034388e+00,5.913503e+00,6.086775e+00,5.655992e+00,7.123673e+00,6.198479e+00,7.092574e+00,7.004882e+00,6.558198e+00,7.038784e+00,5.846439e+00,6.685861e+00,6.804615e+00,6.964136e+00,7.319202e+00
5.910797e+00,6.159095e+00,6.146329e+00,6.259581e+00,6.862758e+00,6.249975e+00,6.154858e+00,5.587249e+00,7.100852e+00,6.198479e+00,7.224025e+00,6.967909e+00,6.700731e+00,7.090077e+00,4.564348e+00,6.685861e+00,6.805723e+00,6.964136e+00,7.319202e+00
5.988961e+00,6.159095e+00,6.089045e+00,6.308098e+00,6.855409e+00,6.263398e+00,6.150603e+00,5.288267e+00,7.153834e+00,6.200509e+00,7.257708e+00,6.853299e+00,6.731018e+00,6.947937e+00,4.564348e+00,6.685861e+00,7.031741e+00,6.976348e+00,7.321189e+00
5.988961e+00,6.159095e+00,6.033086e+00,6.285998e+00,6.891626e+00,6.068426e+00,6.045005e+00,5.780744e+00,7.048386e+00,6.161207e+00,7.177019e+00,6.852243e+00,6.800170e+00,6.835185e+00,4.564348e+00,6.712956e+00,6.948897e+00,6.982863e+00,7.321850e+00
6.016157e+00,6.159095e+00,5.774552e+00,6.415097e+00,6.912743e+00,5.998937e+00,6.013715e+00,5.902633e+00,6.964136e+00,6.218600e+00,7.123673e+00,6.900731e+00,6.801283e+00,6.828712e+00,4.564348e+00,6.731018e+00,6.983790e+00,6.982863e+00,7.566828e+00
6.175867e+00,6.159095e+00,5.774552e+00,6.386879e+00,6.929517e+00,5.996452e+00,6.013715e+00,5.905362e+00,6.927558e+00,6.244167e+00,7.148346e+00,6.900731e+00,6.801283e+00,6.875232e+00,4.564348e+00,6.731018e+00,6.913737e+00,6.972606e+00,7.584265e+00
6.440947e+00,6.177944e+00,5.774552e+00,6.345636e+00,6.952729e+00,5.996452e+00,6.013715e+00,5.897154e+00,6.661855e+00,6.244167e+00,7.015712e+00,6.690842e+00,6.801283e+00,6.875232e+00,5.620401e+00,6.731018e+00,6.915723e+00,6.895683e+00,7.586804e+00
6.248043e+00,6.444131e+00,5.774552e+00,6.345636e+00,6.952729e+00,5.993961e+00,6.016157e+00,5.568345e+00,6.309918e+00,6.244167e+00,6.999422e+00,6.886532e+00,6.838405e+00,6.822197e+00,5.872118e+00,6.731018e+00,6.853299e+00,6.818924e+00,7.579679e+00
6.248043e+00,6.444131e+00,5.774552e+00,6.345636e+00,6.952729e+00,5.993961e+00,5.641907e+00,5.796058e+00,6.335054e+00,6.244167e+00,6.974479e+00,7.012115e+00,6.852243e+00,6.816736e+00,5.918894e+00,6.731018e+00,6.641182e+00,6.670766e+00,7.561642e+00
6.249975e+00,6.444131e+00,5.774552e+00,6.175867e+00,7.030857e+00,6.003887e+00,5.641907e+00,5.774552e+00,6.079933e+00,6.242223e+00,6.946014e+00,7.103322e+00,6.854355e+00,6.864848e+00,6.093570e+00,6.731018e+00,6.638568e+00,6.629363e+00,7.558517e+00
6.196444e+00,6.489205e+00,5.774552e+00,6.175867e+00,7.023759e+00,6.023448e+00,5.641907e+00,5.771441e+00,6.082219e+00,5.765191e+00,6.941190e+00,7.107425e+00,6.858565e+00,6.883463e+00,6.324359e+00,6.731018e+00,6.587550e+00,6.381816e+00,7.508239e+00
6.196444e+00,6.489205e+00,5.774552e+00,6.093570e+00,7.057037e+00,6.023448e+00,5.641907e+00,5.771441e+00,6.082219e+00,5.820083e+00,6.934397e+00,7.107425e+00,6.858565e+00,6.888572e+00,6.470800e+00,6.731018e+00,6.539586e+00,6.381816e+00,7.462215e+00
6.196444e+00,6.489205e+00,5.774552e+00,6.093570e+00,7.057037e+00,6.016157e+00,5.652489e+00,5.755742e+00,6.093570e+00,5.828946e+00,6.932448e+00,7.099202e+00,6.858565e+00,6.431331e+00,6.398595e+00,6.626718e+00,6.529419e+00,6.238325e+00,7.491645e+00
6.196444e+00,6.489205e+00,5.774552e+00,6.091310e+00,7.021084e+00,6.113682e+00,5.641907e+00,5.758902e+00,6.098074e+00,5.828946e+00,6.803505e+00,7.099202e+00,6.858565e+00,6.499787e+00,6.391917e+00,6.612041e+00,6.464588e+00,6.238325e+00,7.416980e+00
6.196444e+00,6.489205e+00,5.774552e+00,6.091310e+00,7.010312e+00,6.139885e+00,5.641907e+00,5.758902e+00,6.098074e+00,5.913503e+00,6.806829e+00,7.138073e+00,6.858565e+00,6.350886e+00,6.527958e+00,6.610696e+00,6.464588e+00,5.968708e+00,7.370231e+00
6.196444e+00,6.489205e+00,5.774552e+00,5.613128e+00,7.122867e+00,6.214608e+00,5.641907e+00,5.758902e+00,6.098074e+00,6.206576e+00,6.710523e+00,7.141245e+00,6.771936e+00,6.331502e+00,6.535241e+00,6.637258e+00,6.461468e+00,5.940171e+00,7.181592e+00
6.196444e+00,6.489205e+00,5.752573e+00,5.638355e+00,7.122867e+00,6.214608e+00,5.641907e+00,5.758902e+00,6.098074e+00,6.309918e+00,6.664409e+00,6.983790e+00,6.771936e+00,6.359574e+00,6.535241e+00,6.693324e+00,6.313548e+00,5.929589e+00,7.177782e+00
6.196444e+00,6.171701e+00,6.202536e+00,5.638355e+00,7.118016e+00,6.226537e+00,5.641907e+00,5.758902e+00,6.098074e+00,6.364751e+00,6.708084e+00,7.056175e+00,6.711740e+00,6.386879e+00,6.535241e+00,6.697034e+00,6.343880e+00,5.891644e+00,7.177782e+00
6.196444e+00,5.857933e+00,6.434547e+00,5.379897e+00,7.114769e+00,6.352629e+00,5.641907e+00,5.758902e+00,6.093570e+00,6.364751e+00,6.708084e+00,7.068172e+00,6.711740e+00,6.386879e+00,6.535241e+00,6.726233e+00,6.342121e+00,5.743003e+00,7.177782e+00
6.196444e+00,5.857933e+00,6.434547e+00,5.379897e+00,6.890609e+00,6.710523e+00,5.641907e+00,5.758902e+00,6.093570e+00,6.390241e+00,6.293419e+00,7.044905e+00,6.726233e+00,6.386879e+00,6.535241e+00,6.830874e+00,6.342121e+00,5.393628e+00,7.177782e+00
6.196444e+00,5.857933e+00,6.410175e+00,5.446737e+00,6.569481e+00,6.994850e+00,5.641907e+00,5.758902e+00,6.073045e+00,6.555357e+00,6.315358e+00,7.010312e+00,6.673298e+00,6.388561e+00,6.535241e+00,6.784457e+00,6.342121e+00,5.129899e+00,7.207119e+00
6.196444e+00,5.857933e+00,6.104793e+00,5.971262e+00,6.569481e+00,6.994850e+00,5.641907e+00,5.758902e+00,6.073045e+00,6.856462e+00,6.313548e+00,7.010312e+00,6.720220e+00,6.478510e+00,6.535241e+00,6.779922e+00,6.342121e+00,5.476464e+00,7.177782e+00
6.129050e+00,5.945421e+00,6.104793e+00,5.971262e+00,6.526495e+00,7.021976e+00,5.641907e+00,5.758902e+00,6.073045e+00,6.769642e+00,6.393591e+00,7.036148e+00,6.679599e+00,6.771936e+00,6.535241e+00,6.779922e+00,6.342121e+00,5.808142e+00,7.050123e+00
6.115892e+00,5.961005e+00,6.104793e+00,5.971262e+00,6.469250e+00,7.054450e+00,5.645447e+00,5.758902e+00,6.073045e+00,6.807935e+00,6.423247e+00,7.036148e+00,6.841615e+00,7.079184e+00,6.535241e+00,6.773080e+00,6.342121e+00,6.030685e+00,6.974479e+00
6.115892e+00,5.961005e+00,6.095825e+00,5.981414e+00,6.469250e+00,7.053586e+00,5.648974e+00,5.758902e+00,6.006353e+00,7.136483e+00,6.423247e+00,7.044905e+00,6.850126e+00,7.210080e+00,6.535241e+00,6.773080e+00,6.202536e+00,5.736572e+00,6.886532e+00
6.115892e+00,5.961005e+00,6.091310e+00,5.986452e+00,6.318968e+00,7.128496e+00,5.648974e+00,5.758902e+00,5.888878e+00,7.244228e+00,6.423247e+00,7.044905e+00,6.834109e+00,7.256297e+00,6.535241e+00,6.775366e+00,6.200509e+00,5.768321e+00,6.818924e+00
6.115892e+00,5.961005e+00,5.910797e+00,6.154858e+00,6.318968e+00,7.128496e+00,5.648974e+00,5.758902e+00,5.834811e+00,7.259116e+00,6.270988e+00,7.032624e+00,6.765039e+00,7.275865e+00,6.535241e+00,6.784457e+00,6.214608e+00,5.932245e+00,6.818924e+00
6.159095e+00,5.966147e+00,5.849325e+00,6.200509e+00,6.318968e+00,7.126087e+00,5.308268e+00,5.996452e+00,5.749393e+00,7.252054e+00,6.272877e+00,7.037028e+00,6.749931e+00,7.475906e+00,6.535241e+00,6.612041e+00,6.025866e+00,5.958425e+00,6.818924e+00
6.154858e+00,5.991465e+00,5.874931e+00,6.200509e+00,6.318968e+00,7.023759e+00,5.659482e+00,6.082219e+00,5.743003e+00,7.252762e+00,6.272877e+00,6.846943e+00,6.712956e+00,7.492760e+00,6.535241e+00,6.704414e+00,6.124683e+00,6.113682e+00,6.818924e+00
6.248043e+00,5.521461e+00,6.226537e+00,6.200509e+00,6.318968e+00,7.013016e+00,5.700444e+00,6.082219e+00,5.743003e+00,7.253470e+00,6.204558e+00,7.001246e+00,6.617403e+00,7.524561e+00,6.535241e+00,6.704414e+00,6.124683e+00,6.363028e+00,6.818924e+00
6.555357e+00,5.497168e+00,6.159095e+00,6.276643e+00,6.126869e+00,7.072422e+00,5.786897e+00,6.086775e+00,5.743003e+00,7.255591e+00,6.251904e+00,6.858565e+00,6.426488e+00,7.616284e+00,6.535241e+00,6.722630e+00,6.124683e+00,6.456770e+00,6.802395e+00
6.508769e+00,5.652489e+00,6.159095e+00,6.226537e+00,6.182085e+00,7.034388e+00,5.913503e+00,6.086775e+00,5.655992e+00,7.289611e+00,6.095825e+00,6.985642e+00,6.418365e+00,7.663877e+00,6.535241e+00,5.986452e+00,6.150603e+00,6.456770e+00,6.742881e+00
6.472346e+00,5.910797e+00,6.159095e+00,6.146329e+00,6.259581e+00,6.862758e+00,6.249975e+00,6.154858e+00,5.587249e+00,7.409136e+00,5.616771e+00,6.978214e+00,6.579251e+00,7.643962e+00,6.535241e+00,5.996452e+00,6.148468e+00,6.456770e+00,6.742881e+00
6.461468e+00,5.988961e+00,6.159095e+00,6.089045e+00,6.308098e+00,6.855409e+00,6.263398e+00,6.150603e+00,5.288267e+00,7.439559e+00,5.429346e+00,7.028201e+00,6.545350e+00,7.643004e+00,6.535241e+00,5.998937e+00,5.690359e+00,6.436150e+00,6.739337e+00
6.461468e+00,5.988961e+00,6.159095e+00,6.033086e+00,6.285998e+00,6.891626e+00,6.068426e+00,6.045005e+00,5.780744e+00,7.450080e+00,5.424950e+00,7.033506e+00,6.455199e+00,7.644441e+00,6.576470e+00,6.218600e+00,5.634790e+00,6.424869e+00,6.709304e+00
6.444131e+00,6.016157e+00,6.159095e+00,5.774552e+00,6.415097e+00,6.912743e+00,5.998937e+00,6.013715e+00,5.902633e+00,7.418181e+00,5.416100e+00,7.094235e+00,6.496775e+00,7.644441e+00,6.711740e+00,6.343880e+00,5.493061e+00,6.424869e+00,5.991465e+00
6.324359e+00,6.175867e+00,6.159095e+00,5.774552e+00,6.386879e+00,6.929517e+00,5.996452e+00,6.013715e+00,5.905362e+00,7.447751e+00,5.509388e+00,7.163947e+00,6.502790e+00,7.604894e+00,6.935370e+00,6.456770e+00,5.484797e+00,6.432940e+00,5.897154e+00
5.998937e+00,6.440947e+00,6.177944e+00,5.774552e+00,6.345636e+00,6.952729e+00,5.996452e+00,6.013715e+00,5.897154e+00,7.461066e+00,5.874931e+00,7.237778e+00,6.502790e+00,7.604894e+00,6.744059e+00,6.508769e+00,5.476464e+00,6.523562e+00,5.950643e+00
5.902633e+00,6.248043e+00,6.444131e+00,5.774552e+00,6.345636e+00,6.952729e+00,5.993961e+00,6.016157e+00,5.568345e+00,7.526718e+00,6.218600e+00,7.147559e+00,6.455199e+00,7.619724e+00,6.658011e+00,6.559615e+00,5.525453e+00,6.523562e+00,5.948035e+00
5.902633e+00,6.248043e+00,6.444131e+00,5.774552e+00,6.345636e+00,6.952729e+00,5.993961e+00,5.641907e+00,5.796058e+00,7.542213e+00,6.224558e+00,7.057037e+00,6.487684e+00,7.634821e+00,6.801283e+00,6.559615e+00,5.525453e+00,6.573680e+00,5.739793e+00
5.899897e+00,6.249975e+00,6.444131e+00,5.774552e+00,6.175867e+00,7.030857e+00,6.003887e+00,5.641907e+00,5.774552e+00,7.636752e+00,6.224558e+00,6.961296e+00,6.517671e+00,7.609367e+00,6.738152e+00,6.569481e+00,5.525453e+00,6.672033e+00,5.765191e+00
5.894403e+00,6.196444e+00,6.489205e+00,5.774552e+00,6.175867e+00,7.023759e+00,6.023448e+00,5.641907e+00,5.771441e+00,7.644441e+00,6.222576e+00,6.956545e+00,6.538140e+00,7.586296e+00,6.620073e+00,6.874198e+00,5.525453e+00,6.672033e+00,5.793014e+00
5.942799e+00,6.196444e+00,6.489205e+00,5.774552e+00,6.093570e+00,7.057037e+00,6.023448e+00,5.641907e+00,5.771441e+00,7.636270e+00,6.267201e+00,7.085901e+00,6.538140e+00,7.583248e+00,6.599870e+00,6.978214e+00,5.525453e+00,6.672033e+00,5.683580e+00
5.942799e+00,6.196444e+00,6.489205e+00,5.774552e+00,6.093570e+00,7.057037e+00,6.016157e+00,5.652489e+00,5.755742e+00,7.654917e+00,6.267201e+00,7.128496e+00,6.538140e+00,7.583756e+00,6.575076e+00,7.024649e+00,5.525453e+00,6.688355e+00,5.442418e+00
6.035481e+00,6.196444e+00,6.489205e+00,5.774552e+00,6.091310e+00,7.021084e+00,6.113682e+00,5.641907e+00,5.758902e+00,7.667626e+00,6.253829e+00,7.132498e+00,6.541030e+00,7.570443e+00,6.541030e+00,7.024649e+00,5.583496e+00,6.703188e+00,5.225747e+00
6.035481e+00,6.196444e+00,6.489205e+00,5.774552e+00,6.091310e+00,7.010312e+00,6.139885e+00,5.641907e+00,5.758902e+00,7.675082e+00,6.244167e+00,7.115582e+00,6.541030e+00,7.578657e+00,6.415097e+00,7.016610e+00,5.817111e+00,6.785588e+00,5.389072e+00
6.206576e+00,6.196444e+00,6.489205e+00,5.774552e+00,5.613128e+00,7.122867e+00,6.214608e+00,5.641907e+00,5.758902e+00,7.662468e+00,6.244167e+00,7.111512e+00,6.548219e+00,7.593878e+00,6.421622e+00,6.998510e+00,5.910797e+00,6.790097e+00,5.389072e+00
6.318968e+00,6.196444e+00,6.489205e+00,5.752573e+00,5.638355e+00,7.122867e+00,6.214608e+00,5.641907e+00,5.758902e+00,7.640123e+00,6.244167e+00,7.118826e+00,6.551080e+00,7.578145e+00,6.421622e+00,6.957497e+00,6.001415e+00,6.793466e+00,5.389072e+00
6.329721e+00,6.196444e+00,6.171701e+00,6.202536e+00,5.638355e+00,7.118016e+00,6.226537e+00,5.641907e+00,5.758902e+00,7.625107e+00,6.173786e+00,7.040536e+00,6.551080e+00,7.569928e+00,6.421622e+00,7.069874e+00,5.953243e+00,6.836259e+00,5.389072e+00
6.333280e+00,6.196444e+00,5.857933e+00,6.434547e+00,5.379897e+00,7.114769e+00,6.352629e+00,5.641907e+00,5.758902e+00,7.625107e+00,6.173786e+00,7.055313e+00,6.558198e+00,7.570443e+00,6.445720e+00,7.069874e+00,5.986452e+00,6.864848e+00,5.389072e+00
6.333280e+00,6.196444e+00,5.857933e+00,6.434547e+00,5.379897e+00,6.890609e+00,6.710523e+00,5.641907e+00,5.758902e+00,7.617760e+00,6.171701e+00,7.066467e+00,6.545350e+00,7.570443e+00,6.511745e+00,7.085064e+00,6.018593e+00,6.870053e+00,5.389072e+00
6.333280e+00,6.196444e+00,5.857933e+00,6.410175e+00,5.446737e+00,6.569481e+00,6.994850e+00,5.641907e+00,5.758902e+00,7.592870e+00,6.142037e+00,7.124478e+00,6.545350e+00,7.569928e+00,6.514713e+00,7.064759e+00,6.018593e+00,6.870053e+00,5.198497e+00
6.336826e+00,6.196444e+00,5.857933e+00,6.104793e+00,5.971262e+00,6.569481e+00,6.994850e+00,5.641907e+00,5.758902e+00,7.462789e+00,6.282267e+00,7.210818e+00,6.419995e+00,7.540622e+00,6.514713e+00,7.064759e+00,6.018593e+00,6.909753e+00,5.209486e+00
6.383507e+00,6.129050e+00,5.945421e+00,6.104793e+00,5.971262e+00,6.526495e+00,7.021976e+00,5.641907e+00,5.758902e+00,7.456455e+00,6.202536e+00,7.290975e+00,6.419995e+00,7.415175e+00,6.514713e+00,7.073270e+00,6.018593e+00,6.811244e+00,5.170484e+00
6.383507e+00,6.115892e+00,5.961005e+00,6.104793e+00,5.971262e+00,6.469250e+00,7.054450e+00,5.645447e+00,5.758902e+00,7.436617e+00,6.238325e+00,7.290975e+00,6.152733e+00,7.205635e+00,6.514713e+00,7.080026e+00,6.018593e+00,6.715383e+00,5.164786e+00
6.436150e+00,6.115892e+00,5.961005e+00,6.095825e+00,5.981414e+00,6.469250e+00,7.053586e+00,5.648974e+00,5.758902e+00,7.248504e+00,6.311735e+00,7.346010e+00,6.150603e+00,7.074117e+00,6.514713e+00,7.163172e+00,6.013715e+00,6.665684e+00,5.164786e+00
6.511745e+00,6.115892e+00,5.961005e+00,6.091310e+00,5.986452e+00,6.318968e+00,7.128496e+00,5.648974e+00,5.758902e+00,7.113142e+00,6.415097e+00,7.387709e+00,6.150603e+00,7.074963e+00,6.514713e+00,7.163172e+00,6.018593e+00,6.669498e+00,5.164786e+00
6.575076e+00,6.115892e+00,5.961005e+00,5.910797e+00,6.154858e+00,6.318968e+00,7.128496e+00,5.648974e+00,5.758902e+00,7.023759e+00,6.447306e+00,7.408531e+00,6.175867e+00,7.037906e+00,6.542472e+00,7.156956e+00,6.052089e+00,6.594413e+00,5.170484e+00
6.543912e+00,6.159095e+00,5.966147e+00,5.849325e+00,6.200509e+00,6.318968e+00,7.126087e+00,5.308268e+00,5.996452e+00,7.031741e+00,6.447306e+00,7.404279e+00,6.175867e+00,6.639876e+00,6.610696e+00,7.142037e+00,5.940171e+00,6.580639e+00,5.170484e+00
6.522093e+00,6.154858e+00,5.991465e+00,5.874931e+00,6.200509e+00,6.318968e+00,7.023759e+00,5.659482e+00,6.082219e+00,7.039660e+00,6.569481e+00,7.403670e+00,6.175867e+00,6.526495e+00,6.741701e+00,7.138073e+00,5.820083e+00,6.486161e+00,5.170484e+00
6.519147e+00,6.248043e+00,5.521461e+00,6.226537e+00,6.200509e+00,6.318968e+00,7.013016e+00,5.700444e+00,6.082219e+00,7.042286e+00,6.679599e+00,7.301822e+00,6.023448e+00,6.436150e+00,6.776507e+00,7.143618e+00,5.820083e+00,6.269096e+00,5.170484e+00
6.216606e+00,6.555357e+00,5.497168e+00,6.159095e+00,6.276643e+00,6.126869e+00,7.072422e+00,5.786897e+00,6.086775e+00,7.097549e+00,6.669498e+00,7.315218e+00,6.028279e+00,6.028279e+00,6.777647e+00,7.134094e+00,5.820083e+00,6.154858e+00,5.252273e+00
6.198479e+00,6.508769e+00,5.652489e+00,6.159095e+00,6.226537e+00,6.182085e+00,7.034388e+00,5.913503e+00,6.086775e+00,7.080026e+00,6.685861e+00,7.250636e+00,6.025866e+00,5.755742e+00,6.884487e+00,7.127694e+00,5.686975e+00,6.154858e+00,5.283204e+00
6.068426e+00,6.472346e+00,5.910797e+00,6.159095e+00,6.146329e+00,6.259581e+00,6.862758e+00,6.249975e+00,6.154858e+00,6.912743e+00,6.699500e+00,7.211557e+00,5.398163e+00,5.690359e+00,6.889591e+00,7.172425e+00,5.690359e+00,6.198479e+00,5.303305e+00
6.013715e+00,6.461468e+00,5.988961e+00,6.159095e+00,6.089045e+00,6.308098e+00,6.855409e+00,6.263398e+00,6.150603e+00,6.859615e+00,6.752270e+00,7.172425e+00,5.420535e+00,5.613128e+00,6.889591e+00,7.207119e+00,5.472271e+00,6.315358e+00,5.493061e+00
6.013715e+00,6.461468e+00,5.988961e+00,6.159095e+00,6.033086e+00,6.285998e+00,6.891626e+00,6.068426e+00,6.045005e+00,6.840547e+00,6.800170e+00,7.167809e+00,5.420535e+00,5.680173e+00,6.859615e+00,7.132498e+00,5.472271e+00,6.375025e+00,5.493061e+00
6.013715e+00,6.444131e+00,6.016157e+00,6.159095e+00,5.774552e+00,6.415097e+00,6.912743e+00,5.998937e+00,6.013715e+00,6.840547e+00,6.800170e+00,7.113142e+00,5.298317e+00,5.680173e+00,6.744059e+00,7.064759e+00,5.472271e+00,6.447306e+00,5.493061e+00
6.013715e+00,6.324359e+00,6.175867e+00,6.159095e+00,5.774552e+00,6.386879e+00,6.929517e+00,5.996452e+00,6.013715e+00,6.770789e+00,6.738152e+00,7.126087e+00,5.505332e+00,5.673323e+00,6.469250e+00,7.004882e+00,5.509388e+00,6.478510e+00,5.700444e+00
6.013715e+00,5.998937e+00,6.440947e+00,6.177944e+00,5.774552e+00,6.345636e+00,6.952729e+00,5.996452e+00,6.013715e+00,6.744059e+00,6.572283e+00,7.059618e+00,5.556828e+00,5.673323e+00,6.467699e+00,6.973543e+00,5.509388e+00,6.432940e+00,6.006353e+00
6.013715e+00,5.902633e+00,6.248043e+00,6.444131e+00,5.774552e+00,6.345636e+00,6.952729e+00,5.993961e+00,6.016157e+00,6.594413e+00,6.331502e+00,7.012115e+00,5.743003e+00,5.638355e+00,6.463029e+00,6.940222e+00,5.459586e+00,6.523562e+00,6.122493e+00
6.013715e+00,5.902633e+00,6.248043e+00,6.444131e+00,5.774552e+00,6.345636e+00,6.952729e+00,5.993961e+00,5.641907e+00,6.553933e+00,6.326149e+00,7.124478e+00,5.673323e+00,5.541264e+00,6.347389e+00,6.940222e+00,5.459586e+00,6.473891e+00,6.475433e+00
6.028279e+00,5.899897e+00,6.249975e+00,6.444131e+00,5.774552e+00,6.175867e+00,7.030857e+00,6.003887e+00,5.641907e+00,6.244167e+00,6.326149e+00,7.151485e+00,6.040255e+00,5.631212e+00,6.530878e+00,6.933423e+00,5.459586e+00,6.356108e+00,6.535241e+00
6.070738e+00,5.894403e+00,6.196444e+00,6.489205e+00,5.774552e+00,6.175867e+00,7.023759e+00,6.023448e+00,5.641907e+00,6.222576e+00,6.326149e+00,7.162397e+00,6.543912e+00,5.799093e+00,6.570883e+00,6.648985e+00,5.459586e+00,6.356108e+00,6.620073e+00
6.308098e+00,5.942799e+00,6.196444e+00,6.489205e+00,5.774552e+00,6.093570e+00,7.057037e+00,6.023448e+00,5.641907e+00,6.222576e+00,6.284134e+00,7.074117e+00,6.704414e+00,5.837730e+00,6.464588e+00,6.577861e+00,5.459586e+00,6.401917e+00,6.786717e+00
6.473891e+00,5.942799e+00,6.196444e+00,6.489205e+00,5.774552e+00,6.093570e+00,7.057037e+00,6.016157e+00,5.652489e+00,6.150603e+00,6.284134e+00,7.131699e+00,6.741701e+00,5.872118e+00,6.467699e+00,6.504288e+00,5.459586e+00,6.411818e+00,6.820016e+00
6.416732e+00,6.035481e+00,6.196444e+00,6.489205e+00,5.774552e+00,6.091310e+00,7.021084e+00,6.113682e+00,5.641907e+00,6.171701e+00,6.282267e+00,7.141245e+00,6.745236e+00,5.739793e+00,6.467699e+00,6.504288e+00,5.393628e+00,6.391917e+00,6.787845e+00
6.416732e+00,6.035481e+00,6.196444e+00,6.489205e+00,5.774552e+00,6.091310e+00,7.010312e+00,6.139885e+00,5.641907e+00,6.079933e+00,6.282267e+00,7.130099e+00,6.745236e+00,5.686975e+00,6.459904e+00,6.504288e+00,5.010635e+00,6.272877e+00,6.830874e+00
6.280396e+00,6.206576e+00,6.196444e+00,6.489205e+00,5.774552e+00,5.613128e+00,7.122867e+00,6.214608e+00,5.641907e+00,5.823046e+00,6.282267e+00,7.128496e+00,6.761573e+00,5.579730e+00,6.624065e+00,6.583409e+00,4.762174e+00,6.265301e+00,6.896694e+00
6.163315e+00,6.318968e+00,6.196444e+00,6.489205e+00,5.752573e+00,5.638355e+00,7.122867e+00,6.214608e+00,5.641907e+00,5.802118e+00,6.282267e+00,7.147559e+00,6.887553e+00,5.669881e+00,6.692084e+00,6.591674e+00,4.454347e+00,6.270988e+00,6.902743e+00
6.167516e+00,6.329721e+00,6.196444e+00,6.171701e+00,6.202536e+00,5.638355e+00,7.118016e+00,6.226537e+00,5.641907e+00,5.802118e+00,6.285998e+00,7.148346e+00,7.039660e+00,5.945421e+00,6.725034e+00,6.418365e+00,4.454347e+00,6.196444e+00,7.102499e+00
6.352629e+00,6.333280e+00,6.196444e+00,5.857933e+00,6.434547e+00,5.379897e+00,7.114769e+00,6.352629e+00,5.641907e+00,5.958425e+00,6.285998e+00,7.122867e+00,7.035269e+00,5.950643e+00,6.818924e+00,6.487684e+00,5.252273e+00,6.154858e+00,7.406103e+00
6.375025e+00,6.333280e+00,6.196444e+00,5.857933e+00,6.434547e+00,5.379897e+00,6.890609e+00,6.710523e+00,5.641907e+00,6.021023e+00,6.313548e+00,7.112327e+00,7.031741e+00,5.950643e+00,6.897705e+00,6.308098e+00,5.517453e+00,6.144186e+00,7.460490e+00
6.375025e+00,6.333280e+00,6.196444e+00,5.857933e+00,6.410175e+00,5.446737e+00,6.569481e+00,6.994850e+00,5.641907e+00,6.236370e+00,6.335054e+00,7.053586e+00,7.031741e+00,5.953243e+00,6.895683e+00,6.329721e+00,5.802118e+00,6.144186e+00,7.520235e+00
6.410175e+00,6.336826e+00,6.196444e+00,5.857933e+00,6.104793e+00,5.971262e+00,6.569481e+00,6.994850e+00,5.641907e+00,6.232448e+00,6.200509e+00,6.952729e+00,7.037906e+00,5.953243e+00,6.897705e+00,6.499787e+00,6.272877e+00,5.874931e+00,7.549609e+00
6.364751e+00,6.383507e+00,6.129050e+00,5.945421e+00,6.104793e+00,5.971262e+00,6.526495e+00,7.021976e+00,5.641907e+00,6.261492e+00,6.206576e+00,6.805723e+00,7.054450e+00,5.966147e+00,6.957497e+00,6.484635e+00,6.329721e+00,5.874931e+00,7.588324e+00
6.371612e+00,6.383507e+00,6.115892e+00,5.961005e+00,6.104793e+00,5.971262e+00,6.469250e+00,7.054450e+00,5.645447e+00,6.272877e+00,6.304449e+00,6.869014e+00,7.183112e+00,5.973810e+00,7.045777e+00,6.472346e+00,6.329721e+00,5.877736e+00,7.588324e+00
6.315358e+00,6.436150e+00,6.115892e+00,5.961005e+00,6.095825e+00,5.981414e+00,6.469250e+00,7.053586e+00,5.648974e+00,6.349139e+00,6.230481e+00,6.822197e+00,7.298445e+00,6.177944e+00,7.083388e+00,6.298949e+00,6.329721e+00,5.902633e+00,7.594884e+00
6.376727e+00,6.511745e+00,6.115892e+00,5.961005e+00,6.091310e+00,5.986452e+00,6.318968e+00,7.128496e+00,5.648974e+00,6.428105e+00,6.206576e+00,6.784457e+00,7.351800e+00,6.246107e+00,7.090077e+00,6.295266e+00,6.326149e+00,6.302619e+00,7.597396e+00
6.340359e+00,6.575076e+00,6.115892e+00,5.961005e+00,5.910797e+00,6.154858e+00,6.318968e+00,7.128496e+00,5.648974e+00,6.436150e+00,6.411818e+00,6.749931e+00,7.388328e+00,6.259581e+00,7.074963e+00,6.295266e+00,6.285998e+00,6.426488e+00,7.605392e+00
6.340359e+00,6.543912e+00,6.159095e+00,5.966147e+00,5.849325e+00,6.200509e+00,6.318968e+00,7.126087e+00,5.308268e+00,6.630683e+00,6.637258e+00,6.767343e+00,7.390181e+00,6.259581e+00,7.057898e+00,6.306275e+00,6.285998e+00,6.565265e+00,7.640123e+00
6.336826e+00,6.522093e+00,6.154858e+00,5.991465e+00,5.874931e+00,6.200509e+00,6.318968e+00,7.023759e+00,5.659482e+00,6.734592e+00,6.523562e+00,6.767343e+00,7.393263e+00,6.240276e+00,6.964136e+00,6.248043e+00,6.295266e+00,6.624065e+00,7.670429e+00
6.255750e+00,6.519147e+00,6.248043e+00,5.521461e+00,6.226537e+00,6.200509e+00,6.318968e+00,7.013016e+00,5.700444e+00,6.774224e+00,6.393591e+00,6.768493e+00,7.397562e+00,6.238325e+00,6.947937e+00,6.238325e+00,6.304449e+00,6.685861e+00,7.750184e+00
6.255750e+00,6.216606e+00,6.555357e+00,5.497168e+00,6.159095e+00,6.276643e+00,6.126869e+00,7.072422e+00,5.786897e+00,6.954639e+00,6.366470e+00,6.852243e+00,7.398174e+00,6.238325e+00,6.955593e+00,6.232448e+00,6.304449e+00,6.695799e+00,7.743703e+00
6.257668e+00,6.198479e+00,6.508769e+00,5.652489e+00,6.159095e+00,6.226537e+00,6.182085e+00,7.034388e+00,5.913503e+00,7.210818e+00,6.343880e+00,6.844815e+00,7.391415e+00,6.297109e+00,6.994850e+00,6.190315e+00,6.263398e+00,6.709304e+00,7.756623e+00
6.257668e+00,6.068426e+00,6.472346e+00,5.910797e+00,6.159095e+00,6.146329e+00,6.259581e+00,6.862758e+00,6.249975e+00,7.242798e+00,6.324359e+00,6.854355e+00,7.377759e+00,6.380123e+00,7.063048e+00,6.124683e+00,6.261492e+00,6.684612e+00,7.796469e+00
6.257668e+00,6.013715e+00,6.461468e+00,5.988961e+00,6.159095e+00,6.089045e+00,6.308098e+00,6.855409e+00,6.263398e+00,7.334329e+00,6.242223e+00,7.044905e+00,7.421178e+00,6.450470e+00,7.122867e+00,6.016157e+00,6.261492e+00,6.605298e+00,7.796058e+00
6.287859e+00,6.013715e+00,6.461468e+00,5.988961e+00,6.159095e+00,6.033086e+00,6.285998e+00,6.891626e+00,6.068426e+00,7.334329e+00,6.156979e+00,7.237778e+00,7.421178e+00,6.415097e+00,7.199678e+00,5.998937e+00,6.261492e+00,6.558198e+00,7.847763e+00
6.356108e+00,6.013715e+00,6.444131e+00,6.016157e+00,6.159095e+00,5.774552e+00,6.415097e+00,6.912743e+00,5.998937e+00,7.334329e+00,6.156979e+00,7.202661e+00,7.433075e+00,6.415097e+00,7.215240e+00,5.998937e+00,6.263398e+00,6.499787e+00,7.908755e+00
6.357842e+00,6.013715e+00,6.324359e+00,6.175867e+00,6.159095e+00,5.774552e+00,6.386879e+00,6.929517e+00,5.996452e+00,7.334329e+00,6.156979e+00,7.122867e+00,7.403061e+00,6.442540e+00,7.237778e+00,5.998937e+00,6.257668e+00,6.461468e+00,7.895436e+00
6.492240e+00,6.013715e+00,5.998937e+00,6.440947e+00,6.177944e+00,5.774552e+00,6.345636e+00,6.952729e+00,5.996452e+00,7.334329e+00,6.156979e+00,7.107425e+00,7.419381e+00,6.499787e+00,7.237778e+00,5.998937e+00,6.257668e+00,6.487684e+00,7.845024e+00
6.526495e+00,6.013715e+00,5.902633e+00,6.248043e+00,6.444131e+00,5.774552e+00,6.345636e+00,6.952729e+00,5.993961e+00,7.334329e+00,6.156979e+00,7.108244e+00,7.387090e+00,6.522093e+00,7.231287e+00,5.998937e+00,6.274762e+00,6.419995e+00,7.821643e+00
6.555357e+00,6.013715e+00,5.902633e+00,6.248043e+00,6.444131e+00,5.774552e+00,6.345636e+00,6.952729e+00,5.993961e+00,7.334329e+00,6.156979e+00,7.006695e+00,7.379008e+00,6.514713e+00,7.181592e+00,5.998937e+00,6.308098e+00,6.525030e+00,7.741099e+00
6.803505e+00,6.028279e+00,5.899897e+00,6.249975e+00,6.444131e+00,5.774552e+00,6.175867e+00,7.030857e+00,6.003887e+00,7.334329e+00,6.156979e+00,6.975414e+00,7.280008e+00,6.453625e+00,7.076654e+00,5.998937e+00,6.308098e+00,6.566672e+00,7.718685e+00
6.956545e+00,6.070738e+00,5.894403e+00,6.196444e+00,6.489205e+00,5.774552e+00,6.175867e+00,7.023759e+00,6.023448e+00,7.331060e+00,6.156979e+00,6.962243e+00,7.054450e+00,6.378426e+00,7.034388e+00,5.998937e+00,6.309918e+00,6.616065e+00,7.709757e+00
6.924612e+00,6.308098e+00,5.942799e+00,6.196444e+00,6.489205e+00,5.774552e+00,6.093570e+00,7.057037e+00,6.023448e+00,7.331715e+00,6.156979e+00,6.927558e+00,6.944087e+00,6.366470e+00,7.039660e+00,5.857933e+00,6.309918e+00,6.579251e+00,7.665753e+00
6.892642e+00,6.473891e+00,5.942799e+00,6.196444e+00,6.489205e+00,5.774552e+00,6.093570e+00,7.057037e+00,6.016157e+00,7.327123e+00,6.156979e+00,6.800170e+00,6.913737e+00,6.376727e+00,7.040536e+00,5.857933e+00,6.309918e+00,6.566672e+00,7.676937e+00
6.933423e+00,6.416732e+00,6.035481e+00,6.196444e+00,6.489205e+00,5.774552e+00,6.091310e+00,7.021084e+00,6.113682e+00,7.308543e+00,6.228511e+00,6.781058e+00,6.908755e+00,6.383507e+00,7.063904e+00,5.857933e+00,6.309918e+00,6.568078e+00,7.659171e+00
6.983790e+00,6.416732e+00,6.035481e+00,6.196444e+00,6.489205e+00,5.774552e+00,6.091310e+00,7.010312e+00,6.139885e+00,7.305860e+00,6.248043e+00,6.766192e+00,6.908755e+00,6.380123e+00,7.124478e+00,5.857933e+00,6.309918e+00,6.563856e+00,7.619724e+00
7.019297e+00,6.280396e+00,6.206576e+00,6.196444e+00,6.489205e+00,5.774552e+00,5.613128e+00,7.122867e+00,6.214608e+00,7.305860e+00,6.248043e+00,6.769642e+00,6.889591e+00,6.408529e+00,7.023759e+00,5.686975e+00,6.309918e+00,6.563856e+00,7.588324e+00
7.027315e+00,6.163315e+00,6.318968e+00,6.196444e+00,6.489205e+00,5.752573e+00,5.638355e+00,7.122867e+00,6.214608e+00,7.305860e+00,6.248043e+00,6.746412e+00,6.762730e+00,6.366470e+00,7.056175e+00,5.752573e+00,6.302619e+00,6.694562e+00,7.585281e+00
7.072422e+00,6.167516e+00,6.329721e+00,6.196444e+00,6.171701e+00,6.202536e+00,5.638355e+00,7.118016e+00,6.226537e+00,7.324490e+00,6.333280e+00,6.760415e+00,6.558198e+00,6.194405e+00,7.113956e+00,5.963579e+00,6.302619e+00,6.693324e+00,7.480428e+00
6.990257e+00,6.352629e+00,6.333280e+00,6.196444e+00,5.857933e+00,6.434547e+00,5.379897e+00,7.114769e+00,6.352629e+00,7.317212e+00,6.373320e+00,6.766192e+00,6.558198e+00,6.188264e+00,7.037906e+00,5.771441e+00,6.059123e+00,6.712956e+00,7.206377e+00
6.978214e+00,6.375025e+00,6.333280e+00,6.196444e+00,5.857933e+00,6.434547e+00,5.379897e+00,6.890609e+00,6.710523e+00,7.313220e+00,6.350886e+00,6.860664e+00,6.577861e+00,6.188264e+00,6.928538e+00,5.765191e+00,5.877736e+00,6.748760e+00,7.135687e+00
6.978214e+00,6.375025e+00,6.333280e+00,6.196444e+00,5.857933e+00,6.410175e+00,5.446737e+00,6.569481e+00,6.994850e+00,7.224025e+00,6.349139e+00,6.943122e+00,6.588926e+00,6.186209e+00,6.928538e+00,5.846439e+00,5.616771e+00,7.234898e+00,7.049255e+00
6.956545e+00,6.410175e+00,6.336826e+00,6.196444e+00,5.857933e+00,6.104793e+00,5.971262e+00,6.569481e+00,6.994850e+00,7.223296e+00,6.476972e+00,7.024649e+00,6.577861e+00,6.186209e+00,6.926577e+00,5.497168e+00,4.356709e+00,7.319202e+00,7.026427e+00
6.977281e+00,6.364751e+00,6.383507e+00,6.129050e+00,5.945421e+00,6.104793e+00,5.971262e+00,6.526495e+00,7.021976e+00,7.194437e+00,6.552508e+00,7.080026e+00,6.538140e+00,6.186209e+00,6.869014e+00,5.513429e+00,3.951244e+00,7.329750e+00,6.963190e+00
6.984716e+00,6.371612e+00,6.383507e+00,6.115892e+00,5.961005e+00,6.104793e+00,5.971262e+00,6.469250e+00,7.054450e+00,7.183871e+00,6.476972e+00,7.066467e+00,6.234411e+00,6.272877e+00,6.765039e+00,5.513429e+00,3.951244e+00,7.504392e+00,7.009409e+00
7.004882e+00,6.315358e+00,6.436150e+00,6.115892e+00,5.961005e+00,6.095825e+00,5.981414e+00,6.469250e+00,7.053586e+00,7.123673e+00,6.642487e+00,7.090077e+00,5.831882e+00,6.265301e+00,6.712956e+00,5.521461e+00,4.290459e+00,7.560601e+00,7.050123e+00
6.933423e+00,6.376727e+00,6.511745e+00,6.115892e+00,5.961005e+00,6.091310e+00,5.986452e+00,6.318968e+00,7.128496e+00,7.100852e+00,6.655440e+00,7.094235e+00,5.560682e+00,6.159095e+00,6.703188e+00,5.533389e+00,4.290459e+00,7.474205e+00,7.133296e+00
6.923629e+00,6.340359e+00,6.575076e+00,6.115892e+00,5.961005e+00,5.910797e+00,6.154858e+00,6.318968e+00,7.128496e+00,7.153834e+00,6.464588e+00,7.087574e+00,5.293305e+00,6.284134e+00,6.701960e+00,5.533389e+00,4.290459e+00,7.565275e+00,7.133296e+00
6.924612e+00,6.340359e+00,6.543912e+00,6.159095e+00,5.966147e+00,5.849325e+00,6.200509e+00,6.318968e+00,7.126087e+00,7.048386e+00,6.188264e+00,7.074963e+00,5.648974e+00,6.284134e+00,6.665684e+00,5.509388e+00,4.290459e+00,7.627057e+00,7.077498e+00
6.924612e+00,6.336826e+00,6.522093e+00,6.154858e+00,5.991465e+00,5.874931e+00,6.200509e+00,6.318968e+00,7.023759e+00,6.964136e+00,6.188264e+00,7.074963e+00,5.680173e+00,6.284134e+00,6.665684e+00,5.351858e+00,4.219508e+00,7.612831e+00,7.029088e+00
6.955593e+00,6.255750e+00,6.519147e+00,6.248043e+00,5.521461e+00,6.226537e+00,6.200509e+00,6.318968e+00,7.013016e+00,6.927558e+00,6.194405e+00,7.074117e+00,5.655992e+00,6.284134e+00,6.648985e+00,5.342334e+00,4.143135e+00,7.588830e+00,6.857514e+00
6.994850e+00,6.255750e+00,6.216606e+00,6.555357e+00,5.497168e+00,6.159095e+00,6.276643e+00,6.126869e+00,7.072422e+00,6.661855e+00,6.196444e+00,6.957497e+00,5.631212e+00,6.284134e+00,6.637258e+00,5.342334e+00,4.143135e+00,7.592366e+00,6.864848e+00
6.994850e+00,6.257668e+00,6.198479e+00,6.508769e+00,5.652489e+00,6.159095e+00,6.226537e+00,6.182085e+00,7.034388e+00,6.309918e+00,6.196444e+00,6.943122e+00,5.686975e+00,6.224558e+00,6.432940e+00,5.342334e+00,4.812184e+00,7.612337e+00,6.901737e+00
6.994850e+00,6.257668e+00,6.068426e+00,6.472346e+00,5.910797e+00,6.159095e+00,6.146329e+00,6.259581e+00,6.862758e+00,6.335054e+00,6.196444e+00,6.995766e+00,5.686975e+00,6.126869e+00,6.291569e+00,5.187386e+00,4.820282e+00,7.611842e+00,6.901737e+00
6.994850e+00,6.257668e+00,6.013715e+00,6.461468e+00,5.988961e+00,6.159095e+00,6.089045e+00,6.308098e+00,6.855409e+00,6.079933e+00,6.204558e+00,6.906755e+00,5.389072e+00,6.082219e+00,6.148468e+00,5.220356e+00,4.820282e+00,7.618251e+00,6.875232e+00
6.980076e+00,6.287859e+00,6.013715e+00,6.461468e+00,5.988961e+00,6.159095e+00,6.033086e+00,6.285998e+00,6.891626e+00,6.082219e+00,6.293419e+00,6.732211e+00,5.389072e+00,6.148468e+00,5.910797e+00,5.429346e+00,4.820282e+00,7.618251e+00,6.732211e+00
6.948897e+00,6.356108e+00,6.013715e+00,6.444131e+00,6.016157e+00,6.159095e+00,5.774552e+00,6.415097e+00,6.912743e+00,6.082219e+00,6.302619e+00,6.810142e+00,5.393628e+00,6.251904e+00,5.852202e+00,5.429346e+00,4.812184e+00,7.618742e+00,6.543912e+00
6.986566e+00,6.357842e+00,6.013715e+00,6.324359e+00,6.175867e+00,6.159095e+00,5.774552e+00,6.386879e+00,6.929517e+00,6.093570e+00,6.383507e+00,6.862758e+00,5.513429e+00,6.308098e+00,5.768321e+00,5.429346e+00,4.762174e+00,7.618742e+00,6.513230e+00
6.965080e+00,6.492240e+00,6.013715e+00,5.998937e+00,6.440947e+00,6.177944e+00,5.774552e+00,6.345636e+00,6.952729e+00,6.098074e+00,6.408529e+00,6.892642e+00,5.707110e+00,6.242223e+00,5.768321e+00,5.429346e+00,4.804021e+00,7.604894e+00,6.517671e+00
6.943122e+00,6.526495e+00,6.013715e+00,5.902633e+00,6.248043e+00,6.444131e+00,5.774552e+00,6.345636e+00,6.952729e+00,6.098074e+00,6.768493e+00,6.894670e+00,5.710427e+00,6.144186e+00,5.768321e+00,5.429346e+00,4.727388e+00,7.599401e+00,6.523562e+00
6.928538e+00,6.555357e+00,6.013715e+00,5.902633e+00,6.248043e+00,6.444131e+00,5.774552e+00,6.345636e+00,6.952729e+00,6.098074e+00,6.829794e+00,6.858565e+00,5.963579e+00,6.144186e+00,5.768321e+00,5.505332e+00,4.795791e+00,7.584265e+00,6.523562e+00
6.705639e+00,6.803505e+00,6.028279e+00,5.899897e+00,6.249975e+00,6.444131e+00,5.774552e+00,6.175867e+00,7.030857e+00,6.098074e+00,6.887553e+00,6.858565e+00,5.963579e+00,6.146329e+00,5.768321e+00,5.556828e+00,4.820282e+00,7.596894e+00,6.523562e+00
6.476972e+00,6.956545e+00,6.070738e+00,5.894403e+00,6.196444e+00,6.489205e+00,5.774552e+00,6.175867e+00,7.023759e+00,6.098074e+00,6.919684e+00,7.042286e+00,6.018593e+00,6.135565e+00,5.768321e+00,5.940171e+00,5.693732e+00,7.596392e+00,6.439350e+00
6.308098e+00,6.924612e+00,6.308098e+00,5.942799e+00,6.196444e+00,6.489205e+00,5.774552e+00,6.093570e+00,7.057037e+00,6.093570e+00,7.100027e+00,7.044905e+00,6.070738e+00,6.122493e+00,5.746203e+00,6.287859e+00,5.717028e+00,7.611842e+00,6.373320e+00
6.177944e+00,6.892642e+00,6.473891e+00,5.942799e+00,6.196444e+00,6.489205e+00,5.774552e+00,6.093570e+00,7.057037e+00,6.093570e+00,7.103322e+00,7.044905e+00,6.093570e+00,6.079933e+00,5.730100e+00,6.440947e+00,5.730100e+00,7.610358e+00,6.274762e+00
6.086775e+00,6.933423e+00,6.416732e+00,6.035481e+00,6.196444e+00,6.489205e+00,5.774552e+00,6.091310e+00,7.021084e+00,6.073045e+00,7.074117e+00,7.044905e+00,6.236370e+00,6.073045e+00,5.638355e+00,6.455199e+00,5.730100e+00,7.707962e+00,6.274762e+00
5.958425e+00,6.983790e+00,6.416732e+00,6.035481e+00,6.196444e+00,6.489205e+00,5.774552e+00,6.091310e+00,7.010312e+00,6.073045e+00,7.065613e+00,7.053586e+00,6.366470e+00,6.084499e+00,5.337538e+00,6.455199e+00,5.866468e+00,7.727976e+00,6.274762e+00
5.852202e+00,7.019297e+00,6.280396e+00,6.206576e+00,6.196444e+00,6.489205e+00,5.774552e+00,5.613128e+00,7.122867e+00,6.073045e+00,7.065613e+00,7.050989e+00,6.369901e+00,6.054439e+00,5.318120e+00,6.466145e+00,5.934894e+00,7.749322e+00,6.274762e+00
5.826000e+00,7.027315e+00,6.163315e+00,6.318968e+00,6.196444e+00,6.489205e+00,5.752573e+00,5.638355e+00,7.122867e+00,6.073045e+00,7.099202e+00,7.039660e+00,6.551080e+00,6.124683e+00,4.736198e+00,6.672033e+00,6.280396e+00,7.705713e+00,6.274762e+00
5.631212e+00,7.072422e+00,6.167516e+00,6.329721e+00,6.196444e+00,6.171701e+00,6.202536e+00,5.638355e+00,7.118016e+00,6.006353e+00,7.150701e+00,7.028201e+00,6.565265e+00,6.236370e+00,2.890372e+00,6.563856e+00,6.343880e+00,7.739794e+00,6.228511e+00
5.609472e+00,6.990257e+00,6.352629e+00,6.333280e+00,6.196444e+00,5.857933e+00,6.434547e+00,5.379897e+00,7.114769e+00,5.888878e+00,7.231287e+00,7.023759e+00,6.565265e+00,6.364751e+00,2.397895e+00,6.575076e+00,6.583409e+00,7.751475e+00,6.216606e+00
5.609472e+00,6.978214e+00,6.375025e+00,6.333280e+00,6.196444e+00,5.857933e+00,6.434547e+00,5.379897e+00,6.890609e+00,5.834811e+00,7.229839e+00,6.957497e+00,6.545350e+00,6.461468e+00,2.995732e+00,6.594413e+00,6.583409e+00,7.745868e+00,6.216606e+00
5.680173e+00,6.978214e+00,6.375025e+00,6.333280e+00,6.196444e+00,5.857933e+00,6.410175e+00,5.446737e+00,6.569481e+00,5.749393e+00,7.257708e+00,6.887553e+00,6.533789e+00,6.579251e+00,3.784190e+00,6.539586e+00,6.583409e+00,7.483244e+00,6.269096e+00
5.680173e+00,6.956545e+00,6.410175e+00,6.336826e+00,6.196444e+00,5.857933e+00,6.104793e+00,5.971262e+00,6.569481e+00,5.743003e+00,7.268920e+00,6.828712e+00,6.530878e+00,6.597146e+00,3.784190e+00,6.555357e+00,6.584791e+00,7.447168e+00,6.240276e+00
5.609472e+00,6.977281e+00,6.364751e+00,6.383507e+00,6.129050e+00,5.945421e+00,6.104793e+00,5.971262e+00,6.526495e+00,5.743003e+00,7.245655e+00,6.755769e+00,6.587550e+00,6.610696e+00,3.688879e+00,6.741701e+00,6.577861e+00,7.457032e+00,6.276643e+00
5.676754e+00,6.984716e+00,6.371612e+00,6.383507e+00,6.115892e+00,5.961005e+00,6.104793e+00,5.971262e+00,6.469250e+00,5.743003e+00,7.292337e+00,6.705639e+00,6.625392e+00,6.545350e+00,3.637586e+00,7.029088e+00,6.577861e+00,7.288928e+00,6.177944e+00
5.602119e+00,7.004882e+00,6.315358e+00,6.436150e+00,6.115892e+00,5.961005e+00,6.095825e+00,5.981414e+00,6.469250e+00,5.655992e+00,7.307202e+00,6.612041e+00,6.625392e+00,6.415097e+00,3.637586e+00,7.126087e+00,6.597146e+00,7.212294e+00,6.047372e+00
5.602119e+00,6.933423e+00,6.376727e+00,6.511745e+00,6.115892e+00,5.961005e+00,6.091310e+00,5.986452e+00,6.318968e+00,5.587249e+00,7.284135e+00,6.561031e+00,6.625392e+00,6.336826e+00,3.637586e+00,7.126087e+00,6.597146e+00,7.185387e+00,5.768321e+00
5.749393e+00,6.923629e+00,6.340359e+00,6.575076e+00,6.115892e+00,5.961005e+00,5.910797e+00,6.154858e+00,6.318968e+00,5.288267e+00,7.277939e+00,6.591674e+00,6.738152e+00,6.202536e+00,4.077537e+00,7.126087e+00,6.599870e+00,6.984716e+00,5.860786e+00
5.746203e+00,6.924612e+00,6.340359e+00,6.543912e+00,6.159095e+00,5.966147e+00,5.849325e+00,6.200509e+00,6.318968e+00,5.780744e+00,7.277939e+00,6.645091e+00,6.693324e+00,6.302619e+00,4.094345e+00,7.126891e+00,6.621406e+00,6.773080e+00,5.857933e+00
5.746203e+00,6.924612e+00,6.336826e+00,6.522093e+00,6.154858e+00,5.991465e+00,5.874931e+00,6.200509e+00,6.318968e+00,5.902633e+00,7.277939e+00,6.645091e+00,6.677083e+00,6.403574e+00,4.110874e+00,7.126891e+00,6.621406e+00,6.840547e+00,5.966147e+00
5.638355e+00,6.955593e+00,6.255750e+00,6.519147e+00,6.248043e+00,5.521461e+00,6.226537e+00,6.200509e+00,6.318968e+00,5.905362e+00,7.275865e+00,6.709304e+00,6.839476e+00,6.526495e+00,4.382027e+00,7.169350e+00,6.621406e+00,6.885510e+00,6.089045e+00
5.438079e+00,6.994850e+00,6.255750e+00,6.216606e+00,6.555357e+00,5.497168e+00,6.159095e+00,6.276643e+00,6.126869e+00,5.897154e+00,7.275172e+00,6.799056e+00,6.842683e+00,6.612041e+00,5.638355e+00,7.186144e+00,6.621406e+00,6.870053e+00,6.073045e+00
5.459586e+00,6.994850e+00,6.257668e+00,6.198479e+00,6.508769e+00,5.652489e+00,6.159095e+00,6.226537e+00,6.182085e+00,5.568345e+00,7.275172e+00,6.773080e+00,6.825460e+00,6.634633e+00,5.774552e+00,7.195937e+00,6.538140e+00,6.877296e+00,5.891644e+00
5.484797e+00,6.994850e+00,6.257668e+00,6.068426e+00,6.472346e+00,5.910797e+00,6.159095e+00,6.146329e+00,6.259581e+00,5.796058e+00,7.292337e+00,6.712956e+00,6.825460e+00,6.634633e+00,5.897154e+00,7.195937e+00,6.536692e+00,6.901737e+00,5.583496e+00
5.583496e+00,6.994850e+00,6.257668e+00,6.013715e+00,6.461468e+00,5.988961e+00,6.159095e+00,6.089045e+00,6.308098e+00,5.774552e+00,7.299121e+00,6.624065e+00,6.824374e+00,6.613384e+00,6.206576e+00,7.191429e+00,6.546785e+00,6.888572e+00,5.533389e+00
5.583496e+00,6.980076e+00,6.287859e+00,6.013715e+00,6.461468e+00,5.988961e+00,6.159095e+00,6.033086e+00,6.285998e+00,5.771441e+00,7.267525e+00,6.588926e+00,6.843750e+00,6.612041e+00,6.437752e+00,7.145196e+00,6.546785e+00,6.910751e+00,5.645447e+00
5.572154e+00,6.948897e+00,6.356108e+00,6.013715e+00,6.444131e+00,6.016157e+00,6.159095e+00,5.774552e+00,6.415097e+00,5.771441e+00,7.264030e+00,6.507278e+00,6.820016e+00,6.561031e+00,6.437752e+00,7.145196e+00,6.546785e+00,6.905753e+00,5.583496e+00
5.429346e+00,6.986566e+00,6.357842e+00,6.013715e+00,6.324359e+00,6.175867e+00,6.159095e+00,5.774552e+00,6.386879e+00,5.755742e+00,7.231287e+00,6.504288e+00,6.791221e+00,6.542472e+00,6.429719e+00,7.145196e+00,6.546785e+00,6.905753e+00,5.583496e+00
5.123964e+00,6.965080e+00,6.492240e+00,6.013715e+00,5.998937e+00,6.440947e+00,6.177944e+00,5.774552e+00,6.345636e+00,5.758902e+00,7.220374e+00,6.562444e+00,6.680855e+00,6.539586e+00,6.437752e+00,7.145196e+00,6.539586e+00,6.886532e+00,5.572154e+00
5.541264e+00,6.943122e+00,6.526495e+00,6.013715e+00,5.902633e+00,6.248043e+00,6.444131e+00,5.774552e+00,6.345636e+00,5.758902e+00,7.007601e+00,6.630683e+00,6.675823e+00,6.538140e+00,6.439350e+00,7.145196e+00,6.539586e+00,6.881411e+00,5.594711e+00
5.525453e+00,6.928538e+00,6.555357e+00,6.013715e+00,5.902633e+00,6.248043e+00,6.444131e+00,5.774552e+00,6.345636e+00,5.758902e+00,6.956545e+00,6.659294e+00,6.559615e+00,6.538140e+00,6.442540e+00,7.130899e+00,6.501290e+00,6.839476e+00,5.697093e+00
5.525453e+00,6.705639e+00,6.803505e+00,6.028279e+00,5.899897e+00,6.249975e+00,6.444131e+00,5.774552e+00,6.175867e+00,5.758902e+00,6.994850e+00,6.746412e+00,6.590301e+00,6.536692e+00,6.444131e+00,7.133296e+00,6.496775e+00,6.777647e+00,5.697093e+00
5.525453e+00,6.476972e+00,6.956545e+00,6.070738e+00,5.894403e+00,6.196444e+00,6.489205e+00,5.774552e+00,6.175867e+00,5.758902e+00,6.965080e+00,6.575076e+00,6.559615e+00,6.536692e+00,6.447306e+00,7.032624e+00,6.192362e+00,6.788972e+00,5.886104e+00
5.525453e+00,6.308098e+00,6.924612e+00,6.308098e+00,5.942799e+00,6.196444e+00,6.489205e+00,5.774552e+00,6.093570e+00,5.758902e+00,6.755769e+00,6.583409e+00,6.527958e+00,6.536692e+00,6.447306e+00,6.882437e+00,6.177944e+00,6.784457e+00,5.902633e+00
5.525453e+00,6.177944e+00,6.892642e+00,6.473891e+00,5.942799e+00,6.196444e+00,6.489205e+00,5.774552e+00,6.093570e+00,5.758902e+00,6.751101e+00,6.677083e+00,6.514713e+00,6.536692e+00,6.447306e+00,6.786717e+00,6.169611e+00,6.953684e+00,5.948035e+00
5.525453e+00,6.086775e+00,6.933423e+00,6.416732e+00,6.035481e+00,6.196444e+00,6.489205e+00,5.774552e+00,6.091310e+00,5.758902e+00,6.993015e+00,6.708084e+00,6.413459e+00,6.565265e+00,6.447306e+00,6.782192e+00,6.169611e+00,6.858565e+00,6.054439e+00
5.669881e+00,5.958425e+00,6.983790e+00,6.416732e+00,6.035481e+00,6.196444e+00,6.489205e+00,5.774552e+00,6.091310e+00,5.758902e+00,7.127694e+00,6.703188e+00,6.289716e+00,6.565265e+00,6.447306e+00,6.829794e+00,6.070738e+00,6.919684e+00,6.265301e+00
5.891644e+00,5.852202e+00,7.019297e+00,6.280396e+00,6.206576e+00,6.196444e+00,6.489205e+00,5.774552e+00,5.613128e+00,5.758902e+00,7.207119e+00,6.827629e+00,6.285998e+00,6.562444e+00,6.448889e+00,6.830874e+00,6.047372e+00,6.876265e+00,6.265301e+00
5.981414e+00,5.826000e+00,7.027315e+00,6.163315e+00,6.318968e+00,6.196444e+00,6.489205e+00,5.752573e+00,5.638355e+00,5.758902e+00,7.221105e+00,7.034388e+00,6.040255e+00,6.558198e+00,6.453625e+00,6.624065e+00,5.826000e+00,6.874198e+00,6.366470e+00
6.093570e+00,5.631212e+00,7.072422e+00,6.167516e+00,6.329721e+00,6.196444e+00,6.171701e+00,6.202536e+00,5.638355e+00,5.758902e+00,7.138867e+00,7.062192e+00,6.013715e+00,6.539586e+00,6.453625e+00,6.617403e+00,5.843544e+00,6.791221e+00,6.386879e+00
6.102559e+00,5.609472e+00,6.990257e+00,6.352629e+00,6.333280e+00,6.196444e+00,5.857933e+00,6.434547e+00,5.379897e+00,5.758902e+00,7.029973e+00,7.105786e+00,6.016157e+00,6.473891e+00,6.484635e+00,6.632002e+00,5.323010e+00,6.733402e+00,6.395262e+00
6.102559e+00,5.609472e+00,6.978214e+00,6.375025e+00,6.333280e+00,6.196444e+00,5.857933e+00,6.434547e+00,5.379897e+00,5.758902e+00,7.029973e+00,7.154615e+00,6.184149e+00,6.378426e+00,6.470800e+00,6.613384e+00,5.323010e+00,6.712956e+00,6.429719e+00
6.056784e+00,5.680173e+00,6.978214e+00,6.375025e+00,6.333280e+00,6.196444e+00,5.857933e+00,6.410175e+00,5.446737e+00,5.996452e+00,6.984716e+00,7.173958e+00,6.333280e+00,6.263398e+00,6.432940e+00,6.629363e+00,5.323010e+00,6.749931e+00,6.458338e+00
6.056784e+00,5.680173e+00,6.956545e+00,6.410175e+00,6.336826e+00,6.196444e+00,5.857933e+00,6.104793e+00,5.971262e+00,6.082219e+00,6.893656e+00,7.148346e+00,6.349139e+00,6.289716e+00,6.440947e+00,6.612041e+00,5.476464e+00,6.692084e+00,6.439350e+00
6.052089e+00,5.609472e+00,6.977281e+00,6.364751e+00,6.383507e+00,6.129050e+00,5.945421e+00,6.104793e+00,5.971262e+00,6.082219e+00,6.866933e+00,7.158514e+00,6.318968e+00,6.297109e+00,6.444131e+00,6.390241e+00,5.480639e+00,6.726233e+00,6.398595e+00
5.976351e+00,5.676754e+00,6.984716e+00,6.371612e+00,6.383507e+00,6.115892e+00,5.961005e+00,6.104793e+00,5.971262e+00,6.086775e+00,6.753438e+00,7.247081e+00,6.267201e+00,6.455199e+00,6.444131e+00,5.849325e+00,5.480639e+00,6.726233e+00,6.419995e+00
5.973810e+00,5.602119e+00,7.004882e+00,6.315358e+00,6.436150e+00,6.115892e+00,5.961005e+00,6.095825e+00,5.981414e+00,6.086775e+00,6.576470e+00,7.244228e+00,6.484635e+00,6.455199e+00,6.444131e+00,5.446737e+00,5.411646e+00,6.755769e+00,6.421622e+00
5.953243e+00,5.602119e+00,6.933423e+00,6.376727e+00,6.511745e+00,6.115892e+00,5.961005e+00,6.091310e+00,5.986452e+00,6.154858e+00,6.542472e+00,7.244228e+00,6.577861e+00,6.455199e+00,6.444131e+00,5.433722e+00,5.463832e+00,6.755769e+00,6.418365e+00
5.796058e+00,5.749393e+00,6.923629e+00,6.340359e+00,6.575076e+00,6.115892e+00,5.961005e+00,5.910797e+00,6.154858e+00,6.150603e+00,6.541030e+00,7.228388e+00,6.469250e+00,6.455199e+00,6.410175e+00,5.433722e+00,5.455321e+00,6.822197e+00,6.467699e+00
5.796058e+00,5.746203e+00,6.924612e+00,6.340359e+00,6.543912e+00,6.159095e+00,5.966147e+00,5.849325e+00,6.200509e+00,6.045005e+00,6.541030e+00,7.198931e+00,6.393591e+00,6.369901e+00,6.408529e+00,5.429346e+00,5.384495e+00,6.813445e+00,6.610696e+00
6.028279e+00,5.746203e+00,6.924612e+00,6.336826e+00,6.522093e+00,6.154858e+00,5.991465e+00,5.874931e+00,6.200509e+00,6.013715e+00,6.541030e+00,7.211557e+00,6.391917e+00,6.278521e+00,6.476972e+00,5.429346e+00,5.384495e+00,6.727432e+00,6.598509e+00
6.033086e+00,5.638355e+00,6.955593e+00,6.255750e+00,6.519147e+00,6.248043e+00,5.521461e+00,6.226537e+00,6.200509e+00,6.013715e+00,6.541030e+00,7.186901e+00,6.200509e+00,6.159095e+00,6.796824e+00,5.176150e+00,5.384495e+00,6.674561e+00,6.526495e+00
6.115892e+00,5.438079e+00,6.994850e+00,6.255750e+00,6.216606e+00,6.555357e+00,5.497168e+00,6.159095e+00,6.276643e+00,6.013715e+00,6.541030e+00,7.201171e+00,6.220590e+00,6.023448e+00,6.695799e+00,5.062595e+00,5.433722e+00,6.674561e+00,6.637258e+00
6.248043e+00,5.459586e+00,6.994850e+00,6.257668e+00,6.198479e+00,6.508769e+00,5.652489e+00,6.159095e+00,6.226537e+00,6.016157e+00,6.541030e+00,7.226209e+00,6.263398e+00,5.981414e+00,6.684612e+00,5.043425e+00,5.433722e+00,6.598509e+00,6.665684e+00
6.265301e+00,5.484797e+00,6.994850e+00,6.257668e+00,6.068426e+00,6.472346e+00,5.910797e+00,6.159095e+00,6.146329e+00,5.641907e+00,6.504288e+00,7.262629e+00,6.263398e+00,5.996452e+00,6.793466e+00,5.159055e+00,5.433722e+00,6.566672e+00,6.668228e+00
6.238325e+00,5.583496e+00,6.994850e+00,6.257668e+00,6.013715e+00,6.461468e+00,5.988961e+00,6.159095e+00,6.089045e+00,5.641907e+00,6.483107e+00,7.261225e+00,6.263398e+00,6.135565e+00,6.752270e+00,5.159055e+00,5.402677e+00,6.566672e+00,6.669498e+00
6.270988e+00,5.583496e+00,6.980076e+00,6.287859e+00,6.013715e+00,6.461468e+00,5.988961e+00,6.159095e+00,6.033086e+00,5.641907e+00,6.483107e+00,7.225481e+00,6.228511e+00,6.070738e+00,6.591674e+00,5.159055e+00,5.402677e+00,6.535241e+00,6.666957e+00
6.267201e+00,5.572154e+00,6.948897e+00,6.356108e+00,6.013715e+00,6.444131e+00,6.016157e+00,6.159095e+00,5.774552e+00,5.641907e+00,6.483107e+00,7.273093e+00,6.226537e+00,6.037871e+00,6.661855e+00,5.159055e+00,5.402677e+00,6.535241e+00,6.825460e+00
6.259581e+00,5.429346e+00,6.986566e+00,6.357842e+00,6.013715e+00,6.324359e+00,6.175867e+00,6.159095e+00,5.774552e+00,5.652489e+00,6.483107e+00,7.280697e+00,6.222576e+00,5.942799e+00,6.700731e+00,5.159055e+00,5.402677e+00,6.594413e+00,6.836259e+00
6.259581e+00,5.123964e+00,6.965080e+00,6.492240e+00,6.013715e+00,5.998937e+00,6.440947e+00,6.177944e+00,5.774552e+00,5.641907e+00,6.483107e+00,7.232733e+00,6.336826e+00,5.978886e+00,6.700731e+00,5.159055e+00,5.429346e+00,6.594413e+00,6.903747e+00
6.077642e+00,5.541264e+00,6.943122e+00,6.526495e+00,6.013715e+00,5.902633e+00,6.248043e+00,6.444131e+00,5.774552e+00,5.641907e+00,6.481577e+00,7.193686e+00,6.388561e+00,6.236370e+00,6.703188e+00,5.159055e+00,5.480639e+00,6.594413e+00,6.899723e+00
6.075346e+00,5.525453e+00,6.928538e+00,6.555357e+00,6.013715e+00,5.902633e+00,6.248043e+00,6.444131e+00,5.774552e+00,5.641907e+00,6.481577e+00,7.177019e+00,6.478510e+00,6.318968e+00,6.700731e+00,5.159055e+00,5.480639e+00,6.594413e+00,6.890609e+00
6.075346e+00,5.525453e+00,6.705639e+00,6.803505e+00,6.028279e+00,5.899897e+00,6.249975e+00,6.444131e+00,5.774552e+00,5.641907e+00,6.371612e+00,7.197435e+00,6.511745e+00,6.651572e+00,6.703188e+00,5.068904e+00,5.480639e+00,6.594413e+00,6.890609e+00
6.075346e+00,5.525453e+00,6.476972e+00,6.956545e+00,6.070738e+00,5.894403e+00,6.196444e+00,6.489205e+00,5.774552e+00,5.641907e+00,6.470800e+00,7.192934e+00,6.565265e+00,6.668228e+00,6.830874e+00,5.062595e+00,5.480639e+00,6.584791e+00,6.825460e+00
6.075346e+00,5.525453e+00,6.308098e+00,6.924612e+00,6.308098e+00,5.942799e+00,6.196444e+00,6.489205e+00,5.774552e+00,5.641907e+00,6.559615e+00,7.195937e+00,6.659294e+00,6.668228e+00,6.831954e+00,5.062595e+00,5.480639e+00,6.551080e+00,6.817831e+00
6.093570e+00,5.525453e+00,6.177944e+00,6.892642e+00,6.473891e+00,5.942799e+00,6.196444e+00,6.489205e+00,5.774552e+00,5.641907e+00,6.562444e+00,7.141245e+00,6.660575e+00,6.668228e+00,6.882437e+00,5.062595e+00,5.480639e+00,6.411818e+00,6.799056e+00
6.156979e+00,5.525453e+00,6.086775e+00,6.933423e+00,6.416732e+00,6.035481e+00,6.196444e+00,6.489205e+00,5.774552e+00,5.641907e+00,6.272877e+00,7.141245e+00,6.656727e+00,6.642487e+00,6.948897e+00,5.030438e+00,5.480639e+00,6.526495e+00,6.749931e+00
6.244167e+00,5.669881e+00,5.958425e+00,6.983790e+00,6.416732e+00,6.035481e+00,6.196444e+00,6.489205e+00,5.774552e+00,5.641907e+00,6.070738e+00,7.144407e+00,6.660575e+00,6.635947e+00,6.948897e+00,4.700480e+00,5.480639e+00,6.520621e+00,6.625392e+00
6.100319e+00,5.891644e+00,5.852202e+00,7.019297e+00,6.280396e+00,6.206576e+00,6.196444e+00,6.489205e+00,5.774552e+00,5.641907e+00,5.799093e+00,7.057037e+00,6.660575e+00,6.664409e+00,7.020191e+00,4.624973e+00,5.416100e+00,6.577861e+00,6.625392e+00
6.021023e+00,5.981414e+00,5.826000e+00,7.027315e+00,6.163315e+00,6.318968e+00,6.196444e+00,6.489205e+00,5.752573e+00,5.645447e+00,5.602119e+00,6.858565e+00,6.661855e+00,6.670766e+00,7.023759e+00,4.624973e+00,5.030438e+00,6.573680e+00,6.548219e+00
6.242223e+00,6.093570e+00,5.631212e+00,7.072422e+00,6.167516e+00,6.329721e+00,6.196444e+00,6.171701e+00,6.202536e+00,5.648974e+00,5.587249e+00,6.824374e+00,6.661855e+00,6.650279e+00,7.023759e+00,4.624973e+00,4.718499e+00,6.573680e+00,6.530878e+00
6.234411e+00,6.102559e+00,5.609472e+00,6.990257e+00,6.352629e+00,6.333280e+00,6.196444e+00,5.857933e+00,6.434547e+00,5.648974e+00,5.587249e+00,6.766192e+00,6.756932e+00,6.650279e+00,7.005789e+00,4.418841e+00,4.663439e+00,6.573680e+00,6.523562e+00
6.234411e+00,6.102559e+00,5.609472e+00,6.978214e+00,6.375025e+00,6.333280e+00,6.196444e+00,5.857933e+00,6.434547e+00,5.648974e+00,5.587249e+00,6.969791e+00,6.665684e+00,6.650279e+00,7.007601e+00,4.418841e+00,4.700480e+00,6.573680e+00,6.583409e+00
6.234411e+00,6.056784e+00,5.680173e+00,6.978214e+00,6.375025e+00,6.333280e+00,6.196444e+00,5.857933e+00,6.410175e+00,5.308268e+00,5.587249e+00,6.991177e+00,6.561031e+00,6.629363e+00,7.015712e+00,4.584967e+00,4.700480e+00,6.613384e+00,6.525030e+00
6.234411e+00,6.056784e+00,5.680173e+00,6.956545e+00,6.410175e+00,6.336826e+00,6.196444e+00,5.857933e+00,6.104793e+00,5.659482e+00,5.686975e+00,7.018402e+00,6.548219e+00,6.594413e+00,7.126891e+00,5.273000e+00,4.290459e+00,6.648985e+00,6.520621e+00
6.295266e+00,6.052089e+00,5.609472e+00,6.977281e+00,6.364751e+00,6.383507e+00,6.129050e+00,5.945421e+00,6.104793e+00,5.700444e+00,5.793014e+00,7.023759e+00,6.514713e+00,6.568078e+00,7.233455e+00,5.488938e+00,4.276666e+00,6.566672e+00,6.541030e+00
6.333280e+00,5.976351e+00,5.676754e+00,6.984716e+00,6.371612e+00,6.383507e+00,6.115892e+00,5.961005e+00,6.104793e+00,5.786897e+00,5.973810e+00,6.963190e+00,6.514713e+00,6.428105e+00,7.260523e+00,5.393628e+00,4.382027e+00,6.532334e+00,6.522093e+00
6.343880e+00,5.973810e+00,5.602119e+00,7.004882e+00,6.315358e+00,6.436150e+00,6.115892e+00,5.961005e+00,6.095825e+00,5.913503e+00,6.003887e+00,7.097549e+00,6.329721e+00,6.428105e+00,7.260523e+00,5.433722e+00,4.110874e+00,6.562444e+00,6.520621e+00
6.343880e+00,5.953243e+00,5.602119e+00,6.933423e+00,6.376727e+00,6.511745e+00,6.115892e+00,5.961005e+00,6.091310e+00,6.249975e+00,6.063785e+00,7.097549e+00,6.208590e+00,6.428105e+00,7.260523e+00,5.433722e+00,3.891820e+00,6.587550e+00,6.520621e+00
6.347389e+00,5.796058e+00,5.749393e+00,6.923629e+00,6.340359e+00,6.575076e+00,6.115892e+00,5.961005e+00,5.910797e+00,6.263398e+00,6.142037e+00,7.097549e+00,6.156979e+00,6.529419e+00,7.279319e+00,5.433722e+00,3.970292e+00,6.502790e+00,6.396930e+00
6.347389e+00,5.796058e+00,5.746203e+00,6.924612e+00,6.340359e+00,6.543912e+00,6.159095e+00,5.966147e+00,5.849325e+00,6.068426e+00,6.144186e+00,7.160846e+00,6.148468e+00,6.529419e+00,7.325808e+00,5.433722e+00,5.075174e+00,6.501290e+00,6.212606e+00
6.259581e+00,6.028279e+00,5.746203e+00,6.924612e+00,6.336826e+00,6.522093e+00,6.154858e+00,5.991465e+00,5.874931e+00,5.998937e+00,6.210600e+00,7.147559e+00,6.249975e+00,6.519147e+00,7.296413e+00,5.433722e+00,5.209486e+00,6.501290e+00,6.131226e+00
6.287859e+00,6.033086e+00,5.638355e+00,6.955593e+00,6.255750e+00,6.519147e+00,6.248043e+00,5.521461e+00,6.226537e+00,5.996452e+00,6.620073e+00,7.133296e+00,6.177944e+00,6.493754e+00,7.099202e+00,5.424950e+00,5.209486e+00,6.501290e+00,6.259581e+00
6.220590e+00,6.115892e+00,5.438079e+00,6.994850e+00,6.255750e+00,6.216606e+00,6.555357e+00,5.497168e+00,6.159095e+00,5.996452e+00,6.695799e+00,7.053586e+00,6.226537e+00,6.496775e+00,7.000334e+00,6.056784e+00,5.147494e+00,6.501290e+00,6.115892e+00
6.218600e+00,6.248043e+00,5.459586e+00,6.994850e+00,6.257668e+00,6.198479e+00,6.508769e+00,5.652489e+00,6.159095e+00,5.993961e+00,6.706862e+00,7.023759e+00,6.295266e+00,6.504288e+00,6.974479e+00,6.248043e+00,5.176150e+00,6.501290e+00,6.177944e+00
6.542472e+00,6.265301e+00,5.484797e+00,6.994850e+00,6.257668e+00,6.068426e+00,6.472346e+00,5.910797e+00,6.159095e+00,5.993961e+00,6.706862e+00,6.964136e+00,6.302619e+00,6.541030e+00,6.842683e+00,6.246107e+00,5.332719e+00,6.499787e+00,6.167516e+00
6.793466e+00,6.238325e+00,5.583496e+00,6.994850e+00,6.257668e+00,6.013715e+00,6.461468e+00,5.988961e+00,6.159095e+00,6.003887e+00,6.706862e+00,6.928538e+00,6.311735e+00,6.439350e+00,6.734592e+00,6.248043e+00,5.332719e+00,6.499787e+00,6.280396e+00
6.776507e+00,6.270988e+00,5.583496e+00,6.980076e+00,6.287859e+00,6.013715e+00,6.461468e+00,5.988961e+00,6.159095e+00,6.023448e+00,6.706862e+00,6.920672e+00,6.311735e+00,6.439350e+00,6.732211e+00,6.375025e+00,5.332719e+00,6.499787e+00,6.226537e+00
6.776507e+00,6.267201e+00,5.572154e+00,6.948897e+00,6.356108e+00,6.013715e+00,6.444131e+00,6.016157e+00,6.159095e+00,6.023448e+00,6.706862e+00,6.834109e+00,6.311735e+00,6.514713e+00,6.666957e+00,6.424869e+00,5.332719e+00,6.499787e+00,5.916202e+00
6.891626e+00,6.259581e+00,5.429346e+00,6.986566e+00,6.357842e+00,6.013715e+00,6.324359e+00,6.175867e+00,6.159095e+00,6.016157e+00,6.709304e+00,6.769642e+00,6.317165e+00,6.523562e+00,6.626718e+00,6.458338e+00,5.332719e+00,6.434547e+00,5.888878e+00
6.891626e+00,6.259581e+00,5.123964e+00,6.965080e+00,6.492240e+00,6.013715e+00,5.998937e+00,6.440947e+00,6.177944e+00,6.113682e+00,6.709304e+00,6.768493e+00,6.361302e+00,6.511745e+00,6.620073e+00,6.481577e+00,5.303305e+00,6.434547e+00,5.693732e+00
6.899723e+00,6.077642e+00,5.541264e+00,6.943122e+00,6.526495e+00,6.013715e+00,5.902633e+00,6.248043e+00,6.444131e+00,6.139885e+00,6.725034e+00,6.768493e+00,6.309918e+00,6.388561e+00,6.616065e+00,6.481577e+00,5.241747e+00,6.434547e+00,5.693732e+00
6.899723e+00,6.075346e+00,5.525453e+00,6.928538e+00,6.555357e+00,6.013715e+00,5.902633e+00,6.248043e+00,6.444131e+00,6.214608e+00,6.767343e+00,6.781058e+00,6.202536e+00,6.311735e+00,6.616065e+00,6.481577e+00,5.241747e+00,6.434547e+00,5.796058e+00
6.899723e+00,6.075346e+00,5.525453e+00,6.705639e+00,6.803505e+00,6.028279e+00,5.899897e+00,6.249975e+00,6.444131e+00,6.214608e+00,6.734592e+00,6.668228e+00,6.109248e+00,5.805135e+00,6.612041e+00,6.519147e+00,5.247024e+00,6.434547e+00,5.796058e+00
6.899723e+00,6.075346e+00,5.525453e+00,6.476972e+00,6.956545e+00,6.070738e+00,5.894403e+00,6.196444e+00,6.489205e+00,6.226537e+00,6.659294e+00,6.658011e+00,6.082219e+00,5.765191e+00,6.447306e+00,6.565265e+00,5.356586e+00,6.481577e+00,5.796058e+00
6.899723e+00,6.075346e+00,5.525453e+00,6.308098e+00,6.924612e+00,6.308098e+00,5.942799e+00,6.196444e+00,6.489205e+00,6.352629e+00,6.579251e+00,6.645091e+00,5.963579e+00,5.789960e+00,6.445720e+00,6.565265e+00,5.796058e+00,6.629363e+00,5.796058e+00
6.891626e+00,6.093570e+00,5.525453e+00,6.177944e+00,6.892642e+00,6.473891e+00,5.942799e+00,6.196444e+00,6.489205e+00,6.710523e+00,6.717805e+00,6.665684e+00,6.013715e+00,5.908083e+00,6.366470e+00,6.744059e+00,6.063785e+00,6.692084e+00,5.891644e+00
6.861711e+00,6.156979e+00,5.525453e+00,6.086775e+00,6.933423e+00,6.416732e+00,6.035481e+00,6.196444e+00,6.489205e+00,6.994850e+00,6.647688e+00,6.633318e+00,6.159095e+00,5.910797e+00,6.244167e+00,6.746412e+00,6.204558e+00,6.431331e+00,5.910797e+00
6.771936e+00,6.244167e+00,5.669881e+00,5.958425e+00,6.983790e+00,6.416732e+00,6.035481e+00,6.196444e+00,6.489205e+00,6.994850e+00,6.566672e+00,6.620073e+00,6.152733e+00,5.905362e+00,6.244167e+00,6.831954e+00,6.204558e+00,6.253829e+00,6.139885e+00
6.768493e+00,6.100319e+00,5.891644e+00,5.852202e+00,7.019297e+00,6.280396e+00,6.206576e+00,6.196444e+00,6.489205e+00,7.021976e+00,6.566672e+00,6.617403e+00,6.381816e+00,5.837730e+00,6.079933e+00,6.960348e+00,6.210600e+00,6.161207e+00,6.357842e+00
6.768493e+00,6.021023e+00,5.981414e+00,5.826000e+00,7.027315e+00,6.163315e+00,6.318968e+00,6.196444e+00,6.489205e+00,7.054450e+00,6.588926e+00,6.613384e+00,6.386879e+00,5.739793e+00,6.063785e+00,6.960348e+00,6.269096e+00,6.159095e+00,6.368187e+00
6.580639e+00,6.242223e+00,6.093570e+00,5.631212e+00,7.072422e+00,6.167516e+00,6.329721e+00,6.196444e+00,6.171701e+00,7.053586e+00,6.605298e+00,6.613384e+00,6.386879e+00,5.655992e+00,6.063785e+00,6.960348e+00,6.274762e+00,6.159095e+00,6.548219e+00
6.580639e+00,6.234411e+00,6.102559e+00,5.609472e+00,6.990257e+00,6.352629e+00,6.333280e+00,6.196444e+00,5.857933e+00,7.128496e+00,6.613384e+00,6.613384e+00,6.259581e+00,5.560682e+00,6.063785e+00,6.960348e+00,6.259581e+00,6.159095e+00,6.576470e+00
6.580639e+00,6.234411e+00,6.102559e+00,5.609472e+00,6.978214e+00,6.375025e+00,6.333280e+00,6.196444e+00,5.857933e+00,7.128496e+00,6.628041e+00,6.161207e+00,6.322565e+00,5.560682e+00,6.104793e+00,6.960348e+00,6.342121e+00,6.232448e+00,6.484635e+00
6.580639e+00,6.234411e+00,6.056784e+00,5.680173e+00,6.978214e+00,6.375025e+00,6.333280e+00,6.196444e+00,5.857933e+00,7.126087e+00,6.642487e+00,6.028279e+00,6.380123e+00,5.560682e+00,6.118097e+00,6.934397e+00,6.463029e+00,6.107023e+00,6.510258e+00
6.580639e+00,6.234411e+00,6.056784e+00,5.680173e+00,6.956545e+00,6.410175e+00,6.336826e+00,6.196444e+00,5.857933e+00,7.023759e+00,6.605298e+00,5.953243e+00,6.381816e+00,5.556828e+00,5.910797e+00,6.835185e+00,6.569481e+00,6.042633e+00,6.513230e+00
6.535241e+00,6.295266e+00,6.052089e+00,5.609472e+00,6.977281e+00,6.364751e+00,6.383507e+00,6.129050e+00,5.945421e+00,7.013016e+00,6.566672e+00,5.902633e+00,6.408529e+00,5.680173e+00,6.131226e+00,6.783325e+00,6.569481e+00,6.082219e+00,6.492240e+00
6.504288e+00,6.333280e+00,5.976351e+00,5.676754e+00,6.984716e+00,6.371612e+00,6.383507e+00,6.115892e+00,5.961005e+00,7.072422e+00,6.470800e+00,5.743003e+00,6.436150e+00,5.680173e+00,6.063785e+00,6.770789e+00,6.558198e+00,6.152733e+00,6.492240e+00
6.514713e+00,6.343880e+00,5.973810e+00,5.602119e+00,7.004882e+00,6.315358e+00,6.436150e+00,6.115892e+00,5.961005e+00,7.034388e+00,6.452049e+00,5.056246e+00,6.628041e+00,5.755742e+00,6.066108e+00,6.758095e+00,6.558198e+00,6.104793e+00,6.492240e+00
6.514713e+00,6.343880e+00,5.953243e+00,5.602119e+00,6.933423e+00,6.376727e+00,6.511745e+00,6.115892e+00,5.961005e+00,6.862758e+00,6.411818e+00,5.056246e+00,6.628041e+00,5.755742e+00,6.315358e+00,6.758095e+00,6.558198e+00,6.107023e+00,6.492240e+00
6.511745e+00,6.347389e+00,5.796058e+00,5.749393e+00,6.923629e+00,6.340359e+00,6.575076e+00,6.115892e+00,5.961005e+00,6.855409e+00,6.352629e+00,5.068904e+00,6.628041e+00,5.521461e+00,6.265301e+00,6.758095e+00,6.733402e+00,6.156979e+00,6.492240e+00
6.561031e+00,6.347389e+00,5.796058e+00,5.746203e+00,6.924612e+00,6.340359e+00,6.543912e+00,6.159095e+00,5.966147e+00,6.891626e+00,6.350886e+00,4.499810e+00,6.628041e+00,5.652489e+00,6.240276e+00,6.758095e+00,6.618739e+00,6.238325e+00,6.677083e+00
6.505784e+00,6.259581e+00,6.028279e+00,5.746203e+00,6.924612e+00,6.336826e+00,6.522093e+00,6.154858e+00,5.991465e+00,6.912743e+00,6.326149e+00,4.762174e+00,6.645091e+00,5.981414e+00,6.240276e+00,6.758095e+00,6.587550e+00,6.313548e+00,6.715383e+00
6.565265e+00,6.287859e+00,6.033086e+00,5.638355e+00,6.955593e+00,6.255750e+00,6.519147e+00,6.248043e+00,5.521461e+00,6.929517e+00,5.945421e+00,4.762174e+00,6.695799e+00,6.093570e+00,6.240276e+00,6.756932e+00,6.587550e+00,6.395262e+00,6.830874e+00
6.563856e+00,6.220590e+00,6.115892e+00,5.438079e+00,6.994850e+00,6.255750e+00,6.216606e+00,6.555357e+00,5.497168e+00,6.952729e+00,5.811141e+00,4.762174e+00,6.904751e+00,6.188264e+00,6.238325e+00,6.487684e+00,6.587550e+00,6.413459e+00,6.843750e+00
6.461468e+00,6.218600e+00,6.248043e+00,5.459586e+00,6.994850e+00,6.257668e+00,6.198479e+00,6.508769e+00,5.652489e+00,6.952729e+00,6.133398e+00,4.762174e+00,6.845880e+00,6.190315e+00,6.238325e+00,6.322565e+00,6.580639e+00,6.413459e+00,6.800170e+00
6.070738e+00,6.542472e+00,6.265301e+00,5.484797e+00,6.994850e+00,6.257668e+00,6.068426e+00,6.472346e+00,5.910797e+00,6.952729e+00,6.133398e+00,5.337538e+00,6.841615e+00,6.248043e+00,6.429719e+00,6.594413e+00,6.538140e+00,6.469250e+00,6.802395e+00
5.411646e+00,6.793466e+00,6.238325e+00,5.583496e+00,6.994850e+00,6.257668e+00,6.013715e+00,6.461468e+00,5.988961e+00,7.030857e+00,6.142037e+00,5.402677e+00,6.836259e+00,6.291569e+00,6.429719e+00,6.763885e+00,6.538140e+00,6.469250e+00,6.733402e+00
5.402677e+00,6.776507e+00,6.270988e+00,5.583496e+00,6.980076e+00,6.287859e+00,6.013715e+00,6.461468e+00,5.988961e+00,7.023759e+00,6.190315e+00,5.402677e+00,6.843750e+00,6.291569e+00,6.442540e+00,6.679599e+00,6.538140e+00,6.469250e+00,6.733402e+00
5.686975e+00,6.776507e+00,6.267201e+00,5.572154e+00,6.948897e+00,6.356108e+00,6.013715e+00,6.444131e+00,6.016157e+00,7.057037e+00,6.222576e+00,5.874931e+00,6.853299e+00,6.196444e+00,6.442540e+00,6.641182e+00,6.538140e+00,6.470800e+00,6.755769e+00
5.337538e+00,6.891626e+00,6.259581e+00,5.429346e+00,6.986566e+00,6.357842e+00,6.013715e+00,6.324359e+00,6.175867e+00,7.057037e+00,6.248043e+00,5.897154e+00,6.850126e+00,6.184149e+00,6.467699e+00,6.785588e+00,6.538140e+00,6.470800e+00,6.761573e+00
5.700444e+00,6.891626e+00,6.259581e+00,5.123964e+00,6.965080e+00,6.492240e+00,6.013715e+00,5.998937e+00,6.440947e+00,7.021084e+00,6.259581e+00,5.897154e+00,6.754604e+00,6.198479e+00,6.516193e+00,6.768493e+00,6.538140e+00,6.489205e+00,6.760415e+00
5.673323e+00,6.899723e+00,6.077642e+00,5.541264e+00,6.943122e+00,6.526495e+00,6.013715e+00,5.902633e+00,6.248043e+00,7.010312e+00,6.234411e+00,5.897154e+00,6.753438e+00,6.711740e+00,6.522093e+00,6.981935e+00,6.538140e+00,6.535241e+00,6.753438e+00
5.673323e+00,6.899723e+00,6.075346e+00,5.525453e+00,6.928538e+00,6.555357e+00,6.013715e+00,5.902633e+00,6.248043e+00,7.122867e+00,6.161207e+00,5.866468e+00,6.753438e+00,6.711740e+00,6.595781e+00,7.017506e+00,6.538140e+00,6.535241e+00,6.690842e+00
5.673323e+00,6.899723e+00,6.075346e+00,5.525453e+00,6.705639e+00,6.803505e+00,6.028279e+00,5.899897e+00,6.249975e+00,7.122867e+00,6.165418e+00,6.501290e+00,6.753438e+00,6.711740e+00,6.628041e+00,6.993933e+00,6.536692e+00,6.558198e+00,6.690842e+00
5.673323e+00,6.899723e+00,6.075346e+00,5.525453e+00,6.476972e+00,6.956545e+00,6.070738e+00,5.894403e+00,6.196444e+00,7.118016e+00,6.165418e+00,6.519147e+00,6.723832e+00,6.711740e+00,6.647688e+00,6.995766e+00,6.504288e+00,6.475433e+00,6.690842e+00
5.673323e+00,6.899723e+00,6.075346e+00,5.525453e+00,6.308098e+00,6.924612e+00,6.308098e+00,5.942799e+00,6.196444e+00,7.114769e+00,6.165418e+00,6.617403e+00,6.698268e+00,6.701960e+00,6.652863e+00,7.177782e+00,6.311735e+00,6.357842e+00,6.690842e+00
5.720312e+00,6.891626e+00,6.093570e+00,5.525453e+00,6.177944e+00,6.892642e+00,6.473891e+00,5.942799e+00,6.196444e+00,6.890609e+00,5.905362e+00,6.597146e+00,6.670766e+00,6.650279e+00,6.654153e+00,7.065613e+00,6.109248e+00,6.230481e+00,6.648985e+00
5.786897e+00,6.861711e+00,6.156979e+00,5.525453e+00,6.086775e+00,6.933423e+00,6.416732e+00,6.035481e+00,6.196444e+00,6.569481e+00,5.905362e+00,6.597146e+00,6.586172e+00,6.646391e+00,6.654153e+00,7.071573e+00,5.953243e+00,6.226537e+00,6.639876e+00
5.786897e+00,6.771936e+00,6.244167e+00,5.669881e+00,5.958425e+00,6.983790e+00,6.416732e+00,6.035481e+00,6.196444e+00,6.569481e+00,5.905362e+00,6.597146e+00,6.586172e+00,6.658011e+00,6.654153e+00,7.042286e+00,6.173786e+00,6.226537e+00,6.507278e+00
5.789960e+00,6.768493e+00,6.100319e+00,5.891644e+00,5.852202e+00,7.019297e+00,6.280396e+00,6.206576e+00,6.196444e+00,6.526495e+00,5.905362e+00,6.597146e+00,6.408529e+00,6.700731e+00,6.654153e+00,7.001246e+00,6.182085e+00,6.278521e+00,6.322565e+00
6.047372e+00,6.768493e+00,6.021023e+00,5.981414e+00,5.826000e+00,7.027315e+00,6.163315e+00,6.318968e+00,6.196444e+00,6.469250e+00,5.860786e+00,6.597146e+00,6.401917e+00,6.699500e+00,6.654153e+00,7.073270e+00,6.139885e+00,6.278521e+00,6.311735e+00
6.047372e+00,6.580639e+00,6.242223e+00,6.093570e+00,5.631212e+00,7.072422e+00,6.167516e+00,6.329721e+00,6.196444e+00,6.469250e+00,5.826000e+00,6.597146e+00,6.411818e+00,6.699500e+00,6.654153e+00,7.251345e+00,6.133398e+00,6.278521e+00,6.077642e+00
6.095825e+00,6.580639e+00,6.234411e+00,6.102559e+00,5.609472e+00,6.990257e+00,6.352629e+00,6.333280e+00,6.196444e+00,6.318968e+00,5.808142e+00,6.597146e+00,6.413459e+00,6.699500e+00,6.654153e+00,7.323831e+00,6.144186e+00,6.278521e+00,6.030685e+00
6.095825e+00,6.580639e+00,6.234411e+00,6.102559e+00,5.609472e+00,6.978214e+00,6.375025e+00,6.333280e+00,6.196444e+00,6.318968e+00,5.774552e+00,6.597146e+00,6.426488e+00,6.699500e+00,6.638568e+00,7.381502e+00,6.033086e+00,6.208590e+00,6.030685e+00
6.095825e+00,6.580639e+00,6.234411e+00,6.056784e+00,5.680173e+00,6.978214e+00,6.375025e+00,6.333280e+00,6.196444e+00,6.318968e+00,5.739793e+00,6.629363e+00,6.371612e+00,6.835185e+00,6.618739e+00,7.465655e+00,5.840642e+00,6.208590e+00,5.968708e+00
6.095825e+00,6.580639e+00,6.234411e+00,6.056784e+00,5.680173e+00,6.956545e+00,6.410175e+00,6.336826e+00,6.196444e+00,6.318968e+00,5.739793e+00,6.673298e+00,6.369901e+00,6.931472e+00,6.573680e+00,7.519150e+00,5.605802e+00,6.188264e+00,5.961005e+00
6.095825e+00,6.535241e+00,6.295266e+00,6.052089e+00,5.609472e+00,6.977281e+00,6.364751e+00,6.383507e+00,6.129050e+00,6.318968e+00,5.799093e+00,6.673298e+00,6.342121e+00,6.898715e+00,6.184149e+00,7.519150e+00,5.609472e+00,6.152733e+00,5.961005e+00
6.095825e+00,6.504288e+00,6.333280e+00,5.976351e+00,5.676754e+00,6.984716e+00,6.371612e+00,6.383507e+00,6.115892e+00,6.126869e+00,5.799093e+00,6.673298e+00,6.311735e+00,6.923629e+00,6.167516e+00,7.534228e+00,5.655992e+00,6.082219e+00,5.961005e+00
6.066108e+00,6.514713e+00,6.343880e+00,5.973810e+00,5.602119e+00,7.004882e+00,6.315358e+00,6.436150e+00,6.115892e+00,6.182085e+00,5.799093e+00,6.675823e+00,6.003887e+00,6.959399e+00,6.242223e+00,7.555382e+00,5.686975e+00,6.011267e+00,5.961005e+00
6.182085e+00,6.514713e+00,6.343880e+00,5.953243e+00,5.602119e+00,6.933423e+00,6.376727e+00,6.511745e+00,6.115892e+00,6.259581e+00,5.828946e+00,6.675823e+00,6.186209e+00,6.959399e+00,6.016157e+00,7.560601e+00,5.755742e+00,5.963579e+00,5.961005e+00
6.375025e+00,6.511745e+00,6.347389e+00,5.796058e+00,5.749393e+00,6.923629e+00,6.340359e+00,6.575076e+00,6.115892e+00,6.308098e+00,6.011267e+00,6.673298e+00,6.575076e+00,6.959399e+00,6.016157e+00,7.595387e+00,5.525453e+00,5.991465e+00,5.961005e+00
6.342121e+00,6.561031e+00,6.347389e+00,5.796058e+00,5.746203e+00,6.924612e+00,6.340359e+00,6.543912e+00,6.159095e+00,6.285998e+00,6.198479e+00,6.660575e+00,6.575076e+00,6.925595e+00,5.869297e+00,7.629976e+00,5.521461e+00,5.950643e+00,5.537334e+00
6.406880e+00,6.505784e+00,6.259581e+00,6.028279e+00,5.746203e+00,6.924612e+00,6.336826e+00,6.522093e+00,6.154858e+00,6.415097e+00,6.161207e+00,6.625392e+00,6.797940e+00,6.810142e+00,5.869297e+00,7.746733e+00,5.686975e+00,5.883322e+00,5.407172e+00
6.306275e+00,6.565265e+00,6.287859e+00,6.033086e+00,5.638355e+00,6.955593e+00,6.255750e+00,6.519147e+00,6.248043e+00,6.386879e+00,6.028279e+00,6.648985e+00,6.783325e+00,6.754604e+00,5.869297e+00,7.748029e+00,5.902633e+00,5.743003e+00,4.077537e+00
6.306275e+00,6.563856e+00,6.220590e+00,6.115892e+00,5.438079e+00,6.994850e+00,6.255750e+00,6.216606e+00,6.555357e+00,6.345636e+00,6.006353e+00,6.834109e+00,6.502790e+00,6.929517e+00,5.869297e+00,7.750184e+00,5.948035e+00,5.707110e+00,3.610918e+00
6.434547e+00,6.461468e+00,6.218600e+00,6.248043e+00,5.459586e+00,6.994850e+00,6.257668e+00,6.198479e+00,6.508769e+00,6.345636e+00,5.598422e+00,6.842683e+00,6.787845e+00,6.967909e+00,6.016157e+00,7.754053e+00,5.978886e+00,5.707110e+00,4.174387e+00
6.508769e+00,6.070738e+00,6.542472e+00,6.265301e+00,5.484797e+00,6.994850e+00,6.257668e+00,6.068426e+00,6.472346e+00,6.345636e+00,5.598422e+00,6.740519e+00,6.824374e+00,6.910751e+00,5.707110e+00,7.668094e+00,5.978886e+00,5.583496e+00,4.564348e+00
6.543912e+00,5.411646e+00,6.793466e+00,6.238325e+00,5.583496e+00,6.994850e+00,6.257668e+00,6.013715e+00,6.461468e+00,6.175867e+00,5.613128e+00,6.723832e+00,7.069874e+00,6.887553e+00,5.749393e+00,7.602401e+00,6.037871e+00,5.583496e+00,4.574711e+00
6.558198e+00,5.402677e+00,6.776507e+00,6.270988e+00,5.583496e+00,6.980076e+00,6.287859e+00,6.013715e+00,6.461468e+00,6.175867e+00,6.142037e+00,6.749931e+00,7.096721e+00,6.887553e+00,5.826000e+00,7.602401e+00,6.054439e+00,5.583496e+00,4.574711e+00
6.452049e+00,5.686975e+00,6.776507e+00,6.267201e+00,5.572154e+00,6.948897e+00,6.356108e+00,6.013715e+00,6.444131e+00,6.093570e+00,6.107023e+00,6.580639e+00,7.099202e+00,6.887553e+00,5.874931e+00,7.602401e+00,6.054439e+00,5.605802e+00,4.356709e+00
6.419995e+00,5.337538e+00,6.891626e+00,6.259581e+00,5.429346e+00,6.986566e+00,6.357842e+00,6.013715e+00,6.324359e+00,6.093570e+00,6.077642e+00,6.632002e+00,7.105786e+00,7.081709e+00,5.886104e+00,7.532624e+00,6.054439e+00,5.609472e+00,4.290459e+00
6.259581e+00,5.700444e+00,6.891626e+00,6.259581e+00,5.123964e+00,6.965080e+00,6.492240e+00,6.013715e+00,5.998937e+00,6.091310e+00,6.261492e+00,6.946014e+00,7.191429e+00,7.070724e+00,6.049733e+00,7.532624e+00,6.054439e+00,5.564520e+00,4.290459e+00
6.259581e+00,5.673323e+00,6.899723e+00,6.077642e+00,5.541264e+00,6.943122e+00,6.526495e+00,6.013715e+00,5.902633e+00,6.091310e+00,6.287859e+00,7.052721e+00,7.218177e+00,6.695799e+00,6.042633e+00,7.476472e+00,6.054439e+00,5.438079e+00,4.317488e+00
6.259581e+00,5.673323e+00,6.899723e+00,6.075346e+00,5.525453e+00,6.928538e+00,6.555357e+00,6.013715e+00,5.902633e+00,5.613128e+00,6.293419e+00,7.060476e+00,7.245655e+00,6.714171e+00,5.968708e+00,7.454141e+00,6.054439e+00,5.590987e+00,4.317488e+00
6.259581e+00,5.673323e+00,6.899723e+00,6.075346e+00,5.525453e+00,6.705639e+00,6.803505e+00,6.028279e+00,5.899897e+00,5.638355e+00,6.289716e+00,6.742881e+00,7.254885e+00,6.714171e+00,6.118097e+00,7.454141e+00,6.054439e+00,5.529429e+00,4.317488e+00
6.263398e+00,5.673323e+00,6.899723e+00,6.075346e+00,5.525453e+00,6.476972e+00,6.956545e+00,6.070738e+00,5.894403e+00,5.638355e+00,6.329721e+00,6.726233e+00,7.254885e+00,6.714171e+00,6.297109e+00,7.507141e+00,6.054439e+00,5.529429e+00,4.317488e+00
6.493754e+00,5.673323e+00,6.899723e+00,6.075346e+00,5.525453e+00,6.308098e+00,6.924612e+00,6.308098e+00,5.942799e+00,5.379897e+00,6.329721e+00,6.709304e+00,7.254885e+00,6.714171e+00,6.291569e+00,7.395108e+00,6.054439e+00,5.379897e+00,4.317488e+00
6.572283e+00,5.720312e+00,6.891626e+00,6.093570e+00,5.525453e+00,6.177944e+00,6.892642e+00,6.473891e+00,5.942799e+00,5.379897e+00,6.329721e+00,6.791221e+00,7.254885e+00,6.714171e+00,6.289716e+00,7.425954e+00,6.054439e+00,5.062595e+00,4.343805e+00
6.584791e+00,5.786897e+00,6.861711e+00,6.156979e+00,5.525453e+00,6.086775e+00,6.933423e+00,6.416732e+00,6.035481e+00,5.446737e+00,6.329721e+00,6.794587e+00,7.254885e+00,6.714171e+00,6.289716e+00,7.438972e+00,6.054439e+00,5.062595e+00,4.343805e+00
6.654153e+00,5.786897e+00,6.771936e+00,6.244167e+00,5.669881e+00,5.958425e+00,6.983790e+00,6.416732e+00,6.035481e+00,5.971262e+00,6.329721e+00,6.794587e+00,7.254885e+00,6.716595e+00,6.289716e+00,7.413970e+00,5.802118e+00,5.062595e+00,4.343805e+00
6.652863e+00,5.789960e+00,6.768493e+00,6.100319e+00,5.891644e+00,5.852202e+00,7.019297e+00,6.280396e+00,6.206576e+00,5.971262e+00,6.329721e+00,6.794587e+00,7.252762e+00,6.674561e+00,6.289716e+00,7.363914e+00,5.780744e+00,5.342334e+00,4.343805e+00
6.520621e+00,6.047372e+00,6.768493e+00,6.021023e+00,5.981414e+00,5.826000e+00,7.027315e+00,6.163315e+00,6.318968e+00,5.971262e+00,6.335054e+00,6.812345e+00,7.353722e+00,6.674561e+00,6.313548e+00,7.310550e+00,5.894403e+00,5.342334e+00,4.343805e+00
6.520621e+00,6.047372e+00,6.580639e+00,6.242223e+00,6.093570e+00,5.631212e+00,7.072422e+00,6.167516e+00,6.329721e+00,5.981414e+00,6.343880e+00,6.812345e+00,7.370231e+00,6.674561e+00,6.313548e+00,7.156956e+00,5.897154e+00,5.342334e+00,4.882802e+00
6.523562e+00,6.095825e+00,6.580639e+00,6.234411e+00,6.102559e+00,5.609472e+00,6.990257e+00,6.352629e+00,6.333280e+00,5.986452e+00,6.347389e+00,6.812345e+00,7.375256e+00,6.674561e+00,6.313548e+00,7.080868e+00,5.883322e+00,5.342334e+00,4.882802e+00
6.535241e+00,6.095825e+00,6.580639e+00,6.234411e+00,6.102559e+00,5.609472e+00,6.978214e+00,6.375025e+00,6.333280e+00,6.154858e+00,6.347389e+00,6.812345e+00,7.471932e+00,6.674561e+00,6.298949e+00,7.002156e+00,5.883322e+00,5.680173e+00,4.882802e+00
6.535241e+00,6.095825e+00,6.580639e+00,6.234411e+00,6.056784e+00,5.680173e+00,6.978214e+00,6.375025e+00,6.333280e+00,6.200509e+00,6.347389e+00,6.785588e+00,7.504392e+00,6.513230e+00,6.298949e+00,6.865891e+00,5.883322e+00,5.857933e+00,4.882802e+00
6.535241e+00,6.095825e+00,6.580639e+00,6.234411e+00,6.056784e+00,5.680173e+00,6.956545e+00,6.410175e+00,6.336826e+00,6.200509e+00,6.347389e+00,6.746412e+00,7.515889e+00,6.363028e+00,6.265301e+00,6.760415e+00,5.883322e+00,5.880533e+00,4.955827e+00
6.535241e+00,6.095825e+00,6.535241e+00,6.295266e+00,6.052089e+00,5.609472e+00,6.977281e+00,6.364751e+00,6.383507e+00,6.200509e+00,6.304449e+00,6.746412e+00,7.586296e+00,6.361302e+00,6.375025e+00,6.760415e+00,5.897154e+00,5.880533e+00,4.955827e+00
6.535241e+00,6.095825e+00,6.504288e+00,6.333280e+00,5.976351e+00,5.676754e+00,6.984716e+00,6.371612e+00,6.383507e+00,6.276643e+00,6.322565e+00,6.746412e+00,7.586296e+00,6.317165e+00,6.375025e+00,6.742881e+00,5.860786e+00,5.880533e+00,5.220356e+00
6.535241e+00,6.066108e+00,6.514713e+00,6.343880e+00,5.973810e+00,5.602119e+00,7.004882e+00,6.315358e+00,6.436150e+00,6.226537e+00,6.393591e+00,6.744059e+00,7.586296e+00,6.202536e+00,6.308098e+00,6.763885e+00,5.834811e+00,5.880533e+00,5.620401e+00
6.455199e+00,6.182085e+00,6.514713e+00,6.343880e+00,5.953243e+00,5.602119e+00,6.933423e+00,6.376727e+00,6.511745e+00,6.146329e+00,6.405228e+00,6.744059e+00,7.567346e+00,6.202536e+00,6.327937e+00,6.763885e+00,5.771441e+00,5.880533e+00,5.863631e+00
6.278521e+00,6.375025e+00,6.511745e+00,6.347389e+00,5.796058e+00,5.749393e+00,6.923629e+00,6.340359e+00,6.575076e+00,6.089045e+00,6.396930e+00,6.748760e+00,7.440147e+00,6.202536e+00,6.401917e+00,6.768493e+00,5.509388e+00,5.780744e+00,5.863631e+00
6.263398e+00,6.342121e+00,6.561031e+00,6.347389e+00,5.796058e+00,5.746203e+00,6.924612e+00,6.340359e+00,6.543912e+00,6.033086e+00,6.318968e+00,6.804615e+00,7.440147e+00,6.234411e+00,6.403574e+00,6.685861e+00,5.446737e+00,5.703782e+00,5.863631e+00
6.226537e+00,6.406880e+00,6.505784e+00,6.259581e+00,6.028279e+00,5.746203e+00,6.924612e+00,6.336826e+00,6.522093e+00,5.774552e+00,6.385194e+00,6.835185e+00,7.286876e+00,6.259581e+00,6.405228e+00,6.302619e+00,5.231109e+00,5.652489e+00,5.863631e+00
6.226537e+00,6.306275e+00,6.565265e+00,6.287859e+00,6.033086e+00,5.638355e+00,6.955593e+00,6.255750e+00,6.519147e+00,5.774552e+00,6.357842e+00,6.853299e+00,7.268223e+00,6.329721e+00,6.405228e+00,6.297109e+00,4.753590e+00,5.652489e+00,5.863631e+00
6.226537e+00,6.306275e+00,6.563856e+00,6.220590e+00,6.115892e+00,5.438079e+00,6.994850e+00,6.255750e+00,6.216606e+00,5.774552e+00,6.386879e+00,6.752270e+00,7.261927e+00,5.869297e+00,6.405228e+00,6.287859e+00,4.875197e+00,5.652489e+00,5.863631e+00
6.118097e+00,6.434547e+00,6.461468e+00,6.218600e+00,6.248043e+00,5.459586e+00,6.994850e+00,6.257668e+00,6.198479e+00,5.774552e+00,6.386879e+00,6.908755e+00,7.097549e+00,5.777652e+00,6.300786e+00,6.270988e+00,4.859812e+00,5.945421e+00,6.006353e+00
6.006353e+00,6.508769e+00,6.070738e+00,6.542472e+00,6.265301e+00,5.484797e+00,6.994850e+00,6.257668e+00,6.068426e+00,5.774552e+00,6.390241e+00,6.909753e+00,7.094235e+00,5.805135e+00,6.298949e+00,6.270988e+00,4.859812e+00,6.093570e+00,5.978886e+00
5.945421e+00,6.543912e+00,5.411646e+00,6.793466e+00,6.238325e+00,5.583496e+00,6.994850e+00,6.257668e+00,6.013715e+00,5.774552e+00,6.432940e+00,6.910751e+00,6.855409e+00,5.971262e+00,6.274762e+00,6.270988e+00,4.653960e+00,6.093570e+00,5.976351e+00
6.212606e+00,6.558198e+00,5.402677e+00,6.776507e+00,6.270988e+00,5.583496e+00,6.980076e+00,6.287859e+00,6.013715e+00,5.774552e+00,6.144186e+00,6.900731e+00,6.813445e+00,5.991465e+00,6.210600e+00,6.270988e+00,5.393628e+00,6.093570e+00,6.230481e+00
6.208590e+00,6.452049e+00,5.686975e+00,6.776507e+00,6.267201e+00,5.572154e+00,6.948897e+00,6.356108e+00,6.013715e+00,5.774552e+00,6.150603e+00,6.899723e+00,6.800170e+00,5.991465e+00,6.175867e+00,6.270988e+00,5.552960e+00,6.077642e+00,6.343880e+00
6.340359e+00,6.419995e+00,5.337538e+00,6.891626e+00,6.259581e+00,5.429346e+00,6.986566e+00,6.357842e+00,6.013715e+00,5.774552e+00,6.146329e+00,6.852243e+00,6.791221e+00,5.247024e+00,6.133398e+00,6.261492e+00,5.894403e+00,6.077642e+00,6.448889e+00
6.483107e+00,6.259581e+00,5.700444e+00,6.891626e+00,6.259581e+00,5.123964e+00,6.965080e+00,6.492240e+00,6.013715e+00,5.774552e+00,5.921578e+00,6.501290e+00,6.660575e+00,5.247024e+00,5.899897e+00,6.261492e+00,6.082219e+00,6.077642e+00,6.448889e+00
6.525030e+00,6.259581e+00,5.673323e+00,6.899723e+00,6.077642e+00,5.541264e+00,6.943122e+00,6.526495e+00,6.013715e+00,5.774552e+00,5.883322e+00,6.308098e+00,6.613384e+00,5.579730e+00,5.897154e+00,6.037871e+00,6.082219e+00,6.077642e+00,6.445720e+00
6.525030e+00,6.259581e+00,5.673323e+00,6.899723e+00,6.075346e+00,5.525453e+00,6.928538e+00,6.555357e+00,6.013715e+00,5.774552e+00,5.874931e+00,6.291569e+00,6.561031e+00,5.537334e+00,5.834811e+00,6.037871e+00,6.082219e+00,5.986452e+00,6.445720e+00
6.760415e+00,6.259581e+00,5.673323e+00,6.899723e+00,6.075346e+00,5.525453e+00,6.705639e+00,6.803505e+00,6.028279e+00,5.752573e+00,5.874931e+00,6.378426e+00,6.542472e+00,5.786897e+00,5.541264e+00,6.037871e+00,6.082219e+00,5.986452e+00,6.445720e+00
6.802395e+00,6.263398e+00,5.673323e+00,6.899723e+00,6.075346e+00,5.525453e+00,6.476972e+00,6.956545e+00,6.070738e+00,6.202536e+00,5.811141e+00,6.311735e+00,6.542472e+00,5.786897e+00,5.017280e+00,5.676754e+00,6.082219e+00,5.955837e+00,6.472346e+00
6.902743e+00,6.493754e+00,5.673323e+00,6.899723e+00,6.075346e+00,5.525453e+00,6.308098e+00,6.924612e+00,6.308098e+00,6.434547e+00,5.811141e+00,6.263398e+00,6.693324e+00,5.950643e+00,5.010635e+00,5.662960e+00,6.082219e+00,5.955837e+00,6.472346e+00
6.831954e+00,6.572283e+00,5.720312e+00,6.891626e+00,6.093570e+00,5.525453e+00,6.177944e+00,6.892642e+00,6.473891e+00,6.434547e+00,5.894403e+00,6.126869e+00,6.874198e+00,5.950643e+00,5.010635e+00,5.468060e+00,6.082219e+00,5.955837e+00,6.747587e+00
6.917706e+00,6.584791e+00,5.786897e+00,6.861711e+00,6.156979e+00,5.525453e+00,6.086775e+00,6.933423e+00,6.416732e+00,6.410175e+00,5.916202e+00,6.120297e+00,7.023759e+00,5.950643e+00,5.010635e+00,5.327876e+00,6.326149e+00,5.955837e+00,6.748760e+00
6.889591e+00,6.654153e+00,5.786897e+00,6.771936e+00,6.244167e+00,5.669881e+00,5.958425e+00,6.983790e+00,6.416732e+00,6.104793e+00,6.049733e+00,6.120297e+00,7.023759e+00,5.921578e+00,5.429346e+00,5.327876e+00,6.406880e+00,5.955837e+00,6.748760e+00
6.889591e+00,6.652863e+00,5.789960e+00,6.768493e+00,6.100319e+00,5.891644e+00,5.852202e+00,7.019297e+00,6.280396e+00,6.104793e+00,6.056784e+00,6.120297e+00,7.023759e+00,5.921578e+00,5.552960e+00,5.327876e+00,6.408529e+00,5.968708e+00,6.748760e+00
6.890609e+00,6.520621e+00,6.047372e+00,6.768493e+00,6.021023e+00,5.981414e+00,5.826000e+00,7.027315e+00,6.163315e+00,6.104793e+00,6.139885e+00,6.084499e+00,6.880384e+00,5.921578e+00,5.505332e+00,5.332719e+00,6.342121e+00,6.156979e+00,6.761573e+00
6.929517e+00,6.520621e+00,6.047372e+00,6.580639e+00,6.242223e+00,6.093570e+00,5.631212e+00,7.072422e+00,6.167516e+00,6.095825e+00,6.295266e+00,6.084499e+00,6.846943e+00,5.921578e+00,5.786897e+00,5.247024e+00,6.432940e+00,6.289716e+00,6.695799e+00
7.000334e+00,6.523562e+00,6.095825e+00,6.580639e+00,6.234411e+00,6.102559e+00,5.609472e+00,6.990257e+00,6.352629e+00,6.091310e+00,6.298949e+00,6.084499e+00,6.828712e+00,6.006353e+00,5.786897e+00,5.181784e+00,6.432940e+00,6.289716e+00,6.721426e+00
7.013915e+00,6.535241e+00,6.095825e+00,6.580639e+00,6.234411e+00,6.102559e+00,5.609472e+00,6.978214e+00,6.375025e+00,5.910797e+00,6.496775e+00,6.084499e+00,6.709304e+00,6.593045e+00,5.786897e+00,5.463832e+00,6.492240e+00,6.120297e+00,6.723832e+00
7.024649e+00,6.535241e+00,6.095825e+00,6.580639e+00,6.234411e+00,6.056784e+00,5.680173e+00,6.978214e+00,6.375025e+00,5.849325e+00,6.862758e+00,6.084499e+00,6.651572e+00,6.594413e+00,5.786897e+00,5.572154e+00,6.637258e+00,6.086775e+00,6.725034e+00
7.107425e+00,6.535241e+00,6.095825e+00,6.580639e+00,6.234411e+00,6.056784e+00,5.680173e+00,6.956545e+00,6.410175e+00,5.874931e+00,6.874198e+00,6.084499e+00,6.625392e+00,6.594413e+00,5.786897e+00,5.993961e+00,6.689599e+00,6.084499e+00,6.720220e+00
7.130099e+00,6.535241e+00,6.095825e+00,6.535241e+00,6.295266e+00,6.052089e+00,5.609472e+00,6.977281e+00,6.364751e+00,6.226537e+00,7.095064e+00,6.084499e+00,6.429719e+00,6.594413e+00,5.572154e+00,6.030685e+00,6.740519e+00,6.161207e+00,6.720220e+00
7.153052e+00,6.535241e+00,6.095825e+00,6.504288e+00,6.333280e+00,5.976351e+00,5.676754e+00,6.984716e+00,6.371612e+00,6.159095e+00,7.086738e+00,6.118097e+00,6.429719e+00,6.594413e+00,5.572154e+00,6.159095e+00,6.802395e+00,6.161207e+00,6.666957e+00
7.153052e+00,6.535241e+00,6.066108e+00,6.514713e+00,6.343880e+00,5.973810e+00,5.602119e+00,7.004882e+00,6.315358e+00,6.159095e+00,7.051856e+00,6.150603e+00,6.429719e+00,6.594413e+00,5.572154e+00,6.030685e+00,6.804615e+00,6.161207e+00,6.543912e+00
7.153052e+00,6.455199e+00,6.182085e+00,6.514713e+00,6.343880e+00,5.953243e+00,5.602119e+00,6.933423e+00,6.376727e+00,6.159095e+00,7.037028e+00,6.150603e+00,6.519147e+00,6.594413e+00,5.463832e+00,6.486161e+00,6.804615e+00,6.161207e+00,6.428105e+00
7.153052e+00,6.278521e+00,6.375025e+00,6.511745e+00,6.347389e+00,5.796058e+00,5.749393e+00,6.923629e+00,6.340359e+00,6.159095e+00,6.980076e+00,6.142037e+00,6.675823e+00,6.594413e+00,5.929589e+00,6.369901e+00,6.804615e+00,6.163315e+00,6.428105e+00
7.147559e+00,6.263398e+00,6.342121e+00,6.561031e+00,6.347389e+00,5.796058e+00,5.746203e+00,6.924612e+00,6.340359e+00,6.159095e+00,6.961296e+00,6.267201e+00,6.677083e+00,6.572283e+00,6.186209e+00,6.368187e+00,6.804615e+00,6.364751e+00,6.428105e+00
7.132498e+00,6.226537e+00,6.406880e+00,6.505784e+00,6.259581e+00,6.028279e+00,5.746203e+00,6.924612e+00,6.336826e+00,6.159095e+00,6.949856e+00,6.343880e+00,6.683361e+00,6.553933e+00,6.196444e+00,6.368187e+00,6.804615e+00,6.364751e+00,6.428105e+00
7.132498e+00,6.226537e+00,6.306275e+00,6.565265e+00,6.287859e+00,6.033086e+00,5.638355e+00,6.955593e+00,6.255750e+00,6.159095e+00,6.949856e+00,6.282267e+00,6.683361e+00,6.498282e+00,6.280396e+00,6.368187e+00,6.804615e+00,6.486161e+00,6.445720e+00
7.132498e+00,6.226537e+00,6.306275e+00,6.563856e+00,6.220590e+00,6.115892e+00,5.438079e+00,6.994850e+00,6.255750e+00,6.177944e+00,6.931472e+00,6.472346e+00,6.894670e+00,6.492240e+00,6.280396e+00,6.368187e+00,6.768493e+00,6.486161e+00,6.563856e+00
7.113956e+00,6.118097e+00,6.434547e+00,6.461468e+00,6.218600e+00,6.248043e+00,5.459586e+00,6.994850e+00,6.257668e+00,6.444131e+00,6.931472e+00,6.251904e+00,6.889591e+00,6.469250e+00,6.393591e+00,6.373320e+00,6.756932e+00,6.429719e+00,6.535241e+00
7.113956e+00,6.006353e+00,6.508769e+00,6.070738e+00,6.542472e+00,6.265301e+00,5.484797e+00,6.994850e+00,6.257668e+00,6.444131e+00,6.929517e+00,6.300786e+00,6.859615e+00,6.453625e+00,6.401917e+00,6.373320e+00,6.756932e+00,6.606650e+00,6.675823e+00
7.113956e+00,5.945421e+00,6.543912e+00,5.411646e+00,6.793466e+00,6.238325e+00,5.583496e+00,6.994850e+00,6.257668e+00,6.444131e+00,6.896694e+00,6.352629e+00,6.859615e+00,6.354370e+00,6.439350e+00,6.373320e+00,6.756932e+00,6.609349e+00,6.715383e+00
7.117206e+00,6.212606e+00,6.558198e+00,5.402677e+00,6.776507e+00,6.270988e+00,5.583496e+00,6.980076e+00,6.287859e+00,6.489205e+00,7.026427e+00,6.342121e+00,6.859615e+00,6.340359e+00,6.483107e+00,6.373320e+00,6.603944e+00,6.659294e+00,6.776507e+00
7.122060e+00,6.208590e+00,6.452049e+00,5.686975e+00,6.776507e+00,6.267201e+00,5.572154e+00,6.948897e+00,6.356108e+00,6.489205e+00,7.023759e+00,6.354370e+00,6.859615e+00,6.340359e+00,6.484635e+00,6.373320e+00,6.551080e+00,6.701960e+00,6.704414e+00
7.062192e+00,6.340359e+00,6.419995e+00,5.337538e+00,6.891626e+00,6.259581e+00,5.429346e+00,6.986566e+00,6.357842e+00,6.489205e+00,7.023759e+00,6.357842e+00,6.870053e+00,6.340359e+00,6.922644e+00,6.478510e+00,6.519147e+00,6.709304e+00,6.723832e+00
6.985642e+00,6.483107e+00,6.259581e+00,5.700444e+00,6.891626e+00,6.259581e+00,5.123964e+00,6.965080e+00,6.492240e+00,6.489205e+00,7.023759e+00,6.563856e+00,6.870053e+00,6.340359e+00,6.948897e+00,6.520621e+00,6.419995e+00,6.760415e+00,6.723832e+00
6.959399e+00,6.525030e+00,6.259581e+00,5.673323e+00,6.899723e+00,6.077642e+00,5.541264e+00,6.943122e+00,6.526495e+00,6.489205e+00,7.023759e+00,6.566672e+00,6.870053e+00,6.198479e+00,7.037028e+00,6.520621e+00,6.436150e+00,6.760415e+00,6.859615e+00
6.962243e+00,6.525030e+00,6.259581e+00,5.673323e+00,6.899723e+00,6.075346e+00,5.525453e+00,6.928538e+00,6.555357e+00,6.489205e+00,7.023759e+00,6.677083e+00,6.873164e+00,6.340359e+00,7.046647e+00,6.520621e+00,6.436150e+00,6.762730e+00,6.871091e+00
6.774224e+00,6.760415e+00,6.259581e+00,5.673323e+00,6.899723e+00,6.075346e+00,5.525453e+00,6.705639e+00,6.803505e+00,6.489205e+00,7.023759e+00,6.661855e+00,7.047517e+00,6.204558e+00,7.059618e+00,6.520621e+00,6.436150e+00,6.859615e+00,6.875232e+00
6.728629e+00,6.802395e+00,6.263398e+00,5.673323e+00,6.899723e+00,6.075346e+00,5.525453e+00,6.476972e+00,6.956545e+00,6.171701e+00,7.023759e+00,6.656727e+00,7.057898e+00,6.302619e+00,7.059618e+00,6.519147e+00,6.436150e+00,6.861711e+00,6.872128e+00
6.463029e+00,6.902743e+00,6.493754e+00,5.673323e+00,6.899723e+00,6.075346e+00,5.525453e+00,6.308098e+00,6.924612e+00,5.857933e+00,7.023759e+00,6.613384e+00,6.956545e+00,6.190315e+00,7.059618e+00,6.487684e+00,6.436150e+00,6.862758e+00,6.922644e+00
6.463029e+00,6.831954e+00,6.572283e+00,5.720312e+00,6.891626e+00,6.093570e+00,5.525453e+00,6.177944e+00,6.892642e+00,5.857933e+00,6.997596e+00,6.927558e+00,6.821107e+00,6.192362e+00,7.059618e+00,6.487684e+00,6.436150e+00,6.862758e+00,6.802395e+00
6.289716e+00,6.917706e+00,6.584791e+00,5.786897e+00,6.861711e+00,6.156979e+00,5.525453e+00,6.086775e+00,6.933423e+00,5.857933e+00,6.990257e+00,6.929517e+00,6.684612e+00,6.276643e+00,7.059618e+00,6.487684e+00,6.343880e+00,6.862758e+00,6.856462e+00
6.249975e+00,6.889591e+00,6.654153e+00,5.786897e+00,6.771936e+00,6.244167e+00,5.669881e+00,5.958425e+00,6.983790e+00,5.857933e+00,6.940222e+00,6.931472e+00,6.684612e+00,6.361302e+00,6.990257e+00,6.487684e+00,6.265301e+00,6.862758e+00,6.857514e+00
6.285998e+00,6.889591e+00,6.652863e+00,5.789960e+00,6.768493e+00,6.100319e+00,5.891644e+00,5.852202e+00,7.019297e+00,5.945421e+00,7.042286e+00,6.931472e+00,6.687109e+00,6.431331e+00,6.962243e+00,6.487684e+00,6.263398e+00,6.771936e+00,6.857514e+00
6.483107e+00,6.890609e+00,6.520621e+00,6.047372e+00,6.768493e+00,6.021023e+00,5.981414e+00,5.826000e+00,7.027315e+00,5.961005e+00,7.013915e+00,6.931472e+00,6.687109e+00,6.472346e+00,6.961296e+00,6.486161e+00,6.255750e+00,6.674561e+00,6.845880e+00
6.429719e+00,6.929517e+00,6.520621e+00,6.047372e+00,6.580639e+00,6.242223e+00,6.093570e+00,5.631212e+00,7.072422e+00,5.961005e+00,6.936343e+00,6.931472e+00,6.690842e+00,6.473891e+00,6.882437e+00,6.486161e+00,6.144186e+00,6.685861e+00,6.990257e+00
6.331502e+00,7.000334e+00,6.523562e+00,6.095825e+00,6.580639e+00,6.234411e+00,6.102559e+00,5.609472e+00,6.990257e+00,5.961005e+00,6.966024e+00,6.931472e+00,6.690842e+00,6.445720e+00,6.882437e+00,6.486161e+00,6.144186e+00,6.687109e+00,6.972606e+00
6.289716e+00,7.013915e+00,6.535241e+00,6.095825e+00,6.580639e+00,6.234411e+00,6.102559e+00,5.609472e+00,6.978214e+00,5.961005e+00,6.932448e+00,7.023759e+00,6.583409e+00,5.908083e+00,6.898715e+00,6.393591e+00,6.059123e+00,6.688355e+00,6.970730e+00
6.308098e+00,7.024649e+00,6.535241e+00,6.095825e+00,6.580639e+00,6.234411e+00,6.056784e+00,5.680173e+00,6.978214e+00,5.966147e+00,6.609349e+00,7.023759e+00,6.569481e+00,5.940171e+00,6.951772e+00,6.345636e+00,6.182085e+00,6.793466e+00,6.969791e+00
6.115892e+00,7.107425e+00,6.535241e+00,6.095825e+00,6.580639e+00,6.234411e+00,6.056784e+00,5.680173e+00,6.956545e+00,5.991465e+00,6.594413e+00,7.023759e+00,6.813445e+00,6.018593e+00,7.009409e+00,6.068426e+00,6.093570e+00,6.785588e+00,6.964136e+00
6.056784e+00,7.130099e+00,6.535241e+00,6.095825e+00,6.535241e+00,6.295266e+00,6.052089e+00,5.609472e+00,6.977281e+00,5.521461e+00,6.198479e+00,7.054450e+00,6.815640e+00,6.317165e+00,7.011214e+00,6.033086e+00,5.978886e+00,6.745236e+00,6.964136e+00
6.122493e+00,7.153052e+00,6.535241e+00,6.095825e+00,6.504288e+00,6.333280e+00,5.976351e+00,5.676754e+00,6.984716e+00,5.497168e+00,6.198479e+00,7.041412e+00,6.995766e+00,6.533789e+00,7.038784e+00,5.849325e+00,5.831882e+00,6.745236e+00,6.964136e+00
6.122493e+00,7.153052e+00,6.535241e+00,6.066108e+00,6.514713e+00,6.343880e+00,5.973810e+00,5.602119e+00,7.004882e+00,5.652489e+00,6.198479e+00,7.092574e+00,7.004882e+00,6.558198e+00,7.038784e+00,5.846439e+00,6.685861e+00,6.804615e+00,6.964136e+00
6.122493e+00,7.153052e+00,6.455199e+00,6.182085e+00,6.514713e+00,6.343880e+00,5.953243e+00,5.602119e+00,6.933423e+00,5.910797e+00,6.198479e+00,7.224025e+00,6.967909e+00,6.700731e+00,7.090077e+00,4.564348e+00,6.685861e+00,6.805723e+00,6.964136e+00
6.122493e+00,7.153052e+00,6.278521e+00,6.375025e+00,6.511745e+00,6.347389e+00,5.796058e+00,5.749393e+00,6.923629e+00,5.988961e+00,6.200509e+00,7.257708e+00,6.853299e+00,6.731018e+00,6.947937e+00,4.564348e+00,6.685861e+00,7.031741e+00,6.976348e+00
6.122493e+00,7.147559e+00,6.263398e+00,6.342121e+00,6.561031e+00,6.347389e+00,5.796058e+00,5.746203e+00,6.924612e+00,5.988961e+00,6.161207e+00,7.177019e+00,6.852243e+00,6.800170e+00,6.835185e+00,4.564348e+00,6.712956e+00,6.948897e+00,6.982863e+00
6.232448e+00,7.132498e+00,6.226537e+00,6.406880e+00,6.505784e+00,6.259581e+00,6.028279e+00,5.746203e+00,6.924612e+00,6.016157e+00,6.218600e+00,7.123673e+00,6.900731e+00,6.801283e+00,6.828712e+00,4.564348e+00,6.731018e+00,6.983790e+00,6.982863e+00
6.238325e+00,7.132498e+00,6.226537e+00,6.306275e+00,6.565265e+00,6.287859e+00,6.033086e+00,5.638355e+00,6.955593e+00,6.175867e+00,6.244167e+00,7.148346e+00,6.900731e+00,6.801283e+00,6.875232e+00,4.564348e+00,6.731018e+00,6.913737e+00,6.972606e+00
6.249975e+00,7.132498e+00,6.226537e+00,6.306275e+00,6.563856e+00,6.220590e+00,6.115892e+00,5.438079e+00,6.994850e+00,6.440947e+00,6.244167e+00,7.015712e+00,6.690842e+00,6.801283e+00,6.875232e+00,5.620401e+00,6.731018e+00,6.915723e+00,6.895683e+00
6.285998e+00,7.113956e+00,6.118097e+00,6.434547e+00,6.461468e+00,6.218600e+00,6.248043e+00,5.459586e+00,6.994850e+00,6.248043e+00,6.244167e+00,6.999422e+00,6.886532e+00,6.838405e+00,6.822197e+00,5.872118e+00,6.731018e+00,6.853299e+00,6.818924e+00
6.311735e+00,7.113956e+00,6.006353e+00,6.508769e+00,6.070738e+00,6.542472e+00,6.265301e+00,5.484797e+00,6.994850e+00,6.248043e+00,6.244167e+00,6.974479e+00,7.012115e+00,6.852243e+00,6.816736e+00,5.918894e+00,6.731018e+00,6.641182e+00,6.670766e+00
6.311735e+00,7.113956e+00,5.945421e+00,6.543912e+00,5.411646e+00,6.793466e+00,6.238325e+00,5.583496e+00,6.994850e+00,6.249975e+00,6.242223e+00,6.946014e+00,7.103322e+00,6.854355e+00,6.864848e+00,6.093570e+00,6.731018e+00,6.638568e+00,6.629363e+00
6.040255e+00,7.117206e+00,6.212606e+00,6.558198e+00,5.402677e+00,6.776507e+00,6.270988e+00,5.583496e+00,6.980076e+00,6.196444e+00,5.765191e+00,6.941190e+00,7.107425e+00,6.858565e+00,6.883463e+00,6.324359e+00,6.731018e+00,6.587550e+00,6.381816e+00
6.025866e+00,7.122060e+00,6.208590e+00,6.452049e+00,5.686975e+00,6.776507e+00,6.267201e+00,5.572154e+00,6.948897e+00,6.196444e+00,5.820083e+00,6.934397e+00,7.107425e+00,6.858565e+00,6.888572e+00,6.470800e+00,6.731018e+00,6.539586e+00,6.381816e+00
6.052089e+00,7.062192e+00,6.340359e+00,6.419995e+00,5.337538e+00,6.891626e+00,6.259581e+00,5.429346e+00,6.986566e+00,6.196444e+00,5.828946e+00,6.932448e+00,7.099202e+00,6.858565e+00,6.431331e+00,6.398595e+00,6.626718e+00,6.529419e+00,6.238325e+00
6.122493e+00,6.985642e+00,6.483107e+00,6.259581e+00,5.700444e+00,6.891626e+00,6.259581e+00,5.123964e+00,6.965080e+00,6.196444e+00,5.828946e+00,6.803505e+00,7.099202e+00,6.858565e+00,6.499787e+00,6.391917e+00,6.612041e+00,6.464588e+00,6.238325e+00
6.169611e+00,6.959399e+00,6.525030e+00,6.259581e+00,5.673323e+00,6.899723e+00,6.077642e+00,5.541264e+00,6.943122e+00,6.196444e+00,5.913503e+00,6.806829e+00,7.138073e+00,6.858565e+00,6.350886e+00,6.527958e+00,6.610696e+00,6.464588e+00,5.968708e+00
6.313548e+00,6.962243e+00,6.525030e+00,6.259581e+00,5.673323e+00,6.899723e+00,6.075346e+00,5.525453e+00,6.928538e+00,6.196444e+00,6.206576e+00,6.710523e+00,7.141245e+00,6.771936e+00,6.331502e+00,6.535241e+00,6.637258e+00,6.461468e+00,5.940171e+00
6.436150e+00,6.774224e+00,6.760415e+00,6.259581e+00,5.673323e+00,6.899723e+00,6.075346e+00,5.525453e+00,6.705639e+00,6.196444e+00,6.309918e+00,6.664409e+00,6.983790e+00,6.771936e+00,6.359574e+00,6.535241e+00,6.693324e+00,6.313548e+00,5.929589e+00
6.469250e+00,6.728629e+00,6.802395e+00,6.263398e+00,5.673323e+00,6.899723e+00,6.075346e+00,5.525453e+00,6.476972e+00,6.196444e+00,6.364751e+00,6.708084e+00,7.056175e+00,6.711740e+00,6.386879e+00,6.535241e+00,6.697034e+00,6.343880e+00,5.891644e+00
6.426488e+00,6.463029e+00,6.902743e+00,6.493754e+00,5.673323e+00,6.899723e+00,6.075346e+00,5.525453e+00,6.308098e+00,6.196444e+00,6.364751e+00,6.708084e+00,7.068172e+00,6.711740e+00,6.386879e+00,6.535241e+00,6.726233e+00,6.342121e+00,5.743003e+00
6.629363e+00,6.463029e+00,6.831954e+00,6.572283e+00,5.720312e+00,6.891626e+00,6.093570e+00,5.525453e+00,6.177944e+00,6.196444e+00,6.390241e+00,6.293419e+00,7.044905e+00,6.726233e+00,6.386879e+00,6.535241e+00,6.830874e+00,6.342121e+00,5.393628e+00
6.614726e+00,6.289716e+00,6.917706e+00,6.584791e+00,5.786897e+00,6.861711e+00,6.156979e+00,5.525453e+00,6.086775e+00,6.196444e+00,6.555357e+00,6.315358e+00,7.010312e+00,6.673298e+00,6.388561e+00,6.535241e+00,6.784457e+00,6.342121e+00,5.129899e+00
6.610696e+00,6.249975e+00,6.889591e+00,6.654153e+00,5.786897e+00,6.771936e+00,6.244167e+00,5.669881e+00,5.958425e+00,6.196444e+00,6.856462e+00,6.313548e+00,7.010312e+00,6.720220e+00,6.478510e+00,6.535241e+00,6.779922e+00,6.342121e+00,5.476464e+00
6.584791e+00,6.285998e+00,6.889591e+00,6.652863e+00,5.789960e+00,6.768493e+00,6.100319e+00,5.891644e+00,5.852202e+00,6.129050e+00,6.769642e+00,6.393591e+00,7.036148e+00,6.679599e+00,6.771936e+00,6.535241e+00,6.779922e+00,6.342121e+00,5.808142e+00
6.466145e+00,6.483107e+00,6.890609e+00,6.520621e+00,6.047372e+00,6.768493e+00,6.021023e+00,5.981414e+00,5.826000e+00,6.115892e+00,6.807935e+00,6.423247e+00,7.036148e+00,6.841615e+00,7.079184e+00,6.535241e+00,6.773080e+00,6.342121e+00,6.030685e+00
6.458338e+00,6.429719e+00,6.929517e+00,6.520621e+00,6.047372e+00,6.580639e+00,6.242223e+00,6.093570e+00,5.631212e+00,6.115892e+00,7.136483e+00,6.423247e+00,7.044905e+00,6.850126e+00,7.210080e+00,6.535241e+00,6.773080e+00,6.202536e+00,5.736572e+00
6.393591e+00,6.331502e+00,7.000334e+00,6.523562e+00,6.095825e+00,6.580639e+00,6.234411e+00,6.102559e+00,5.609472e+00,6.115892e+00,7.244228e+00,6.423247e+00,7.044905e+00,6.834109e+00,7.256297e+00,6.535241e+00,6.775366e+00,6.200509e+00,5.768321e+00
6.572283e+00,6.289716e+00,7.013915e+00,6.535241e+00,6.095825e+00,6.580639e+00,6.234411e+00,6.102559e+00,5.609472e+00,6.115892e+00,7.259116e+00,6.270988e+00,7.032624e+00,6.765039e+00,7.275865e+00,6.535241e+00,6.784457e+00,6.214608e+00,5.932245e+00
6.569481e+00,6.308098e+00,7.024649e+00,6.535241e+00,6.095825e+00,6.580639e+00,6.234411e+00,6.056784e+00,5.680173e+00,6.159095e+00,7.252054e+00,6.272877e+00,7.037028e+00,6.749931e+00,7.475906e+00,6.535241e+00,6.612041e+00,6.025866e+00,5.958425e+00
6.624065e+00,6.115892e+00,7.107425e+00,6.535241e+00,6.095825e+00,6.580639e+00,6.234411e+00,6.056784e+00,5.680173e+00,6.154858e+00,7.252762e+00,6.272877e+00,6.846943e+00,6.712956e+00,7.492760e+00,6.535241e+00,6.704414e+00,6.124683e+00,6.113682e+00
6.624065e+00,6.056784e+00,7.130099e+00,6.535241e+00,6.095825e+00,6.535241e+00,6.295266e+00,6.052089e+00,5.609472e+00,6.248043e+00,7.253470e+00,6.204558e+00,7.001246e+00,6.617403e+00,7.524561e+00,6.535241e+00,6.704414e+00,6.124683e+00,6.363028e+00
6.543912e+00,6.122493e+00,7.153052e+00,6.535241e+00,6.095825e+00,6.504288e+00,6.333280e+00,5.976351e+00,5.676754e+00,6.555357e+00,7.255591e+00,6.251904e+00,6.858565e+00,6.426488e+00,7.616284e+00,6.535241e+00,6.722630e+00,6.124683e+00,6.456770e+00
6.569481e+00,6.122493e+00,7.153052e+00,6.535241e+00,6.066108e+00,6.514713e+00,6.343880e+00,5.973810e+00,5.602119e+00,6.508769e+00,7.289611e+00,6.095825e+00,6.985642e+00,6.418365e+00,7.663877e+00,6.535241e+00,5.986452e+00,6.150603e+00,6.456770e+00
6.641182e+00,6.122493e+00,7.153052e+00,6.455199e+00,6.182085e+00,6.514713e+00,6.343880e+00,5.953243e+00,5.602119e+00,6.472346e+00,7.409136e+00,5.616771e+00,6.978214e+00,6.579251e+00,7.643962e+00,6.535241e+00,5.996452e+00,6.148468e+00,6.456770e+00
6.732211e+00,6.122493e+00,7.153052e+00,6.278521e+00,6.375025e+00,6.511745e+00,6.347389e+00,5.796058e+00,5.749393e+00,6.461468e+00,7.439559e+00,5.429346e+00,7.028201e+00,6.545350e+00,7.643004e+00,6.535241e+00,5.998937e+00,5.690359e+00,6.436150e+00
6.742881e+00,6.122493e+00,7.147559e+00,6.263398e+00,6.342121e+00,6.561031e+00,6.347389e+00,5.796058e+00,5.746203e+00,6.461468e+00,7.450080e+00,5.424950e+00,7.033506e+00,6.455199e+00,7.644441e+00,6.576470e+00,6.218600e+00,5.634790e+00,6.424869e+00
6.678342e+00,6.232448e+00,7.132498e+00,6.226537e+00,6.406880e+00,6.505784e+00,6.259581e+00,6.028279e+00,5.746203e+00,6.444131e+00,7.418181e+00,5.416100e+00,7.094235e+00,6.496775e+00,7.644441e+00,6.711740e+00,6.343880e+00,5.493061e+00,6.424869e+00
6.726233e+00,6.238325e+00,7.132498e+00,6.226537e+00,6.306275e+00,6.565265e+00,6.287859e+00,6.033086e+00,5.638355e+00,6.324359e+00,7.447751e+00,5.509388e+00,7.163947e+00,6.502790e+00,7.604894e+00,6.935370e+00,6.456770e+00,5.484797e+00,6.432940e+00
6.719013e+00,6.249975e+00,7.132498e+00,6.226537e+00,6.306275e+00,6.563856e+00,6.220590e+00,6.115892e+00,5.438079e+00,5.998937e+00,7.461066e+00,5.874931e+00,7.237778e+00,6.502790e+00,7.604894e+00,6.744059e+00,6.508769e+00,5.476464e+00,6.523562e+00
6.697034e+00,6.285998e+00,7.113956e+00,6.118097e+00,6.434547e+00,6.461468e+00,6.218600e+00,6.248043e+00,5.459586e+00,5.902633e+00,7.526718e+00,6.218600e+00,7.147559e+00,6.455199e+00,7.619724e+00,6.658011e+00,6.559615e+00,5.525453e+00,6.523562e+00
6.735780e+00,6.311735e+00,7.113956e+00,6.006353e+00,6.508769e+00,6.070738e+00,6.542472e+00,6.265301e+00,5.484797e+00,5.902633e+00,7.542213e+00,6.224558e+00,7.057037e+00,6.487684e+00,7.634821e+00,6.801283e+00,6.559615e+00,5.525453e+00,6.573680e+00
6.747587e+00,6.311735e+00,7.113956e+00,5.945421e+00,6.543912e+00,5.411646e+00,6.793466e+00,6.238325e+00,5.583496e+00,5.899897e+00,7.636752e+00,6.224558e+00,6.961296e+00,6.517671e+00,7.609367e+00,6.738152e+00,6.569481e+00,5.525453e+00,6.672033e+00
6.747587e+00,6.040255e+00,7.117206e+00,6.212606e+00,6.558198e+00,5.402677e+00,6.776507e+00,6.270988e+00,5.583496e+00,5.894403e+00,7.644441e+00,6.222576e+00,6.956545e+00,6.538140e+00,7.586296e+00,6.620073e+00,6.874198e+00,5.525453e+00,6.672033e+00
6.749931e+00,6.025866e+00,7.122060e+00,6.208590e+00,6.452049e+00,5.686975e+00,6.776507e+00,6.267201e+00,5.572154e+00,5.942799e+00,7.636270e+00,6.267201e+00,7.085901e+00,6.538140e+00,7.583248e+00,6.599870e+00,6.978214e+00,5.525453e+00,6.672033e+00
6.736967e+00,6.052089e+00,7.062192e+00,6.340359e+00,6.419995e+00,5.337538e+00,6.891626e+00,6.259581e+00,5.429346e+00,5.942799e+00,7.654917e+00,6.267201e+00,7.128496e+00,6.538140e+00,7.583756e+00,6.575076e+00,7.024649e+00,5.525453e+00,6.688355e+00
6.698268e+00,6.122493e+00,6.985642e+00,6.483107e+00,6.259581e+00,5.700444e+00,6.891626e+00,6.259581e+00,5.123964e+00,6.035481e+00,7.667626e+00,6.253829e+00,7.132498e+00,6.541030e+00,7.570443e+00,6.541030e+00,7.024649e+00,5.583496e+00,6.703188e+00
6.670766e+00,6.169611e+00,6.959399e+00,6.525030e+00,6.259581e+00,5.673323e+00,6.899723e+00,6.077642e+00,5.541264e+00,6.035481e+00,7.675082e+00,6.244167e+00,7.115582e+00,6.541030e+00,7.578657e+00,6.415097e+00,7.016610e+00,5.817111e+00,6.785588e+00
6.572283e+00,6.313548e+00,6.962243e+00,6.525030e+00,6.259581e+00,5.673323e+00,6.899723e+00,6.075346e+00,5.525453e+00,6.206576e+00,7.662468e+00,6.244167e+00,7.111512e+00,6.548219e+00,7.593878e+00,6.421622e+00,6.998510e+00,5.910797e+00,6.790097e+00
6.478510e+00,6.436150e+00,6.774224e+00,6.760415e+00,6.259581e+00,5.673323e+00,6.899723e+00,6.075346e+00,5.525453e+00,6.318968e+00,7.640123e+00,6.244167e+00,7.118826e+00,6.551080e+00,7.578145e+00,6.421622e+00,6.957497e+00,6.001415e+00,6.793466e+00
6.609349e+00,6.469250e+00,6.728629e+00,6.802395e+00,6.263398e+00,5.673323e+00,6.899723e+00,6.075346e+00,5.525453e+00,6.329721e+00,7.625107e+00,6.173786e+00,7.040536e+00,6.551080e+00,7.569928e+00,6.421622e+00,7.069874e+00,5.953243e+00,6.836259e+00
6.597146e+00,6.426488e+00,6.463029e+00,6.902743e+00,6.493754e+00,5.673323e+00,6.899723e+00,6.075346e+00,5.525453e+00,6.333280e+00,7.625107e+00,6.173786e+00,7.055313e+00,6.558198e+00,7.570443e+00,6.445720e+00,7.069874e+00,5.986452e+00,6.864848e+00
6.386879e+00,6.629363e+00,6.463029e+00,6.831954e+00,6.572283e+00,5.720312e+00,6.891626e+00,6.093570e+00,5.525453e+00,6.333280e+00,7.617760e+00,6.171701e+00,7.066467e+00,6.545350e+00,7.570443e+00,6.511745e+00,7.085064e+00,6.018593e+00,6.870053e+00
6.408529e+00,6.614726e+00,6.289716e+00,6.917706e+00,6.584791e+00,5.786897e+00,6.861711e+00,6.156979e+00,5.525453e+00,6.333280e+00,7.592870e+00,6.142037e+00,7.124478e+00,6.545350e+00,7.569928e+00,6.514713e+00,7.064759e+00,6.018593e+00,6.870053e+00
6.428105e+00,6.610696e+00,6.249975e+00,6.889591e+00,6.654153e+00,5.786897e+00,6.771936e+00,6.244167e+00,5.669881e+00,6.336826e+00,7.462789e+00,6.282267e+00,7.210818e+00,6.419995e+00,7.540622e+00,6.514713e+00,7.064759e+00,6.018593e+00,6.909753e+00
6.444131e+00,6.584791e+00,6.285998e+00,6.889591e+00,6.652863e+00,5.789960e+00,6.768493e+00,6.100319e+00,5.891644e+00,6.383507e+00,7.456455e+00,6.202536e+00,7.290975e+00,6.419995e+00,7.415175e+00,6.514713e+00,7.073270e+00,6.018593e+00,6.811244e+00
6.383507e+00,6.466145e+00,6.483107e+00,6.890609e+00,6.520621e+00,6.047372e+00,6.768493e+00,6.021023e+00,5.981414e+00,6.383507e+00,7.436617e+00,6.238325e+00,7.290975e+00,6.152733e+00,7.205635e+00,6.514713e+00,7.080026e+00,6.018593e+00,6.715383e+00
6.383507e+00,6.458338e+00,6.429719e+00,6.929517e+00,6.520621e+00,6.047372e+00,6.580639e+00,6.242223e+00,6.093570e+00,6.436150e+00,7.248504e+00,6.311735e+00,7.346010e+00,6.150603e+00,7.074117e+00,6.514713e+00,7.163172e+00,6.013715e+00,6.665684e+00
6.423247e+00,6.393591e+00,6.331502e+00,7.000334e+00,6.523562e+00,6.095825e+00,6.580639e+00,6.234411e+00,6.102559e+00,6.511745e+00,7.113142e+00,6.415097e+00,7.387709e+00,6.150603e+00,7.074963e+00,6.514713e+00,7.163172e+00,6.018593e+00,6.669498e+00
6.212606e+00,6.572283e+00,6.289716e+00,7.013915e+00,6.535241e+00,6.095825e+00,6.580639e+00,6.234411e+00,6.102559e+00,6.575076e+00,7.023759e+00,6.447306e+00,7.408531e+00,6.175867e+00,7.037906e+00,6.542472e+00,7.156956e+00,6.052089e+00,6.594413e+00
6.175867e+00,6.569481e+00,6.308098e+00,7.024649e+00,6.535241e+00,6.095825e+00,6.580639e+00,6.234411e+00,6.056784e+00,6.543912e+00,7.031741e+00,6.447306e+00,7.404279e+00,6.175867e+00,6.639876e+00,6.610696e+00,7.142037e+00,5.940171e+00,6.580639e+00
6.086775e+00,6.624065e+00,6.115892e+00,7.107425e+00,6.535241e+00,6.095825e+00,6.580639e+00,6.234411e+00,6.056784e+00,6.522093e+00,7.039660e+00,6.569481e+00,7.403670e+00,6.175867e+00,6.526495e+00,6.741701e+00,7.138073e+00,5.820083e+00,6.486161e+00
6.082219e+00,6.624065e+00,6.056784e+00,7.130099e+00,6.535241e+00,6.095825e+00,6.535241e+00,6.295266e+00,6.052089e+00,6.519147e+00,7.042286e+00,6.679599e+00,7.301822e+00,6.023448e+00,6.436150e+00,6.776507e+00,7.143618e+00,5.820083e+00,6.269096e+00
6.124683e+00,6.543912e+00,6.122493e+00,7.153052e+00,6.535241e+00,6.095825e+00,6.504288e+00,6.333280e+00,5.976351e+00,6.216606e+00,7.097549e+00,6.669498e+00,7.315218e+00,6.028279e+00,6.028279e+00,6.777647e+00,7.134094e+00,5.820083e+00,6.154858e+00
6.113682e+00,6.569481e+00,6.122493e+00,7.153052e+00,6.535241e+00,6.066108e+00,6.514713e+00,6.343880e+00,5.973810e+00,6.198479e+00,7.080026e+00,6.685861e+00,7.250636e+00,6.025866e+00,5.755742e+00,6.884487e+00,7.127694e+00,5.686975e+00,6.154858e+00
5.988961e+00,6.641182e+00,6.122493e+00,7.153052e+00,6.455199e+00,6.182085e+00,6.514713e+00,6.343880e+00,5.953243e+00,6.068426e+00,6.912743e+00,6.699500e+00,7.211557e+00,5.398163e+00,5.690359e+00,6.889591e+00,7.172425e+00,5.690359e+00,6.198479e+00
5.786897e+00,6.732211e+00,6.122493e+00,7.153052e+00,6.278521e+00,6.375025e+00,6.511745e+00,6.347389e+00,5.796058e+00,6.013715e+00,6.859615e+00,6.752270e+00,7.172425e+00,5.420535e+00,5.613128e+00,6.889591e+00,7.207119e+00,5.472271e+00,6.315358e+00
5.758902e+00,6.742881e+00,6.122493e+00,7.147559e+00,6.263398e+00,6.342121e+00,6.561031e+00,6.347389e+00,5.796058e+00,6.013715e+00,6.840547e+00,6.800170e+00,7.167809e+00,5.420535e+00,5.680173e+00,6.859615e+00,7.132498e+00,5.472271e+00,6.375025e+00
5.758902e+00,6.678342e+00,6.232448e+00,7.132498e+00,6.226537e+00,6.406880e+00,6.505784e+00,6.259581e+00,6.028279e+00,6.013715e+00,6.840547e+00,6.800170e+00,7.113142e+00,5.298317e+00,5.680173e+00,6.744059e+00,7.064759e+00,5.472271e+00,6.447306e+00
5.616771e+00,6.726233e+00,6.238325e+00,7.132498e+00,6.226537e+00,6.306275e+00,6.565265e+00,6.287859e+00,6.033086e+00,6.013715e+00,6.770789e+00,6.738152e+00,7.126087e+00,5.505332e+00,5.673323e+00,6.469250e+00,7.004882e+00,5.509388e+00,6.478510e+00
5.616771e+00,6.719013e+00,6.249975e+00,7.132498e+00,6.226537e+00,6.306275e+00,6.563856e+00,6.220590e+00,6.115892e+00,6.013715e+00,6.744059e+00,6.572283e+00,7.059618e+00,5.556828e+00,5.673323e+00,6.467699e+00,6.973543e+00,5.509388e+00,6.432940e+00
5.613128e+00,6.697034e+00,6.285998e+00,7.113956e+00,6.118097e+00,6.434547e+00,6.461468e+00,6.218600e+00,6.248043e+00,6.013715e+00,6.594413e+00,6.331502e+00,7.012115e+00,5.743003e+00,5.638355e+00,6.463029e+00,6.940222e+00,5.459586e+00,6.523562e+00
5.429346e+00,6.735780e+00,6.311735e+00,7.113956e+00,6.006353e+00,6.508769e+00,6.070738e+00,6.542472e+00,6.265301e+00,6.013715e+00,6.553933e+00,6.326149e+00,7.124478e+00,5.673323e+00,5.541264e+00,6.347389e+00,6.940222e+00,5.459586e+00,6.473891e+00
5.384495e+00,6.747587e+00,6.311735e+00,7.113956e+00,5.945421e+00,6.543912e+00,5.411646e+00,6.793466e+00,6.238325e+00,6.028279e+00,6.244167e+00,6.326149e+00,7.151485e+00,6.040255e+00,5.631212e+00,6.530878e+00,6.933423e+00,5.459586e+00,6.356108e+00
5.384495e+00,6.747587e+00,6.040255e+00,7.117206e+00,6.212606e+00,6.558198e+00,5.402677e+00,6.776507e+00,6.270988e+00,6.070738e+00,6.222576e+00,6.326149e+00,7.162397e+00,6.543912e+00,5.799093e+00,6.570883e+00,6.648985e+00,5.459586e+00,6.356108e+00
5.375278e+00,6.749931e+00,6.025866e+00,7.122060e+00,6.208590e+00,6.452049e+00,5.686975e+00,6.776507e+00,6.267201e+00,6.308098e+00,6.222576e+00,6.284134e+00,7.074117e+00,6.704414e+00,5.837730e+00,6.464588e+00,6.577861e+00,5.459586e+00,6.401917e+00
5.375278e+00,6.736967e+00,6.052089e+00,7.062192e+00,6.340359e+00,6.419995e+00,5.337538e+00,6.891626e+00,6.259581e+00,6.473891e+00,6.150603e+00,6.284134e+00,7.131699e+00,6.741701e+00,5.872118e+00,6.467699e+00,6.504288e+00,5.459586e+00,6.411818e+00
5.375278e+00,6.698268e+00,6.122493e+00,6.985642e+00,6.483107e+00,6.259581e+00,5.700444e+00,6.891626e+00,6.259581e+00,6.416732e+00,6.171701e+00,6.282267e+00,7.141245e+00,6.745236e+00,5.739793e+00,6.467699e+00,6.504288e+00,5.393628e+00,6.391917e+00
5.605802e+00,6.670766e+00,6.169611e+00,6.959399e+00,6.525030e+00,6.259581e+00,5.673323e+00,6.899723e+00,6.077642e+00,6.416732e+00,6.079933e+00,6.282267e+00,7.130099e+00,6.745236e+00,5.686975e+00,6.459904e+00,6.504288e+00,5.010635e+00,6.272877e+00
5.874931e+00,6.572283e+00,6.313548e+00,6.962243e+00,6.525030e+00,6.259581e+00,5.673323e+00,6.899723e+00,6.075346e+00,6.280396e+00,5.823046e+00,6.282267e+00,7.128496e+00,6.761573e+00,5.579730e+00,6.624065e+00,6.583409e+00,4.762174e+00,6.265301e+00
6.086775e+00,6.478510e+00,6.436150e+00,6.774224e+00,6.760415e+00,6.259581e+00,5.673323e+00,6.899723e+00,6.075346e+00,6.163315e+00,5.802118e+00,6.282267e+00,7.147559e+00,6.887553e+00,5.669881e+00,6.692084e+00,6.591674e+00,4.454347e+00,6.270988e+00
5.840642e+00,6.609349e+00,6.469250e+00,6.728629e+00,6.802395e+00,6.263398e+00,5.673323e+00,6.899723e+00,6.075346e+00,6.167516e+00,5.802118e+00,6.285998e+00,7.148346e+00,7.039660e+00,5.945421e+00,6.725034e+00,6.418365e+00,4.454347e+00,6.196444e+00
5.840642e+00,6.597146e+00,6.426488e+00,6.463029e+00,6.902743e+00,6.493754e+00,5.673323e+00,6.899723e+00,6.075346e+00,6.352629e+00,5.958425e+00,6.285998e+00,7.122867e+00,7.035269e+00,5.950643e+00,6.818924e+00,6.487684e+00,5.252273e+00,6.154858e+00
5.840642e+00,6.386879e+00,6.629363e+00,6.463029e+00,6.831954e+00,6.572283e+00,5.720312e+00,6.891626e+00,6.093570e+00,6.375025e+00,6.021023e+00,6.313548e+00,7.112327e+00,7.031741e+00,5.950643e+00,6.897705e+00,6.308098e+00,5.517453e+00,6.144186e+00
5.846439e+00,6.408529e+00,6.614726e+00,6.289716e+00,6.917706e+00,6.584791e+00,5.786897e+00,6.861711e+00,6.156979e+00,6.375025e+00,6.236370e+00,6.335054e+00,7.053586e+00,7.031741e+00,5.953243e+00,6.895683e+00,6.329721e+00,5.802118e+00,6.144186e+00
5.899897e+00,6.428105e+00,6.610696e+00,6.249975e+00,6.889591e+00,6.654153e+00,5.786897e+00,6.771936e+00,6.244167e+00,6.410175e+00,6.232448e+00,6.200509e+00,6.952729e+00,7.037906e+00,5.953243e+00,6.897705e+00,6.499787e+00,6.272877e+00,5.874931e+00
5.996452e+00,6.444131e+00,6.584791e+00,6.285998e+00,6.889591e+00,6.652863e+00,5.789960e+00,6.768493e+00,6.100319e+00,6.364751e+00,6.261492e+00,6.206576e+00,6.805723e+00,7.054450e+00,5.966147e+00,6.957497e+00,6.484635e+00,6.329721e+00,5.874931e+00
6.037871e+00,6.383507e+00,6.466145e+00,6.483107e+00,6.890609e+00,6.520621e+00,6.047372e+00,6.768493e+00,6.021023e+00,6.371612e+00,6.272877e+00,6.304449e+00,6.869014e+00,7.183112e+00,5.973810e+00,7.045777e+00,6.472346e+00,6.329721e+00,5.877736e+00
6.037871e+00,6.383507e+00,6.458338e+00,6.429719e+00,6.929517e+00,6.520621e+00,6.047372e+00,6.580639e+00,6.242223e+00,6.315358e+00,6.349139e+00,6.230481e+00,6.822197e+00,7.298445e+00,6.177944e+00,7.083388e+00,6.298949e+00,6.329721e+00,5.902633e+00
5.978886e+00,6.423247e+00,6.393591e+00,6.331502e+00,7.000334e+00,6.523562e+00,6.095825e+00,6.580639e+00,6.234411e+00,6.376727e+00,6.428105e+00,6.206576e+00,6.784457e+00,7.351800e+00,6.246107e+00,7.090077e+00,6.295266e+00,6.326149e+00,6.302619e+00
6.018593e+00,6.212606e+00,6.572283e+00,6.289716e+00,7.013915e+00,6.535241e+00,6.095825e+00,6.580639e+00,6.234411e+00,6.340359e+00,6.436150e+00,6.411818e+00,6.749931e+00,7.388328e+00,6.259581e+00,7.074963e+00,6.295266e+00,6.285998e+00,6.426488e+00
6.018593e+00,6.175867e+00,6.569481e+00,6.308098e+00,7.024649e+00,6.535241e+00,6.095825e+00,6.580639e+00,6.234411e+00,6.340359e+00,6.630683e+00,6.637258e+00,6.767343e+00,7.390181e+00,6.259581e+00,7.057898e+00,6.306275e+00,6.285998e+00,6.565265e+00
6.018593e+00,6.086775e+00,6.624065e+00,6.115892e+00,7.107425e+00,6.535241e+00,6.095825e+00,6.580639e+00,6.234411e+00,6.336826e+00,6.734592e+00,6.523562e+00,6.767343e+00,7.393263e+00,6.240276e+00,6.964136e+00,6.248043e+00,6.295266e+00,6.624065e+00
6.070738e+00,6.082219e+00,6.624065e+00,6.056784e+00,7.130099e+00,6.535241e+00,6.095825e+00,6.535241e+00,6.295266e+00,6.255750e+00,6.774224e+00,6.393591e+00,6.768493e+00,7.397562e+00,6.238325e+00,6.947937e+00,6.238325e+00,6.304449e+00,6.685861e+00
6.089045e+00,6.124683e+00,6.543912e+00,6.122493e+00,7.153052e+00,6.535241e+00,6.095825e+00,6.504288e+00,6.333280e+00,6.255750e+00,6.954639e+00,6.366470e+00,6.852243e+00,7.398174e+00,6.238325e+00,6.955593e+00,6.232448e+00,6.304449e+00,6.695799e+00
6.059123e+00,6.113682e+00,6.569481e+00,6.122493e+00,7.153052e+00,6.535241e+00,6.066108e+00,6.514713e+00,6.343880e+00,6.257668e+00,7.210818e+00,6.343880e+00,6.844815e+00,7.391415e+00,6.297109e+00,6.994850e+00,6.190315e+00,6.263398e+00,6.709304e+00
6.070738e+00,5.988961e+00,6.641182e+00,6.122493e+00,7.153052e+00,6.455199e+00,6.182085e+00,6.514713e+00,6.343880e+00,6.257668e+00,7.242798e+00,6.324359e+00,6.854355e+00,7.377759e+00,6.380123e+00,7.063048e+00,6.124683e+00,6.261492e+00,6.684612e+00
6.070738e+00,5.786897e+00,6.732211e+00,6.122493e+00,7.153052e+00,6.278521e+00,6.375025e+00,6.511745e+00,6.347389e+00,6.257668e+00,7.334329e+00,6.242223e+00,7.044905e+00,7.421178e+00,6.450470e+00,7.122867e+00,6.016157e+00,6.261492e+00,6.605298e+00
6.184149e+00,5.758902e+00,6.742881e+00,6.122493e+00,7.147559e+00,6.263398e+00,6.342121e+00,6.561031e+00,6.347389e+00,6.287859e+00,7.334329e+00,6.156979e+00,7.237778e+00,7.421178e+00,6.415097e+00,7.199678e+00,5.998937e+00,6.261492e+00,6.558198e+00
6.184149e+00,5.758902e+00,6.678342e+00,6.232448e+00,7.132498e+00,6.226537e+00,6.406880e+00,6.505784e+00,6.259581e+00,6.356108e+00,7.334329e+00,6.156979e+00,7.202661e+00,7.433075e+00,6.415097e+00,7.215240e+00,5.998937e+00,6.263398e+00,6.499787e+00
6.186209e+00,5.616771e+00,6.726233e+00,6.238325e+00,7.132498e+00,6.226537e+00,6.306275e+00,6.565265e+00,6.287859e+00,6.357842e+00,7.334329e+00,6.156979e+00,7.122867e+00,7.403061e+00,6.442540e+00,7.237778e+00,5.998937e+00,6.257668e+00,6.461468e+00
6.248043e+00,5.616771e+00,6.719013e+00,6.249975e+00,7.132498e+00,6.226537e+00,6.306275e+00,6.563856e+00,6.220590e+00,6.492240e+00,7.334329e+00,6.156979e+00,7.107425e+00,7.419381e+00,6.499787e+00,7.237778e+00,5.998937e+00,6.257668e+00,6.487684e+00
6.248043e+00,5.613128e+00,6.697034e+00,6.285998e+00,7.113956e+00,6.118097e+00,6.434547e+00,6.461468e+00,6.218600e+00,6.526495e+00,7.334329e+00,6.156979e+00,7.108244e+00,7.387090e+00,6.522093e+00,7.231287e+00,5.998937e+00,6.274762e+00,6.419995e+00
6.276643e+00,5.429346e+00,6.735780e+00,6.311735e+00,7.113956e+00,6.006353e+00,6.508769e+00,6.070738e+00,6.542472e+00,6.555357e+00,7.334329e+00,6.156979e+00,7.006695e+00,7.379008e+00,6.514713e+00,7.181592e+00,5.998937e+00,6.308098e+00,6.525030e+00
6.287859e+00,5.384495e+00,6.747587e+00,6.311735e+00,7.113956e+00,5.945421e+00,6.543912e+00,5.411646e+00,6.793466e+00,6.803505e+00,7.334329e+00,6.156979e+00,6.975414e+00,7.280008e+00,6.453625e+00,7.076654e+00,5.998937e+00,6.308098e+00,6.566672e+00
6.359574e+00,5.384495e+00,6.747587e+00,6.040255e+00,7.117206e+00,6.212606e+00,6.558198e+00,5.402677e+00,6.776507e+00,6.956545e+00,7.331060e+00,6.156979e+00,6.962243e+00,7.054450e+00,6.378426e+00,7.034388e+00,5.998937e+00,6.309918e+00,6.616065e+00
6.359574e+00,5.375278e+00,6.749931e+00,6.025866e+00,7.122060e+00,6.208590e+00,6.452049e+00,5.686975e+00,6.776507e+00,6.924612e+00,7.331715e+00,6.156979e+00,6.927558e+00,6.944087e+00,6.366470e+00,7.039660e+00,5.857933e+00,6.309918e+00,6.579251e+00
6.359574e+00,5.375278e+00,6.736967e+00,6.052089e+00,7.062192e+00,6.340359e+00,6.419995e+00,5.337538e+00,6.891626e+00,6.892642e+00,7.327123e+00,6.156979e+00,6.800170e+00,6.913737e+00,6.376727e+00,7.040536e+00,5.857933e+00,6.309918e+00,6.566672e+00
6.359574e+00,5.375278e+00,6.698268e+00,6.122493e+00,6.985642e+00,6.483107e+00,6.259581e+00,5.700444e+00,6.891626e+00,6.933423e+00,7.308543e+00,6.228511e+00,6.781058e+00,6.908755e+00,6.383507e+00,7.063904e+00,5.857933e+00,6.309918e+00,6.568078e+00
6.257668e+00,5.605802e+00,6.670766e+00,6.169611e+00,6.959399e+00,6.525030e+00,6.259581e+00,5.673323e+00,6.899723e+00,6.983790e+00,7.305860e+00,6.248043e+00,6.766192e+00,6.908755e+00,6.380123e+00,7.124478e+00,5.857933e+00,6.309918e+00,6.563856e+00
6.244167e+00,5.874931e+00,6.572283e+00,6.313548e+00,6.962243e+00,6.525030e+00,6.259581e+00,5.673323e+00,6.899723e+00,7.019297e+00,7.305860e+00,6.248043e+00,6.769642e+00,6.889591e+00,6.408529e+00,7.023759e+00,5.686975e+00,6.309918e+00,6.563856e+00
6.240276e+00,6.086775e+00,6.478510e+00,6.436150e+00,6.774224e+00,6.760415e+00,6.259581e+00,5.673323e+00,6.899723e+00,7.027315e+00,7.305860e+00,6.248043e+00,6.746412e+00,6.762730e+00,6.366470e+00,7.056175e+00,5.752573e+00,6.302619e+00,6.694562e+00
6.226537e+00,5.840642e+00,6.609349e+00,6.469250e+00,6.728629e+00,6.802395e+00,6.263398e+00,5.673323e+00,6.899723e+00,7.072422e+00,7.324490e+00,6.333280e+00,6.760415e+00,6.558198e+00,6.194405e+00,7.113956e+00,5.963579e+00,6.302619e+00,6.693324e+00
6.476972e+00,5.840642e+00,6.597146e+00,6.426488e+00,6.463029e+00,6.902743e+00,6.493754e+00,5.673323e+00,6.899723e+00,6.990257e+00,7.317212e+00,6.373320e+00,6.766192e+00,6.558198e+00,6.188264e+00,7.037906e+00,5.771441e+00,6.059123e+00,6.712956e+00
6.476972e+00,5.840642e+00,6.386879e+00,6.629363e+00,6.463029e+00,6.831954e+00,6.572283e+00,5.720312e+00,6.891626e+00,6.978214e+00,7.313220e+00,6.350886e+00,6.860664e+00,6.577861e+00,6.188264e+00,6.928538e+00,5.765191e+00,5.877736e+00,6.748760e+00
6.453625e+00,5.846439e+00,6.408529e+00,6.614726e+00,6.289716e+00,6.917706e+00,6.584791e+00,5.786897e+00,6.861711e+00,6.978214e+00,7.224025e+00,6.349139e+00,6.943122e+00,6.588926e+00,6.186209e+00,6.928538e+00,5.846439e+00,5.616771e+00,7.234898e+00
6.410175e+00,5.899897e+00,6.428105e+00,6.610696e+00,6.249975e+00,6.889591e+00,6.654153e+00,5.786897e+00,6.771936e+00,6.956545e+00,7.223296e+00,6.476972e+00,7.024649e+00,6.577861e+00,6.186209e+00,6.926577e+00,5.497168e+00,4.356709e+00,7.319202e+00
6.331502e+00,5.996452e+00,6.444131e+00,6.584791e+00,6.285998e+00,6.889591e+00,6.652863e+00,5.789960e+00,6.768493e+00,6.977281e+00,7.194437e+00,6.552508e+00,7.080026e+00,6.538140e+00,6.186209e+00,6.869014e+00,5.513429e+00,3.951244e+00,7.329750e+00
6.300786e+00,6.037871e+00,6.383507e+00,6.466145e+00,6.483107e+00,6.890609e+00,6.520621e+00,6.047372e+00,6.768493e+00,6.984716e+00,7.183871e+00,6.476972e+00,7.066467e+00,6.234411e+00,6.272877e+00,6.765039e+00,5.513429e+00,3.951244e+00,7.504392e+00
6.300786e+00,6.037871e+00,6.383507e+00,6.458338e+00,6.429719e+00,6.929517e+00,6.520621e+00,6.047372e+00,6.580639e+00,7.004882e+00,7.123673e+00,6.642487e+00,7.090077e+00,5.831882e+00,6.265301e+00,6.712956e+00,5.521461e+00,4.290459e+00,7.560601e+00
6.300786e+00,5.978886e+00,6.423247e+00,6.393591e+00,6.331502e+00,7.000334e+00,6.523562e+00,6.095825e+00,6.580639e+00,6.933423e+00,7.100852e+00,6.655440e+00,7.094235e+00,5.560682e+00,6.159095e+00,6.703188e+00,5.533389e+00,4.290459e+00,7.474205e+00
6.272877e+00,6.018593e+00,6.212606e+00,6.572283e+00,6.289716e+00,7.013915e+00,6.535241e+00,6.095825e+00,6.580639e+00,6.923629e+00,7.153834e+00,6.464588e+00,7.087574e+00,5.293305e+00,6.284134e+00,6.701960e+00,5.533389e+00,4.290459e+00,7.565275e+00
6.269096e+00,6.018593e+00,6.175867e+00,6.569481e+00,6.308098e+00,7.024649e+00,6.535241e+00,6.095825e+00,6.580639e+00,6.924612e+00,7.048386e+00,6.188264e+00,7.074963e+00,5.648974e+00,6.284134e+00,6.665684e+00,5.509388e+00,4.290459e+00,7.627057e+00
6.272877e+00,6.018593e+00,6.086775e+00,6.624065e+00,6.115892e+00,7.107425e+00,6.535241e+00,6.095825e+00,6.580639e+00,6.924612e+00,6.964136e+00,6.188264e+00,7.074963e+00,5.680173e+00,6.284134e+00,6.665684e+00,5.351858e+00,4.219508e+00,7.612831e+00
6.263398e+00,6.070738e+00,6.082219e+00,6.624065e+00,6.056784e+00,7.130099e+00,6.535241e+00,6.095825e+00,6.535241e+00,6.955593e+00,6.927558e+00,6.194405e+00,7.074117e+00,5.655992e+00,6.284134e+00,6.648985e+00,5.342334e+00,4.143135e+00,7.588830e+00
6.214608e+00,6.089045e+00,6.124683e+00,6.543912e+00,6.122493e+00,7.153052e+00,6.535241e+00,6.095825e+00,6.504288e+00,6.994850e+00,6.661855e+00,6.196444e+00,6.957497e+00,5.631212e+00,6.284134e+00,6.637258e+00,5.342334e+00,4.143135e+00,7.592366e+00
6.246107e+00,6.059123e+00,6.113682e+00,6.569481e+00,6.122493e+00,7.153052e+00,6.535241e+00,6.066108e+00,6.514713e+00,6.994850e+00,6.309918e+00,6.196444e+00,6.943122e+00,5.686975e+00,6.224558e+00,6.432940e+00,5.342334e+00,4.812184e+00,7.612337e+00
6.240276e+00,6.070738e+00,5.988961e+00,6.641182e+00,6.122493e+00,7.153052e+00,6.455199e+00,6.182085e+00,6.514713e+00,6.994850e+00,6.335054e+00,6.196444e+00,6.995766e+00,5.686975e+00,6.126869e+00,6.291569e+00,5.187386e+00,4.820282e+00,7.611842e+00
6.240276e+00,6.070738e+00,5.786897e+00,6.732211e+00,6.122493e+00,7.153052e+00,6.278521e+00,6.375025e+00,6.511745e+00,6.994850e+00,6.079933e+00,6.204558e+00,6.906755e+00,5.389072e+00,6.082219e+00,6.148468e+00,5.220356e+00,4.820282e+00,7.618251e+00
6.133398e+00,6.184149e+00,5.758902e+00,6.742881e+00,6.122493e+00,7.147559e+00,6.263398e+00,6.342121e+00,6.561031e+00,6.980076e+00,6.082219e+00,6.293419e+00,6.732211e+00,5.389072e+00,6.148468e+00,5.910797e+00,5.429346e+00,4.820282e+00,7.618251e+00
6.133398e+00,6.184149e+00,5.758902e+00,6.678342e+00,6.232448e+00,7.132498e+00,6.226537e+00,6.406880e+00,6.505784e+00,6.948897e+00,6.082219e+00,6.302619e+00,6.810142e+00,5.393628e+00,6.251904e+00,5.852202e+00,5.429346e+00,4.812184e+00,7.618742e+00
6.131226e+00,6.186209e+00,5.616771e+00,6.726233e+00,6.238325e+00,7.132498e+00,6.226537e+00,6.306275e+00,6.565265e+00,6.986566e+00,6.093570e+00,6.383507e+00,6.862758e+00,5.513429e+00,6.308098e+00,5.768321e+00,5.429346e+00,4.762174e+00,7.618742e+00
6.061457e+00,6.248043e+00,5.616771e+00,6.719013e+00,6.249975e+00,7.132498e+00,6.226537e+00,6.306275e+00,6.563856e+00,6.965080e+00,6.098074e+00,6.408529e+00,6.892642e+00,5.707110e+00,6.242223e+00,5.768321e+00,5.429346e+00,4.804021e+00,7.604894e+00
6.061457e+00,6.248043e+00,5.613128e+00,6.697034e+00,6.285998e+00,7.113956e+00,6.118097e+00,6.434547e+00,6.461468e+00,6.943122e+00,6.098074e+00,6.768493e+00,6.894670e+00,5.710427e+00,6.144186e+00,5.768321e+00,5.429346e+00,4.727388e+00,7.599401e+00
6.171701e+00,6.276643e+00,5.429346e+00,6.735780e+00,6.311735e+00,7.113956e+00,6.006353e+00,6.508769e+00,6.070738e+00,6.928538e+00,6.098074e+00,6.829794e+00,6.858565e+00,5.963579e+00,6.144186e+00,5.768321e+00,5.505332e+00,4.795791e+00,7.584265e+00
6.249975e+00,6.287859e+00,5.384495e+00,6.747587e+00,6.311735e+00,7.113956e+00,5.945421e+00,6.543912e+00,5.411646e+00,6.705639e+00,6.098074e+00,6.887553e+00,6.858565e+00,5.963579e+00,6.146329e+00,5.768321e+00,5.556828e+00,4.820282e+00,7.596894e+00
6.385194e+00,6.359574e+00,5.384495e+00,6.747587e+00,6.040255e+00,7.117206e+00,6.212606e+00,6.558198e+00,5.402677e+00,6.476972e+00,6.098074e+00,6.919684e+00,7.042286e+00,6.018593e+00,6.135565e+00,5.768321e+00,5.940171e+00,5.693732e+00,7.596392e+00
6.587550e+00,6.359574e+00,5.375278e+00,6.749931e+00,6.025866e+00,7.122060e+00,6.208590e+00,6.452049e+00,5.686975e+00,6.308098e+00,6.093570e+00,7.100027e+00,7.044905e+00,6.070738e+00,6.122493e+00,5.746203e+00,6.287859e+00,5.717028e+00,7.611842e+00
6.613384e+00,6.359574e+00,5.375278e+00,6.736967e+00,6.052089e+00,7.062192e+00,6.340359e+00,6.419995e+00,5.337538e+00,6.177944e+00,6.093570e+00,7.103322e+00,7.044905e+00,6.093570e+00,6.079933e+00,5.730100e+00,6.440947e+00,5.730100e+00,7.610358e+00
6.614726e+00,6.359574e+00,5.375278e+00,6.698268e+00,6.122493e+00,6.985642e+00,6.483107e+00,6.259581e+00,5.700444e+00,6.086775e+00,6.073045e+00,7.074117e+00,7.044905e+00,6.236370e+00,6.073045e+00,5.638355e+00,6.455199e+00,5.730100e+00,7.707962e+00
6.614726e+00,6.257668e+00,5.605802e+00,6.670766e+00,6.169611e+00,6.959399e+00,6.525030e+00,6.259581e+00,5.673323e+00,5.958425e+00,6.073045e+00,7.065613e+00,7.053586e+00,6.366470e+00,6.084499e+00,5.337538e+00,6.455199e+00,5.866468e+00,7.727976e+00
6.501290e+00,6.244167e+00,5.874931e+00,6.572283e+00,6.313548e+00,6.962243e+00,6.525030e+00,6.259581e+00,5.673323e+00,5.852202e+00,6.073045e+00,7.065613e+00,7.050989e+00,6.369901e+00,6.054439e+00,5.318120e+00,6.466145e+00,5.934894e+00,7.749322e+00
6.405228e+00,6.240276e+00,6.086775e+00,6.478510e+00,6.436150e+00,6.774224e+00,6.760415e+00,6.259581e+00,5.673323e+00,5.826000e+00,6.073045e+00,7.099202e+00,7.039660e+00,6.551080e+00,6.124683e+00,4.736198e+00,6.672033e+00,6.280396e+00,7.705713e+00
6.411818e+00,6.226537e+00,5.840642e+00,6.609349e+00,6.469250e+00,6.728629e+00,6.802395e+00,6.263398e+00,5.673323e+00,5.631212e+00,6.006353e+00,7.150701e+00,7.028201e+00,6.565265e+00,6.236370e+00,2.890372e+00,6.563856e+00,6.343880e+00,7.739794e+00
6.265301e+00,6.476972e+00,5.840642e+00,6.597146e+00,6.426488e+00,6.463029e+00,6.902743e+00,6.493754e+00,5.673323e+00,5.609472e+00,5.888878e+00,7.231287e+00,7.023759e+00,6.565265e+00,6.364751e+00,2.397895e+00,6.575076e+00,6.583409e+00,7.751475e+00
6.324359e+00,6.476972e+00,5.840642e+00,6.386879e+00,6.629363e+00,6.463029e+00,6.831954e+00,6.572283e+00,5.720312e+00,5.609472e+00,5.834811e+00,7.229839e+00,6.957497e+00,6.545350e+00,6.461468e+00,2.995732e+00,6.594413e+00,6.583409e+00,7.745868e+00
6.324359e+00,6.453625e+00,5.846439e+00,6.408529e+00,6.614726e+00,6.289716e+00,6.917706e+00,6.584791e+00,5.786897e+00,5.680173e+00,5.749393e+00,7.257708e+00,6.887553e+00,6.533789e+00,6.579251e+00,3.784190e+00,6.539586e+00,6.583409e+00,7.483244e+00
6.318968e+00,6.410175e+00,5.899897e+00,6.428105e+00,6.610696e+00,6.249975e+00,6.889591e+00,6.654153e+00,5.786897e+00,5.680173e+00,5.743003e+00,7.268920e+00,6.828712e+00,6.530878e+00,6.597146e+00,3.784190e+00,6.555357e+00,6.584791e+00,7.447168e+00
6.318968e+00,6.331502e+00,5.996452e+00,6.444131e+00,6.584791e+00,6.285998e+00,6.889591e+00,6.652863e+00,5.789960e+00,5.609472e+00,5.743003e+00,7.245655e+00,6.755769e+00,6.587550e+00,6.610696e+00,3.688879e+00,6.741701e+00,6.577861e+00,7.457032e+00
6.318968e+00,6.300786e+00,6.037871e+00,6.383507e+00,6.466145e+00,6.483107e+00,6.890609e+00,6.520621e+00,6.047372e+00,5.676754e+00,5.743003e+00,7.292337e+00,6.705639e+00,6.625392e+00,6.545350e+00,3.637586e+00,7.029088e+00,6.577861e+00,7.288928e+00
6.342121e+00,6.300786e+00,6.037871e+00,6.383507e+00,6.458338e+00,6.429719e+00,6.929517e+00,6.520621e+00,6.047372e+00,5.602119e+00,5.655992e+00,7.307202e+00,6.612041e+00,6.625392e+00,6.415097e+00,3.637586e+00,7.126087e+00,6.597146e+00,7.212294e+00
6.342121e+00,6.300786e+00,5.978886e+00,6.423247e+00,6.393591e+00,6.331502e+00,7.000334e+00,6.523562e+00,6.095825e+00,5.602119e+00,5.587249e+00,7.284135e+00,6.561031e+00,6.625392e+00,6.336826e+00,3.637586e+00,7.126087e+00,6.597146e+00,7.185387e+00
6.340359e+00,6.272877e+00,6.018593e+00,6.212606e+00,6.572283e+00,6.289716e+00,7.013915e+00,6.535241e+00,6.095825e+00,5.749393e+00,5.288267e+00,7.277939e+00,6.591674e+00,6.738152e+00,6.202536e+00,4.077537e+00,7.126087e+00,6.599870e+00,6.984716e+00
6.340359e+00,6.269096e+00,6.018593e+00,6.175867e+00,6.569481e+00,6.308098e+00,7.024649e+00,6.535241e+00,6.095825e+00,5.746203e+00,5.780744e+00,7.277939e+00,6.645091e+00,6.693324e+00,6.302619e+00,4.094345e+00,7.126891e+00,6.621406e+00,6.773080e+00
6.336826e+00,6.272877e+00,6.018593e+00,6.086775e+00,6.624065e+00,6.115892e+00,7.107425e+00,6.535241e+00,6.095825e+00,5.746203e+00,5.902633e+00,7.277939e+00,6.645091e+00,6.677083e+00,6.403574e+00,4.110874e+00,7.126891e+00,6.621406e+00,6.840547e+00
6.306275e+00,6.263398e+00,6.070738e+00,6.082219e+00,6.624065e+00,6.056784e+00,7.130099e+00,6.535241e+00,6.095825e+00,5.638355e+00,5.905362e+00,7.275865e+00,6.709304e+00,6.839476e+00,6.526495e+00,4.382027e+00,7.169350e+00,6.621406e+00,6.885510e+00
6.315358e+00,6.214608e+00,6.089045e+00,6.124683e+00,6.543912e+00,6.122493e+00,7.153052e+00,6.535241e+00,6.095825e+00,5.438079e+00,5.897154e+00,7.275172e+00,6.799056e+00,6.842683e+00,6.612041e+00,5.638355e+00,7.186144e+00,6.621406e+00,6.870053e+00
6.297109e+00,6.246107e+00,6.059123e+00,6.113682e+00,6.569481e+00,6.122493e+00,7.153052e+00,6.535241e+00,6.066108e+00,5.459586e+00,5.568345e+00,7.275172e+00,6.773080e+00,6.825460e+00,6.634633e+00,5.774552e+00,7.195937e+00,6.538140e+00,6.877296e+00
6.298949e+00,6.240276e+00,6.070738e+00,5.988961e+00,6.641182e+00,6.122493e+00,7.153052e+00,6.455199e+00,6.182085e+00,5.484797e+00,5.796058e+00,7.292337e+00,6.712956e+00,6.825460e+00,6.634633e+00,5.897154e+00,7.195937e+00,6.536692e+00,6.901737e+00
6.309918e+00,6.240276e+00,6.070738e+00,5.786897e+00,6.732211e+00,6.122493e+00,7.153052e+00,6.278521e+00,6.375025e+00,5.583496e+00,5.774552e+00,7.299121e+00,6.624065e+00,6.824374e+00,6.613384e+00,6.206576e+00,7.191429e+00,6.546785e+00,6.888572e+00
6.317165e+00,6.133398e+00,6.184149e+00,5.758902e+00,6.742881e+00,6.122493e+00,7.147559e+00,6.263398e+00,6.342121e+00,5.583496e+00,5.771441e+00,7.267525e+00,6.588926e+00,6.843750e+00,6.612041e+00,6.437752e+00,7.145196e+00,6.546785e+00,6.910751e+00
6.327937e+00,6.133398e+00,6.184149e+00,5.758902e+00,6.678342e+00,6.232448e+00,7.132498e+00,6.226537e+00,6.406880e+00,5.572154e+00,5.771441e+00,7.264030e+00,6.507278e+00,6.820016e+00,6.561031e+00,6.437752e+00,7.145196e+00,6.546785e+00,6.905753e+00
6.327937e+00,6.131226e+00,6.186209e+00,5.616771e+00,6.726233e+00,6.238325e+00,7.132498e+00,6.226537e+00,6.306275e+00,5.429346e+00,5.755742e+00,7.231287e+00,6.504288e+00,6.791221e+00,6.542472e+00,6.429719e+00,7.145196e+00,6.546785e+00,6.905753e+00
6.350886e+00,6.061457e+00,6.248043e+00,5.616771e+00,6.719013e+00,6.249975e+00,7.132498e+00,6.226537e+00,6.306275e+00,5.123964e+00,5.758902e+00,7.220374e+00,6.562444e+00,6.680855e+00,6.539586e+00,6.437752e+00,7.145196e+00,6.539586e+00,6.886532e+00
6.386879e+00,6.061457e+00,6.248043e+00,5.613128e+00,6.697034e+00,6.285998e+00,7.113956e+00,6.118097e+00,6.434547e+00,5.541264e+00,5.758902e+00,7.007601e+00,6.630683e+00,6.675823e+00,6.538140e+00,6.439350e+00,7.145196e+00,6.539586e+00,6.881411e+00
6.270988e+00,6.171701e+00,6.276643e+00,5.429346e+00,6.735780e+00,6.311735e+00,7.113956e+00,6.006353e+00,6.508769e+00,5.525453e+00,5.758902e+00,6.956545e+00,6.659294e+00,6.559615e+00,6.538140e+00,6.442540e+00,7.130899e+00,6.501290e+00,6.839476e+00
6.182085e+00,6.249975e+00,6.287859e+00,5.384495e+00,6.747587e+00,6.311735e+00,7.113956e+00,5.945421e+00,6.543912e+00,5.525453e+00,5.758902e+00,6.994850e+00,6.746412e+00,6.590301e+00,6.536692e+00,6.444131e+00,7.133296e+00,6.496775e+00,6.777647e+00
5.910797e+00,6.385194e+00,6.359574e+00,5.384495e+00,6.747587e+00,6.040255e+00,7.117206e+00,6.212606e+00,6.558198e+00,5.525453e+00,5.758902e+00,6.965080e+00,6.575076e+00,6.559615e+00,6.536692e+00,6.447306e+00,7.032624e+00,6.192362e+00,6.788972e+00
5.463832e+00,6.587550e+00,6.359574e+00,5.375278e+00,6.749931e+00,6.025866e+00,7.122060e+00,6.208590e+00,6.452049e+00,5.525453e+00,5.758902e+00,6.755769e+00,6.583409e+00,6.527958e+00,6.536692e+00,6.447306e+00,6.882437e+00,6.177944e+00,6.784457e+00
5.379897e+00,6.613384e+00,6.359574e+00,5.375278e+00,6.736967e+00,6.052089e+00,7.062192e+00,6.340359e+00,6.419995e+00,5.525453e+00,5.758902e+00,6.751101e+00,6.677083e+00,6.514713e+00,6.536692e+00,6.447306e+00,6.786717e+00,6.169611e+00,6.953684e+00
5.375278e+00,6.614726e+00,6.359574e+00,5.375278e+00,6.698268e+00,6.122493e+00,6.985642e+00,6.483107e+00,6.259581e+00,5.525453e+00,5.758902e+00,6.993015e+00,6.708084e+00,6.413459e+00,6.565265e+00,6.447306e+00,6.782192e+00,6.169611e+00,6.858565e+00
5.375278e+00,6.614726e+00,6.257668e+00,5.605802e+00,6.670766e+00,6.169611e+00,6.959399e+00,6.525030e+00,6.259581e+00,5.669881e+00,5.758902e+00,7.127694e+00,6.703188e+00,6.289716e+00,6.565265e+00,6.447306e+00,6.829794e+00,6.070738e+00,6.919684e+00
5.375278e+00,6.501290e+00,6.244167e+00,5.874931e+00,6.572283e+00,6.313548e+00,6.962243e+00,6.525030e+00,6.259581e+00,5.891644e+00,5.758902e+00,7.207119e+00,6.827629e+00,6.285998e+00,6.562444e+00,6.448889e+00,6.830874e+00,6.047372e+00,6.876265e+00
5.231109e+00,6.405228e+00,6.240276e+00,6.086775e+00,6.478510e+00,6.436150e+00,6.774224e+00,6.760415e+00,6.259581e+00,5.981414e+00,5.758902e+00,7.221105e+00,7.034388e+00,6.040255e+00,6.558198e+00,6.453625e+00,6.624065e+00,5.826000e+00,6.874198e+00
5.247024e+00,6.411818e+00,6.226537e+00,5.840642e+00,6.609349e+00,6.469250e+00,6.728629e+00,6.802395e+00,6.263398e+00,6.093570e+00,5.758902e+00,7.138867e+00,7.062192e+00,6.013715e+00,6.539586e+00,6.453625e+00,6.617403e+00,5.843544e+00,6.791221e+00
4.859812e+00,6.265301e+00,6.476972e+00,5.840642e+00,6.597146e+00,6.426488e+00,6.463029e+00,6.902743e+00,6.493754e+00,6.102559e+00,5.758902e+00,7.029973e+00,7.105786e+00,6.016157e+00,6.473891e+00,6.484635e+00,6.632002e+00,5.323010e+00,6.733402e+00
4.663439e+00,6.324359e+00,6.476972e+00,5.840642e+00,6.386879e+00,6.629363e+00,6.463029e+00,6.831954e+00,6.572283e+00,6.102559e+00,5.758902e+00,7.029973e+00,7.154615e+00,6.184149e+00,6.378426e+00,6.470800e+00,6.613384e+00,5.323010e+00,6.712956e+00
4.663439e+00,6.324359e+00,6.453625e+00,5.846439e+00,6.408529e+00,6.614726e+00,6.289716e+00,6.917706e+00,6.584791e+00,6.056784e+00,5.996452e+00,6.984716e+00,7.173958e+00,6.333280e+00,6.263398e+00,6.432940e+00,6.629363e+00,5.323010e+00,6.749931e+00
5.087596e+00,6.318968e+00,6.410175e+00,5.899897e+00,6.428105e+00,6.610696e+00,6.249975e+00,6.889591e+00,6.654153e+00,6.056784e+00,6.082219e+00,6.893656e+00,7.148346e+00,6.349139e+00,6.289716e+00,6.440947e+00,6.612041e+00,5.476464e+00,6.692084e+00
5.214936e+00,6.318968e+00,6.331502e+00,5.996452e+00,6.444131e+00,6.584791e+00,6.285998e+00,6.889591e+00,6.652863e+00,6.052089e+00,6.082219e+00,6.866933e+00,7.158514e+00,6.318968e+00,6.297109e+00,6.444131e+00,6.390241e+00,5.480639e+00,6.726233e+00
5.241747e+00,6.318968e+00,6.300786e+00,6.037871e+00,6.383507e+00,6.466145e+00,6.483107e+00,6.890609e+00,6.520621e+00,5.976351e+00,6.086775e+00,6.753438e+00,7.247081e+00,6.267201e+00,6.455199e+00,6.444131e+00,5.849325e+00,5.480639e+00,6.726233e+00
5.424950e+00,6.342121e+00,6.300786e+00,6.037871e+00,6.383507e+00,6.458338e+00,6.429719e+00,6.929517e+00,6.520621e+00,5.973810e+00,6.086775e+00,6.576470e+00,7.244228e+00,6.484635e+00,6.455199e+00,6.444131e+00,5.446737e+00,5.411646e+00,6.755769e+00
5.529429e+00,6.342121e+00,6.300786e+00,5.978886e+00,6.423247e+00,6.393591e+00,6.331502e+00,7.000334e+00,6.523562e+00,5.953243e+00,6.154858e+00,6.542472e+00,7.244228e+00,6.577861e+00,6.455199e+00,6.444131e+00,5.433722e+00,5.463832e+00,6.755769e+00
5.529429e+00,6.340359e+00,6.272877e+00,6.018593e+00,6.212606e+00,6.572283e+00,6.289716e+00,7.013915e+00,6.535241e+00,5.796058e+00,6.150603e+00,6.541030e+00,7.228388e+00,6.469250e+00,6.455199e+00,6.410175e+00,5.433722e+00,5.455321e+00,6.822197e+00
5.529429e+00,6.340359e+00,6.269096e+00,6.018593e+00,6.175867e+00,6.569481e+00,6.308098e+00,7.024649e+00,6.535241e+00,5.796058e+00,6.045005e+00,6.541030e+00,7.198931e+00,6.393591e+00,6.369901e+00,6.408529e+00,5.429346e+00,5.384495e+00,6.813445e+00
5.529429e+00,6.336826e+00,6.272877e+00,6.018593e+00,6.086775e+00,6.624065e+00,6.115892e+00,7.107425e+00,6.535241e+00,6.028279e+00,6.013715e+00,6.541030e+00,7.211557e+00,6.391917e+00,6.278521e+00,6.476972e+00,5.429346e+00,5.384495e+00,6.727432e+00
5.529429e+00,6.306275e+00,6.263398e+00,6.070738e+00,6.082219e+00,6.624065e+00,6.056784e+00,7.130099e+00,6.535241e+00,6.033086e+00,6.013715e+00,6.541030e+00,7.186901e+00,6.200509e+00,6.159095e+00,6.796824e+00,5.176150e+00,5.384495e+00,6.674561e+00
5.572154e+00,6.315358e+00,6.214608e+00,6.089045e+00,6.124683e+00,6.543912e+00,6.122493e+00,7.153052e+00,6.535241e+00,6.115892e+00,6.013715e+00,6.541030e+00,7.201171e+00,6.220590e+00,6.023448e+00,6.695799e+00,5.062595e+00,5.433722e+00,6.674561e+00
5.579730e+00,6.297109e+00,6.246107e+00,6.059123e+00,6.113682e+00,6.569481e+00,6.122493e+00,7.153052e+00,6.535241e+00,6.248043e+00,6.016157e+00,6.541030e+00,7.226209e+00,6.263398e+00,5.981414e+00,6.684612e+00,5.043425e+00,5.433722e+00,6.598509e+00
5.762051e+00,6.298949e+00,6.240276e+00,6.070738e+00,5.988961e+00,6.641182e+00,6.122493e+00,7.153052e+00,6.455199e+00,6.265301e+00,5.641907e+00,6.504288e+00,7.262629e+00,6.263398e+00,5.996452e+00,6.793466e+00,5.159055e+00,5.433722e+00,6.566672e+00
5.828946e+00,6.309918e+00,6.240276e+00,6.070738e+00,5.786897e+00,6.732211e+00,6.122493e+00,7.153052e+00,6.278521e+00,6.238325e+00,5.641907e+00,6.483107e+00,7.261225e+00,6.263398e+00,6.135565e+00,6.752270e+00,5.159055e+00,5.402677e+00,6.566672e+00
5.834811e+00,6.317165e+00,6.133398e+00,6.184149e+00,5.758902e+00,6.742881e+00,6.122493e+00,7.147559e+00,6.263398e+00,6.270988e+00,5.641907e+00,6.483107e+00,7.225481e+00,6.228511e+00,6.070738e+00,6.591674e+00,5.159055e+00,5.402677e+00,6.535241e+00
5.817111e+00,6.327937e+00,6.133398e+00,6.184149e+00,5.758902e+00,6.678342e+00,6.232448e+00,7.132498e+00,6.226537e+00,6.267201e+00,5.641907e+00,6.483107e+00,7.273093e+00,6.226537e+00,6.037871e+00,6.661855e+00,5.159055e+00,5.402677e+00,6.535241e+00
5.817111e+00,6.327937e+00,6.131226e+00,6.186209e+00,5.616771e+00,6.726233e+00,6.238325e+00,7.132498e+00,6.226537e+00,6.259581e+00,5.652489e+00,6.483107e+00,7.280697e+00,6.222576e+00,5.942799e+00,6.700731e+00,5.159055e+00,5.402677e+00,6.594413e+00
5.777652e+00,6.350886e+00,6.061457e+00,6.248043e+00,5.616771e+00,6.719013e+00,6.249975e+00,7.132498e+00,6.226537e+00,6.259581e+00,5.641907e+00,6.483107e+00,7.232733e+00,6.336826e+00,5.978886e+00,6.700731e+00,5.159055e+00,5.429346e+00,6.594413e+00
5.710427e+00,6.386879e+00,6.061457e+00,6.248043e+00,5.613128e+00,6.697034e+00,6.285998e+00,7.113956e+00,6.118097e+00,6.077642e+00,5.641907e+00,6.481577e+00,7.193686e+00,6.388561e+00,6.236370e+00,6.703188e+00,5.159055e+00,5.480639e+00,6.594413e+00
5.710427e+00,6.270988e+00,6.171701e+00,6.276643e+00,5.429346e+00,6.735780e+00,6.311735e+00,7.113956e+00,6.006353e+00,6.075346e+00,5.641907e+00,6.481577e+00,7.177019e+00,6.478510e+00,6.318968e+00,6.700731e+00,5.159055e+00,5.480639e+00,6.594413e+00
5.710427e+00,6.182085e+00,6.249975e+00,6.287859e+00,5.384495e+00,6.747587e+00,6.311735e+00,7.113956e+00,5.945421e+00,6.075346e+00,5.641907e+00,6.371612e+00,7.197435e+00,6.511745e+00,6.651572e+00,6.703188e+00,5.068904e+00,5.480639e+00,6.594413e+00
5.834811e+00,5.910797e+00,6.385194e+00,6.359574e+00,5.384495e+00,6.747587e+00,6.040255e+00,7.117206e+00,6.212606e+00,6.075346e+00,5.641907e+00,6.470800e+00,7.192934e+00,6.565265e+00,6.668228e+00,6.830874e+00,5.062595e+00,5.480639e+00,6.584791e+00
5.948035e+00,5.463832e+00,6.587550e+00,6.359574e+00,5.375278e+00,6.749931e+00,6.025866e+00,7.122060e+00,6.208590e+00,6.075346e+00,5.641907e+00,6.559615e+00,7.195937e+00,6.659294e+00,6.668228e+00,6.831954e+00,5.062595e+00,5.480639e+00,6.551080e+00
5.948035e+00,5.379897e+00,6.613384e+00,6.359574e+00,5.375278e+00,6.736967e+00,6.052089e+00,7.062192e+00,6.340359e+00,6.093570e+00,5.641907e+00,6.562444e+00,7.141245e+00,6.660575e+00,6.668228e+00,6.882437e+00,5.062595e+00,5.480639e+00,6.411818e+00
6.006353e+00,5.375278e+00,6.614726e+00,6.359574e+00,5.375278e+00,6.698268e+00,6.122493e+00,6.985642e+00,6.483107e+00,6.156979e+00,5.641907e+00,6.272877e+00,7.141245e+00,6.656727e+00,6.642487e+00,6.948897e+00,5.030438e+00,5.480639e+00,6.526495e+00
6.152733e+00,5.375278e+00,6.614726e+00,6.257668e+00,5.605802e+00,6.670766e+00,6.169611e+00,6.959399e+00,6.525030e+00,6.244167e+00,5.641907e+00,6.070738e+00,7.144407e+00,6.660575e+00,6.635947e+00,6.948897e+00,4.700480e+00,5.480639e+00,6.520621e+00
6.165418e+00,5.375278e+00,6.501290e+00,6.244167e+00,5.874931e+00,6.572283e+00,6.313548e+00,6.962243e+00,6.525030e+00,6.100319e+00,5.641907e+00,5.799093e+00,7.057037e+00,6.660575e+00,6.664409e+00,7.020191e+00,4.624973e+00,5.416100e+00,6.577861e+00
6.165418e+00,5.231109e+00,6.405228e+00,6.240276e+00,6.086775e+00,6.478510e+00,6.436150e+00,6.774224e+00,6.760415e+00,6.021023e+00,5.645447e+00,5.602119e+00,6.858565e+00,6.661855e+00,6.670766e+00,7.023759e+00,4.624973e+00,5.030438e+00,6.573680e+00
6.131226e+00,5.247024e+00,6.411818e+00,6.226537e+00,5.840642e+00,6.609349e+00,6.469250e+00,6.728629e+00,6.802395e+00,6.242223e+00,5.648974e+00,5.587249e+00,6.824374e+00,6.661855e+00,6.650279e+00,7.023759e+00,4.624973e+00,4.718499e+00,6.573680e+00
6.137727e+00,4.859812e+00,6.265301e+00,6.476972e+00,5.840642e+00,6.597146e+00,6.426488e+00,6.463029e+00,6.902743e+00,6.234411e+00,5.648974e+00,5.587249e+00,6.766192e+00,6.756932e+00,6.650279e+00,7.005789e+00,4.418841e+00,4.663439e+00,6.573680e+00
6.120297e+00,4.663439e+00,6.324359e+00,6.476972e+00,5.840642e+00,6.386879e+00,6.629363e+00,6.463029e+00,6.831954e+00,6.234411e+00,5.648974e+00,5.587249e+00,6.969791e+00,6.665684e+00,6.650279e+00,7.007601e+00,4.418841e+00,4.700480e+00,6.573680e+00
6.335054e+00,4.663439e+00,6.324359e+00,6.453625e+00,5.846439e+00,6.408529e+00,6.614726e+00,6.289716e+00,6.917706e+00,6.234411e+00,5.308268e+00,5.587249e+00,6.991177e+00,6.561031e+00,6.629363e+00,7.015712e+00,4.584967e+00,4.700480e+00,6.613384e+00
6.342121e+00,5.087596e+00,6.318968e+00,6.410175e+00,5.899897e+00,6.428105e+00,6.610696e+00,6.249975e+00,6.889591e+00,6.234411e+00,5.659482e+00,5.686975e+00,7.018402e+00,6.548219e+00,6.594413e+00,7.126891e+00,5.273000e+00,4.290459e+00,6.648985e+00
6.300786e+00,5.214936e+00,6.318968e+00,6.331502e+00,5.996452e+00,6.444131e+00,6.584791e+00,6.285998e+00,6.889591e+00,6.295266e+00,5.700444e+00,5.793014e+00,7.023759e+00,6.514713e+00,6.568078e+00,7.233455e+00,5.488938e+00,4.276666e+00,6.566672e+00
6.311735e+00,5.241747e+00,6.318968e+00,6.300786e+00,6.037871e+00,6.383507e+00,6.466145e+00,6.483107e+00,6.890609e+00,6.333280e+00,5.786897e+00,5.973810e+00,6.963190e+00,6.514713e+00,6.428105e+00,7.260523e+00,5.393628e+00,4.382027e+00,6.532334e+00
6.214608e+00,5.424950e+00,6.342121e+00,6.300786e+00,6.037871e+00,6.383507e+00,6.458338e+00,6.429719e+00,6.929517e+00,6.343880e+00,5.913503e+00,6.003887e+00,7.097549e+00,6.329721e+00,6.428105e+00,7.260523e+00,5.433722e+00,4.110874e+00,6.562444e+00
6.163315e+00,5.529429e+00,6.342121e+00,6.300786e+00,5.978886e+00,6.423247e+00,6.393591e+00,6.331502e+00,7.000334e+00,6.343880e+00,6.249975e+00,6.063785e+00,7.097549e+00,6.208590e+00,6.428105e+00,7.260523e+00,5.433722e+00,3.891820e+00,6.587550e+00
6.163315e+00,5.529429e+00,6.340359e+00,6.272877e+00,6.018593e+00,6.212606e+00,6.572283e+00,6.289716e+00,7.013915e+00,6.347389e+00,6.263398e+00,6.142037e+00,7.097549e+00,6.156979e+00,6.529419e+00,7.279319e+00,5.433722e+00,3.970292e+00,6.502790e+00
6.163315e+00,5.529429e+00,6.340359e+00,6.269096e+00,6.018593e+00,6.175867e+00,6.569481e+00,6.308098e+00,7.024649e+00,6.347389e+00,6.068426e+00,6.144186e+00,7.160846e+00,6.148468e+00,6.529419e+00,7.325808e+00,5.433722e+00,5.075174e+00,6.501290e+00
6.300786e+00,5.529429e+00,6.336826e+00,6.272877e+00,6.018593e+00,6.086775e+00,6.624065e+00,6.115892e+00,7.107425e+00,6.259581e+00,5.998937e+00,6.210600e+00,7.147559e+00,6.249975e+00,6.519147e+00,7.296413e+00,5.433722e+00,5.209486e+00,6.501290e+00
6.342121e+00,5.529429e+00,6.306275e+00,6.263398e+00,6.070738e+00,6.082219e+00,6.624065e+00,6.056784e+00,7.130099e+00,6.287859e+00,5.996452e+00,6.620073e+00,7.133296e+00,6.177944e+00,6.493754e+00,7.099202e+00,5.424950e+00,5.209486e+00,6.501290e+00
6.326149e+00,5.572154e+00,6.315358e+00,6.214608e+00,6.089045e+00,6.124683e+00,6.543912e+00,6.122493e+00,7.153052e+00,6.220590e+00,5.996452e+00,6.695799e+00,7.053586e+00,6.226537e+00,6.496775e+00,7.000334e+00,6.056784e+00,5.147494e+00,6.501290e+00
6.336826e+00,5.579730e+00,6.297109e+00,6.246107e+00,6.059123e+00,6.113682e+00,6.569481e+00,6.122493e+00,7.153052e+00,6.218600e+00,5.993961e+00,6.706862e+00,7.023759e+00,6.295266e+00,6.504288e+00,6.974479e+00,6.248043e+00,5.176150e+00,6.501290e+00
6.408529e+00,5.762051e+00,6.298949e+00,6.240276e+00,6.070738e+00,5.988961e+00,6.641182e+00,6.122493e+00,7.153052e+00,6.542472e+00,5.993961e+00,6.706862e+00,6.964136e+00,6.302619e+00,6.541030e+00,6.842683e+00,6.246107e+00,5.332719e+00,6.499787e+00
6.380123e+00,5.828946e+00,6.309918e+00,6.240276e+00,6.070738e+00,5.786897e+00,6.732211e+00,6.122493e+00,7.153052e+00,6.793466e+00,6.003887e+00,6.706862e+00,6.928538e+00,6.311735e+00,6.439350e+00,6.734592e+00,6.248043e+00,5.332719e+00,6.499787e+00
6.369901e+00,5.834811e+00,6.317165e+00,6.133398e+00,6.184149e+00,5.758902e+00,6.742881e+00,6.122493e+00,7.147559e+00,6.776507e+00,6.023448e+00,6.706862e+00,6.920672e+00,6.311735e+00,6.439350e+00,6.732211e+00,6.375025e+00,5.332719e+00,6.499787e+00
6.369901e+00,5.817111e+00,6.327937e+00,6.133398e+00,6.184149e+00,5.758902e+00,6.678342e+00,6.232448e+00,7.132498e+00,6.776507e+00,6.023448e+00,6.706862e+00,6.834109e+00,6.311735e+00,6.514713e+00,6.666957e+00,6.424869e+00,5.332719e+00,6.499787e+00
6.369901e+00,5.817111e+00,6.327937e+00,6.131226e+00,6.186209e+00,5.616771e+00,6.726233e+00,6.238325e+00,7.132498e+00,6.891626e+00,6.016157e+00,6.709304e+00,6.769642e+00,6.317165e+00,6.523562e+00,6.626718e+00,6.458338e+00,5.332719e+00,6.434547e+00
6.369901e+00,5.777652e+00,6.350886e+00,6.061457e+00,6.248043e+00,5.616771e+00,6.719013e+00,6.249975e+00,7.132498e+00,6.891626e+00,6.113682e+00,6.709304e+00,6.768493e+00,6.361302e+00,6.511745e+00,6.620073e+00,6.481577e+00,5.303305e+00,6.434547e+00
6.517671e+00,5.710427e+00,6.386879e+00,6.061457e+00,6.248043e+00,5.613128e+00,6.697034e+00,6.285998e+00,7.113956e+00,6.899723e+00,6.139885e+00,6.725034e+00,6.768493e+00,6.309918e+00,6.388561e+00,6.616065e+00,6.481577e+00,5.241747e+00,6.434547e+00
6.641182e+00,5.710427e+00,6.270988e+00,6.171701e+00,6.276643e+00,5.429346e+00,6.735780e+00,6.311735e+00,7.113956e+00,6.899723e+00,6.214608e+00,6.767343e+00,6.781058e+00,6.202536e+00,6.311735e+00,6.616065e+00,6.481577e+00,5.241747e+00,6.434547e+00
6.641182e+00,5.710427e+00,6.182085e+00,6.249975e+00,6.287859e+00,5.384495e+00,6.747587e+00,6.311735e+00,7.113956e+00,6.899723e+00,6.214608e+00,6.734592e+00,6.668228e+00,6.109248e+00,5.805135e+00,6.612041e+00,6.519147e+00,5.247024e+00,6.434547e+00
6.587550e+00,5.834811e+00,5.910797e+00,6.385194e+00,6.359574e+00,5.384495e+00,6.747587e+00,6.040255e+00,7.117206e+00,6.899723e+00,6.226537e+00,6.659294e+00,6.658011e+00,6.082219e+00,5.765191e+00,6.447306e+00,6.565265e+00,5.356586e+00,6.481577e+00
6.529419e+00,5.948035e+00,5.463832e+00,6.587550e+00,6.359574e+00,5.375278e+00,6.749931e+00,6.025866e+00,7.122060e+00,6.899723e+00,6.352629e+00,6.579251e+00,6.645091e+00,5.963579e+00,5.789960e+00,6.445720e+00,6.565265e+00,5.796058e+00,6.629363e+00
6.529419e+00,5.948035e+00,5.379897e+00,6.613384e+00,6.359574e+00,5.375278e+00,6.736967e+00,6.052089e+00,7.062192e+00,6.891626e+00,6.710523e+00,6.717805e+00,6.665684e+00,6.013715e+00,5.908083e+00,6.366470e+00,6.744059e+00,6.063785e+00,6.692084e+00
6.495266e+00,6.006353e+00,5.375278e+00,6.614726e+00,6.359574e+00,5.375278e+00,6.698268e+00,6.122493e+00,6.985642e+00,6.861711e+00,6.994850e+00,6.647688e+00,6.633318e+00,6.159095e+00,5.910797e+00,6.244167e+00,6.746412e+00,6.204558e+00,6.431331e+00
6.583409e+00,6.152733e+00,5.375278e+00,6.614726e+00,6.257668e+00,5.605802e+00,6.670766e+00,6.169611e+00,6.959399e+00,6.771936e+00,6.994850e+00,6.566672e+00,6.620073e+00,6.152733e+00,5.905362e+00,6.244167e+00,6.831954e+00,6.204558e+00,6.253829e+00
6.580639e+00,6.165418e+00,5.375278e+00,6.501290e+00,6.244167e+00,5.874931e+00,6.572283e+00,6.313548e+00,6.962243e+00,6.768493e+00,7.021976e+00,6.566672e+00,6.617403e+00,6.381816e+00,5.837730e+00,6.079933e+00,6.960348e+00,6.210600e+00,6.161207e+00
6.582025e+00,6.165418e+00,5.231109e+00,6.405228e+00,6.240276e+00,6.086775e+00,6.478510e+00,6.436150e+00,6.774224e+00,6.768493e+00,7.054450e+00,6.588926e+00,6.613384e+00,6.386879e+00,5.739793e+00,6.063785e+00,6.960348e+00,6.269096e+00,6.159095e+00
6.602588e+00,6.131226e+00,5.247024e+00,6.411818e+00,6.226537e+00,5.840642e+00,6.609349e+00,6.469250e+00,6.728629e+00,6.580639e+00,7.053586e+00,6.605298e+00,6.613384e+00,6.386879e+00,5.655992e+00,6.063785e+00,6.960348e+00,6.274762e+00,6.159095e+00
6.598509e+00,6.137727e+00,4.859812e+00,6.265301e+00,6.476972e+00,5.840642e+00,6.597146e+00,6.426488e+00,6.463029e+00,6.580639e+00,7.128496e+00,6.613384e+00,6.613384e+00,6.259581e+00,5.560682e+00,6.063785e+00,6.960348e+00,6.259581e+00,6.159095e+00
6.597146e+00,6.120297e+00,4.663439e+00,6.324359e+00,6.476972e+00,5.840642e+00,6.386879e+00,6.629363e+00,6.463029e+00,6.580639e+00,7.128496e+00,6.628041e+00,6.161207e+00,6.322565e+00,5.560682e+00,6.104793e+00,6.960348e+00,6.342121e+00,6.232448e+00
6.436150e+00,6.335054e+00,4.663439e+00,6.324359e+00,6.453625e+00,5.846439e+00,6.408529e+00,6.614726e+00,6.289716e+00,6.580639e+00,7.126087e+00,6.642487e+00,6.028279e+00,6.380123e+00,5.560682e+00,6.118097e+00,6.934397e+00,6.463029e+00,6.107023e+00
6.333280e+00,6.342121e+00,5.087596e+00,6.318968e+00,6.410175e+00,5.899897e+00,6.428105e+00,6.610696e+00,6.249975e+00,6.580639e+00,7.023759e+00,6.605298e+00,5.953243e+00,6.381816e+00,5.556828e+00,5.910797e+00,6.835185e+00,6.569481e+00,6.042633e+00
6.333280e+00,6.300786e+00,5.214936e+00,6.318968e+00,6.331502e+00,5.996452e+00,6.444131e+00,6.584791e+00,6.285998e+00,6.535241e+00,7.013016e+00,6.566672e+00,5.902633e+00,6.408529e+00,5.680173e+00,6.131226e+00,6.783325e+00,6.569481e+00,6.082219e+00
6.679599e+00,6.311735e+00,5.241747e+00,6.318968e+00,6.300786e+00,6.037871e+00,6.383507e+00,6.466145e+00,6.483107e+00,6.504288e+00,7.072422e+00,6.470800e+00,5.743003e+00,6.436150e+00,5.680173e+00,6.063785e+00,6.770789e+00,6.558198e+00,6.152733e+00
6.679599e+00,6.214608e+00,5.424950e+00,6.342121e+00,6.300786e+00,6.037871e+00,6.383507e+00,6.458338e+00,6.429719e+00,6.514713e+00,7.034388e+00,6.452049e+00,5.056246e+00,6.628041e+00,5.755742e+00,6.066108e+00,6.758095e+00,6.558198e+00,6.104793e+00
6.679599e+00,6.163315e+00,5.529429e+00,6.342121e+00,6.300786e+00,5.978886e+00,6.423247e+00,6.393591e+00,6.331502e+00,6.514713e+00,6.862758e+00,6.411818e+00,5.056246e+00,6.628041e+00,5.755742e+00,6.315358e+00,6.758095e+00,6.558198e+00,6.107023e+00
6.679599e+00,6.163315e+00,5.529429e+00,6.340359e+00,6.272877e+00,6.018593e+00,6.212606e+00,6.572283e+00,6.289716e+00,6.511745e+00,6.855409e+00,6.352629e+00,5.068904e+00,6.628041e+00,5.521461e+00,6.265301e+00,6.758095e+00,6.733402e+00,6.156979e+00
6.679599e+00,6.163315e+00,5.529429e+00,6.340359e+00,6.269096e+00,6.018593e+00,6.175867e+00,6.569481e+00,6.308098e+00,6.561031e+00,6.891626e+00,6.350886e+00,4.499810e+00,6.628041e+00,5.652489e+00,6.240276e+00,6.758095e+00,6.618739e+00,6.238325e+00
6.648985e+00,6.300786e+00,5.529429e+00,6.336826e+00,6.272877e+00,6.018593e+00,6.086775e+00,6.624065e+00,6.115892e+00,6.505784e+00,6.912743e+00,6.326149e+00,4.762174e+00,6.645091e+00,5.981414e+00,6.240276e+00,6.758095e+00,6.587550e+00,6.313548e+00
6.618739e+00,6.342121e+00,5.529429e+00,6.306275e+00,6.263398e+00,6.070738e+00,6.082219e+00,6.624065e+00,6.056784e+00,6.565265e+00,6.929517e+00,5.945421e+00,4.762174e+00,6.695799e+00,6.093570e+00,6.240276e+00,6.756932e+00,6.587550e+00,6.395262e+00
6.606650e+00,6.326149e+00,5.572154e+00,6.315358e+00,6.214608e+00,6.089045e+00,6.124683e+00,6.543912e+00,6.122493e+00,6.563856e+00,6.952729e+00,5.811141e+00,4.762174e+00,6.904751e+00,6.188264e+00,6.238325e+00,6.487684e+00,6.587550e+00,6.413459e+00
6.630683e+00,6.336826e+00,5.579730e+00,6.297109e+00,6.246107e+00,6.059123e+00,6.113682e+00,6.569481e+00,6.122493e+00,6.461468e+00,6.952729e+00,6.133398e+00,4.762174e+00,6.845880e+00,6.190315e+00,6.238325e+00,6.322565e+00,6.580639e+00,6.413459e+00
6.492240e+00,6.408529e+00,5.762051e+00,6.298949e+00,6.240276e+00,6.070738e+00,5.988961e+00,6.641182e+00,6.122493e+00,6.070738e+00,6.952729e+00,6.133398e+00,5.337538e+00,6.841615e+00,6.248043e+00,6.429719e+00,6.594413e+00,6.538140e+00,6.469250e+00
6.475433e+00,6.380123e+00,5.828946e+00,6.309918e+00,6.240276e+00,6.070738e+00,5.786897e+00,6.732211e+00,6.122493e+00,5.411646e+00,7.030857e+00,6.142037e+00,5.402677e+00,6.836259e+00,6.291569e+00,6.429719e+00,6.763885e+00,6.538140e+00,6.469250e+00
6.475433e+00,6.369901e+00,5.834811e+00,6.317165e+00,6.133398e+00,6.184149e+00,5.758902e+00,6.742881e+00,6.122493e+00,5.402677e+00,7.023759e+00,6.190315e+00,5.402677e+00,6.843750e+00,6.291569e+00,6.442540e+00,6.679599e+00,6.538140e+00,6.469250e+00
6.475433e+00,6.369901e+00,5.817111e+00,6.327937e+00,6.133398e+00,6.184149e+00,5.758902e+00,6.678342e+00,6.232448e+00,5.686975e+00,7.057037e+00,6.222576e+00,5.874931e+00,6.853299e+00,6.196444e+00,6.442540e+00,6.641182e+00,6.538140e+00,6.470800e+00
6.475433e+00,6.369901e+00,5.817111e+00,6.327937e+00,6.131226e+00,6.186209e+00,5.616771e+00,6.726233e+00,6.238325e+00,5.337538e+00,7.057037e+00,6.248043e+00,5.897154e+00,6.850126e+00,6.184149e+00,6.467699e+00,6.785588e+00,6.538140e+00,6.470800e+00
6.475433e+00,6.369901e+00,5.777652e+00,6.350886e+00,6.061457e+00,6.248043e+00,5.616771e+00,6.719013e+00,6.249975e+00,5.700444e+00,7.021084e+00,6.259581e+00,5.897154e+00,6.754604e+00,6.198479e+00,6.516193e+00,6.768493e+00,6.538140e+00,6.489205e+00
6.320768e+00,6.517671e+00,5.710427e+00,6.386879e+00,6.061457e+00,6.248043e+00,5.613128e+00,6.697034e+00,6.285998e+00,5.673323e+00,7.010312e+00,6.234411e+00,5.897154e+00,6.753438e+00,6.711740e+00,6.522093e+00,6.981935e+00,6.538140e+00,6.535241e+00
6.148468e+00,6.641182e+00,5.710427e+00,6.270988e+00,6.171701e+00,6.276643e+00,5.429346e+00,6.735780e+00,6.311735e+00,5.673323e+00,7.122867e+00,6.161207e+00,5.866468e+00,6.753438e+00,6.711740e+00,6.595781e+00,7.017506e+00,6.538140e+00,6.535241e+00
6.148468e+00,6.641182e+00,5.710427e+00,6.182085e+00,6.249975e+00,6.287859e+00,5.384495e+00,6.747587e+00,6.311735e+00,5.673323e+00,7.122867e+00,6.165418e+00,6.501290e+00,6.753438e+00,6.711740e+00,6.628041e+00,6.993933e+00,6.536692e+00,6.558198e+00
6.148468e+00,6.587550e+00,5.834811e+00,5.910797e+00,6.385194e+00,6.359574e+00,5.384495e+00,6.747587e+00,6.040255e+00,5.673323e+00,7.118016e+00,6.165418e+00,6.519147e+00,6.723832e+00,6.711740e+00,6.647688e+00,6.995766e+00,6.504288e+00,6.475433e+00
6.148468e+00,6.529419e+00,5.948035e+00,5.463832e+00,6.587550e+00,6.359574e+00,5.375278e+00,6.749931e+00,6.025866e+00,5.673323e+00,7.114769e+00,6.165418e+00,6.617403e+00,6.698268e+00,6.701960e+00,6.652863e+00,7.177782e+00,6.311735e+00,6.357842e+00
6.148468e+00,6.529419e+00,5.948035e+00,5.379897e+00,6.613384e+00,6.359574e+00,5.375278e+00,6.736967e+00,6.052089e+00,5.720312e+00,6.890609e+00,5.905362e+00,6.597146e+00,6.670766e+00,6.650279e+00,6.654153e+00,7.065613e+00,6.109248e+00,6.230481e+00
6.148468e+00,6.495266e+00,6.006353e+00,5.375278e+00,6.614726e+00,6.359574e+00,5.375278e+00,6.698268e+00,6.122493e+00,5.786897e+00,6.569481e+00,5.905362e+00,6.597146e+00,6.586172e+00,6.646391e+00,6.654153e+00,7.071573e+00,5.953243e+00,6.226537e+00
5.837730e+00,6.583409e+00,6.152733e+00,5.375278e+00,6.614726e+00,6.257668e+00,5.605802e+00,6.670766e+00,6.169611e+00,5.786897e+00,6.569481e+00,5.905362e+00,6.597146e+00,6.586172e+00,6.658011e+00,6.654153e+00,7.042286e+00,6.173786e+00,6.226537e+00
5.826000e+00,6.580639e+00,6.165418e+00,5.375278e+00,6.501290e+00,6.244167e+00,5.874931e+00,6.572283e+00,6.313548e+00,5.789960e+00,6.526495e+00,5.905362e+00,6.597146e+00,6.408529e+00,6.700731e+00,6.654153e+00,7.001246e+00,6.182085e+00,6.278521e+00
5.823046e+00,6.582025e+00,6.165418e+00,5.231109e+00,6.405228e+00,6.240276e+00,6.086775e+00,6.478510e+00,6.436150e+00,6.047372e+00,6.469250e+00,5.860786e+00,6.597146e+00,6.401917e+00,6.699500e+00,6.654153e+00,7.073270e+00,6.139885e+00,6.278521e+00
5.777652e+00,6.602588e+00,6.131226e+00,5.247024e+00,6.411818e+00,6.226537e+00,5.840642e+00,6.609349e+00,6.469250e+00,6.047372e+00,6.469250e+00,5.826000e+00,6.597146e+00,6.411818e+00,6.699500e+00,6.654153e+00,7.251345e+00,6.133398e+00,6.278521e+00
5.777652e+00,6.598509e+00,6.137727e+00,4.859812e+00,6.265301e+00,6.476972e+00,5.840642e+00,6.597146e+00,6.426488e+00,6.095825e+00,6.318968e+00,5.808142e+00,6.597146e+00,6.413459e+00,6.699500e+00,6.654153e+00,7.323831e+00,6.144186e+00,6.278521e+00
5.783825e+00,6.597146e+00,6.120297e+00,4.663439e+00,6.324359e+00,6.476972e+00,5.840642e+00,6.386879e+00,6.629363e+00,6.095825e+00,6.318968e+00,5.774552e+00,6.597146e+00,6.426488e+00,6.699500e+00,6.638568e+00,7.381502e+00,6.033086e+00,6.208590e+00
5.786897e+00,6.436150e+00,6.335054e+00,4.663439e+00,6.324359e+00,6.453625e+00,5.846439e+00,6.408529e+00,6.614726e+00,6.095825e+00,6.318968e+00,5.739793e+00,6.629363e+00,6.371612e+00,6.835185e+00,6.618739e+00,7.465655e+00,5.840642e+00,6.208590e+00
5.786897e+00,6.333280e+00,6.342121e+00,5.087596e+00,6.318968e+00,6.410175e+00,5.899897e+00,6.428105e+00,6.610696e+00,6.095825e+00,6.318968e+00,5.739793e+00,6.673298e+00,6.369901e+00,6.931472e+00,6.573680e+00,7.519150e+00,5.605802e+00,6.188264e+00
5.929589e+00,6.333280e+00,6.300786e+00,5.214936e+00,6.318968e+00,6.331502e+00,5.996452e+00,6.444131e+00,6.584791e+00,6.095825e+00,6.318968e+00,5.799093e+00,6.673298e+00,6.342121e+00,6.898715e+00,6.184149e+00,7.519150e+00,5.609472e+00,6.152733e+00
5.811141e+00,6.679599e+00,6.311735e+00,5.241747e+00,6.318968e+00,6.300786e+00,6.037871e+00,6.383507e+00,6.466145e+00,6.095825e+00,6.126869e+00,5.799093e+00,6.673298e+00,6.311735e+00,6.923629e+00,6.167516e+00,7.534228e+00,5.655992e+00,6.082219e+00
5.971262e+00,6.679599e+00,6.214608e+00,5.424950e+00,6.342121e+00,6.300786e+00,6.037871e+00,6.383507e+00,6.458338e+00,6.066108e+00,6.182085e+00,5.799093e+00,6.675823e+00,6.003887e+00,6.959399e+00,6.242223e+00,7.555382e+00,5.686975e+00,6.011267e+00
6.122493e+00,6.679599e+00,6.163315e+00,5.529429e+00,6.342121e+00,6.300786e+00,5.978886e+00,6.423247e+00,6.393591e+00,6.182085e+00,6.259581e+00,5.828946e+00,6.675823e+00,6.186209e+00,6.959399e+00,6.016157e+00,7.560601e+00,5.755742e+00,5.963579e+00
6.224558e+00,6.679599e+00,6.163315e+00,5.529429e+00,6.340359e+00,6.272877e+00,6.018593e+00,6.212606e+00,6.572283e+00,6.375025e+00,6.308098e+00,6.011267e+00,6.673298e+00,6.575076e+00,6.959399e+00,6.016157e+00,7.595387e+00,5.525453e+00,5.991465e+00
6.224558e+00,6.679599e+00,6.163315e+00,5.529429e+00,6.340359e+00,6.269096e+00,6.018593e+00,6.175867e+00,6.569481e+00,6.342121e+00,6.285998e+00,6.198479e+00,6.660575e+00,6.575076e+00,6.925595e+00,5.869297e+00,7.629976e+00,5.521461e+00,5.950643e+00
6.200509e+00,6.648985e+00,6.300786e+00,5.529429e+00,6.336826e+00,6.272877e+00,6.018593e+00,6.086775e+00,6.624065e+00,6.406880e+00,6.415097e+00,6.161207e+00,6.625392e+00,6.797940e+00,6.810142e+00,5.869297e+00,7.746733e+00,5.686975e+00,5.883322e+00
6.228511e+00,6.618739e+00,6.342121e+00,5.529429e+00,6.306275e+00,6.263398e+00,6.070738e+00,6.082219e+00,6.624065e+00,6.306275e+00,6.386879e+00,6.028279e+00,6.648985e+00,6.783325e+00,6.754604e+00,5.869297e+00,7.748029e+00,5.902633e+00,5.743003e+00
6.632002e+00,6.606650e+00,6.326149e+00,5.572154e+00,6.315358e+00,6.214608e+00,6.089045e+00,6.124683e+00,6.543912e+00,6.306275e+00,6.345636e+00,6.006353e+00,6.834109e+00,6.502790e+00,6.929517e+00,5.869297e+00,7.750184e+00,5.948035e+00,5.707110e+00
6.648985e+00,6.630683e+00,6.336826e+00,5.579730e+00,6.297109e+00,6.246107e+00,6.059123e+00,6.113682e+00,6.569481e+00,6.434547e+00,6.345636e+00,5.598422e+00,6.842683e+00,6.787845e+00,6.967909e+00,6.016157e+00,7.754053e+00,5.978886e+00,5.707110e+00
6.742881e+00,6.492240e+00,6.408529e+00,5.762051e+00,6.298949e+00,6.240276e+00,6.070738e+00,5.988961e+00,6.641182e+00,6.508769e+00,6.345636e+00,5.598422e+00,6.740519e+00,6.824374e+00,6.910751e+00,5.707110e+00,7.668094e+00,5.978886e+00,5.583496e+00
6.742881e+00,6.475433e+00,6.380123e+00,5.828946e+00,6.309918e+00,6.240276e+00,6.070738e+00,5.786897e+00,6.732211e+00,6.543912e+00,6.175867e+00,5.613128e+00,6.723832e+00,7.069874e+00,6.887553e+00,5.749393e+00,7.602401e+00,6.037871e+00,5.583496e+00
6.742881e+00,6.475433e+00,6.369901e+00,5.834811e+00,6.317165e+00,6.133398e+00,6.184149e+00,5.758902e+00,6.742881e+00,6.558198e+00,6.175867e+00,6.142037e+00,6.749931e+00,7.096721e+00,6.887553e+00,5.826000e+00,7.602401e+00,6.054439e+00,5.583496e+00
6.742881e+00,6.475433e+00,6.369901e+00,5.817111e+00,6.327937e+00,6.133398e+00,6.184149e+00,5.758902e+00,6.678342e+00,6.452049e+00,6.093570e+00,6.107023e+00,6.580639e+00,7.099202e+00,6.887553e+00,5.874931e+00,7.602401e+00,6.054439e+00,5.605802e+00
6.742881e+00,6.475433e+00,6.369901e+00,5.817111e+00,6.327937e+00,6.131226e+00,6.186209e+00,5.616771e+00,6.726233e+00,6.419995e+00,6.093570e+00,6.077642e+00,6.632002e+00,7.105786e+00,7.081709e+00,5.886104e+00,7.532624e+00,6.054439e+00,5.609472e+00
6.742881e+00,6.475433e+00,6.369901e+00,5.777652e+00,6.350886e+00,6.061457e+00,6.248043e+00,5.616771e+00,6.719013e+00,6.259581e+00,6.091310e+00,6.261492e+00,6.946014e+00,7.191429e+00,7.070724e+00,6.049733e+00,7.532624e+00,6.054439e+00,5.564520e+00
6.742881e+00,6.320768e+00,6.517671e+00,5.710427e+00,6.386879e+00,6.061457e+00,6.248043e+00,5.613128e+00,6.697034e+00,6.259581e+00,6.091310e+00,6.287859e+00,7.052721e+00,7.218177e+00,6.695799e+00,6.042633e+00,7.476472e+00,6.054439e+00,5.438079e+00
6.741701e+00,6.148468e+00,6.641182e+00,5.710427e+00,6.270988e+00,6.171701e+00,6.276643e+00,5.429346e+00,6.735780e+00,6.259581e+00,5.613128e+00,6.293419e+00,7.060476e+00,7.245655e+00,6.714171e+00,5.968708e+00,7.454141e+00,6.054439e+00,5.590987e+00
6.741701e+00,6.148468e+00,6.641182e+00,5.710427e+00,6.182085e+00,6.249975e+00,6.287859e+00,5.384495e+00,6.747587e+00,6.259581e+00,5.638355e+00,6.289716e+00,6.742881e+00,7.254885e+00,6.714171e+00,6.118097e+00,7.454141e+00,6.054439e+00,5.529429e+00
6.741701e+00,6.148468e+00,6.587550e+00,5.834811e+00,5.910797e+00,6.385194e+00,6.359574e+00,5.384495e+00,6.747587e+00,6.263398e+00,5.638355e+00,6.329721e+00,6.726233e+00,7.254885e+00,6.714171e+00,6.297109e+00,7.507141e+00,6.054439e+00,5.529429e+00
6.863803e+00,6.148468e+00,6.529419e+00,5.948035e+00,5.463832e+00,6.587550e+00,6.359574e+00,5.375278e+00,6.749931e+00,6.493754e+00,5.379897e+00,6.329721e+00,6.709304e+00,7.254885e+00,6.714171e+00,6.291569e+00,7.395108e+00,6.054439e+00,5.379897e+00
6.863803e+00,6.148468e+00,6.529419e+00,5.948035e+00,5.379897e+00,6.613384e+00,6.359574e+00,5.375278e+00,6.736967e+00,6.572283e+00,5.379897e+00,6.329721e+00,6.791221e+00,7.254885e+00,6.714171e+00,6.289716e+00,7.425954e+00,6.054439e+00,5.062595e+00
6.931472e+00,6.148468e+00,6.495266e+00,6.006353e+00,5.375278e+00,6.614726e+00,6.359574e+00,5.375278e+00,6.698268e+00,6.584791e+00,5.446737e+00,6.329721e+00,6.794587e+00,7.254885e+00,6.714171e+00,6.289716e+00,7.438972e+00,6.054439e+00,5.062595e+00
6.931472e+00,5.837730e+00,6.583409e+00,6.152733e+00,5.375278e+00,6.614726e+00,6.257668e+00,5.605802e+00,6.670766e+00,6.654153e+00,5.971262e+00,6.329721e+00,6.794587e+00,7.254885e+00,6.716595e+00,6.289716e+00,7.413970e+00,5.802118e+00,5.062595e+00
6.931472e+00,5.826000e+00,6.580639e+00,6.165418e+00,5.375278e+00,6.501290e+00,6.244167e+00,5.874931e+00,6.572283e+00,6.652863e+00,5.971262e+00,6.329721e+00,6.794587e+00,7.252762e+00,6.674561e+00,6.289716e+00,7.363914e+00,5.780744e+00,5.342334e+00
6.934397e+00,5.823046e+00,6.582025e+00,6.165418e+00,5.231109e+00,6.405228e+00,6.240276e+00,6.086775e+00,6.478510e+00,6.520621e+00,5.971262e+00,6.335054e+00,6.812345e+00,7.353722e+00,6.674561e+00,6.313548e+00,7.310550e+00,5.894403e+00,5.342334e+00
6.981006e+00,5.777652e+00,6.602588e+00,6.131226e+00,5.247024e+00,6.411818e+00,6.226537e+00,5.840642e+00,6.609349e+00,6.520621e+00,5.981414e+00,6.343880e+00,6.812345e+00,7.370231e+00,6.674561e+00,6.313548e+00,7.156956e+00,5.897154e+00,5.342334e+00
6.996681e+00,5.777652e+00,6.598509e+00,6.137727e+00,4.859812e+00,6.265301e+00,6.476972e+00,5.840642e+00,6.597146e+00,6.523562e+00,5.986452e+00,6.347389e+00,6.812345e+00,7.375256e+00,6.674561e+00,6.313548e+00,7.080868e+00,5.883322e+00,5.342334e+00
6.994850e+00,5.783825e+00,6.597146e+00,6.120297e+00,4.663439e+00,6.324359e+00,6.476972e+00,5.840642e+00,6.386879e+00,6.535241e+00,6.154858e+00,6.347389e+00,6.812345e+00,7.471932e+00,6.674561e+00,6.298949e+00,7.002156e+00,5.883322e+00,5.680173e+00
7.033506e+00,5.786897e+00,6.436150e+00,6.335054e+00,4.663439e+00,6.324359e+00,6.453625e+00,5.846439e+00,6.408529e+00,6.535241e+00,6.200509e+00,6.347389e+00,6.785588e+00,7.504392e+00,6.513230e+00,6.298949e+00,6.865891e+00,5.883322e+00,5.857933e+00
7.149132e+00,5.786897e+00,6.333280e+00,6.342121e+00,5.087596e+00,6.318968e+00,6.410175e+00,5.899897e+00,6.428105e+00,6.535241e+00,6.200509e+00,6.347389e+00,6.746412e+00,7.515889e+00,6.363028e+00,6.265301e+00,6.760415e+00,5.883322e+00,5.880533e+00
7.412764e+00,5.929589e+00,6.333280e+00,6.300786e+00,5.214936e+00,6.318968e+00,6.331502e+00,5.996452e+00,6.444131e+00,6.535241e+00,6.200509e+00,6.304449e+00,6.746412e+00,7.586296e+00,6.361302e+00,6.375025e+00,6.760415e+00,5.897154e+00,5.880533e+00
7.283448e+00,5.811141e+00,6.679599e+00,6.311735e+00,5.241747e+00,6.318968e+00,6.300786e+00,6.037871e+00,6.383507e+00,6.535241e+00,6.276643e+00,6.322565e+00,6.746412e+00,7.586296e+00,6.317165e+00,6.375025e+00,6.742881e+00,5.860786e+00,5.880533e+00
7.242798e+00,5.971262e+00,6.679599e+00,6.214608e+00,5.424950e+00,6.342121e+00,6.300786e+00,6.037871e+00,6.383507e+00,6.535241e+00,6.226537e+00,6.393591e+00,6.744059e+00,7.586296e+00,6.202536e+00,6.308098e+00,6.763885e+00,5.834811e+00,5.880533e+00
7.195937e+00,6.122493e+00,6.679599e+00,6.163315e+00,5.529429e+00,6.342121e+00,6.300786e+00,5.978886e+00,6.423247e+00,6.455199e+00,6.146329e+00,6.405228e+00,6.744059e+00,7.567346e+00,6.202536e+00,6.327937e+00,6.763885e+00,5.771441e+00,5.880533e+00
7.158514e+00,6.224558e+00,6.679599e+00,6.163315e+00,5.529429e+00,6.340359e+00,6.272877e+00,6.018593e+00,6.212606e+00,6.278521e+00,6.089045e+00,6.396930e+00,6.748760e+00,7.440147e+00,6.202536e+00,6.401917e+00,6.768493e+00,5.509388e+00,5.780744e+00
7.159292e+00,6.224558e+00,6.679599e+00,6.163315e+00,5.529429e+00,6.340359e+00,6.269096e+00,6.018593e+00,6.175867e+00,6.263398e+00,6.033086e+00,6.318968e+00,6.804615e+00,7.440147e+00,6.234411e+00,6.403574e+00,6.685861e+00,5.446737e+00,5.703782e+00
7.132498e+00,6.200509e+00,6.648985e+00,6.300786e+00,5.529429e+00,6.336826e+00,6.272877e+00,6.018593e+00,6.086775e+00,6.226537e+00,5.774552e+00,6.385194e+00,6.835185e+00,7.286876e+00,6.259581e+00,6.405228e+00,6.302619e+00,5.231109e+00,5.652489e+00
7.167809e+00,6.228511e+00,6.618739e+00,6.342121e+00,5.529429e+00,6.306275e+00,6.263398e+00,6.070738e+00,6.082219e+00,6.226537e+00,5.774552e+00,6.357842e+00,6.853299e+00,7.268223e+00,6.329721e+00,6.405228e+00,6.297109e+00,4.753590e+00,5.652489e+00
6.951772e+00,6.632002e+00,6.606650e+00,6.326149e+00,5.572154e+00,6.315358e+00,6.214608e+00,6.089045e+00,6.124683e+00,6.226537e+00,5.774552e+00,6.386879e+00,6.752270e+00,7.261927e+00,5.869297e+00,6.405228e+00,6.287859e+00,4.875197e+00,5.652489e+00
6.961296e+00,6.648985e+00,6.630683e+00,6.336826e+00,5.579730e+00,6.297109e+00,6.246107e+00,6.059123e+00,6.113682e+00,6.118097e+00,5.774552e+00,6.386879e+00,6.908755e+00,7.097549e+00,5.777652e+00,6.300786e+00,6.270988e+00,4.859812e+00,5.945421e+00
6.914731e+00,6.742881e+00,6.492240e+00,6.408529e+00,5.762051e+00,6.298949e+00,6.240276e+00,6.070738e+00,5.988961e+00,6.006353e+00,5.774552e+00,6.390241e+00,6.909753e+00,7.094235e+00,5.805135e+00,6.298949e+00,6.270988e+00,4.859812e+00,6.093570e+00
6.914731e+00,6.742881e+00,6.475433e+00,6.380123e+00,5.828946e+00,6.309918e+00,6.240276e+00,6.070738e+00,5.786897e+00,5.945421e+00,5.774552e+00,6.432940e+00,6.910751e+00,6.855409e+00,5.971262e+00,6.274762e+00,6.270988e+00,4.653960e+00,6.093570e+00
6.914731e+00,6.742881e+00,6.475433e+00,6.369901e+00,5.834811e+00,6.317165e+00,6.133398e+00,6.184149e+00,5.758902e+00,6.212606e+00,5.774552e+00,6.144186e+00,6.900731e+00,6.813445e+00,5.991465e+00,6.210600e+00,6.270988e+00,5.393628e+00,6.093570e+00
6.926577e+00,6.742881e+00,6.475433e+00,6.369901e+00,5.817111e+00,6.327937e+00,6.133398e+00,6.184149e+00,5.758902e+00,6.208590e+00,5.774552e+00,6.150603e+00,6.899723e+00,6.800170e+00,5.991465e+00,6.175867e+00,6.270988e+00,5.552960e+00,6.077642e+00
6.939254e+00,6.742881e+00,6.475433e+00,6.369901e+00,5.817111e+00,6.327937e+00,6.131226e+00,6.186209e+00,5.616771e+00,6.340359e+00,5.774552e+00,6.146329e+00,6.852243e+00,6.791221e+00,5.247024e+00,6.133398e+00,6.261492e+00,5.894403e+00,6.077642e+00
7.034388e+00,6.742881e+00,6.475433e+00,6.369901e+00,5.777652e+00,6.350886e+00,6.061457e+00,6.248043e+00,5.616771e+00,6.483107e+00,5.774552e+00,5.921578e+00,6.501290e+00,6.660575e+00,5.247024e+00,5.899897e+00,6.261492e+00,6.082219e+00,6.077642e+00
7.130099e+00,6.742881e+00,6.320768e+00,6.517671e+00,5.710427e+00,6.386879e+00,6.061457e+00,6.248043e+00,5.613128e+00,6.525030e+00,5.774552e+00,5.883322e+00,6.308098e+00,6.613384e+00,5.579730e+00,5.897154e+00,6.037871e+00,6.082219e+00,6.077642e+00
7.130099e+00,6.741701e+00,6.148468e+00,6.641182e+00,5.710427e+00,6.270988e+00,6.171701e+00,6.276643e+00,5.429346e+00,6.525030e+00,5.774552e+00,5.874931e+00,6.291569e+00,6.561031e+00,5.537334e+00,5.834811e+00,6.037871e+00,6.082219e+00,5.986452e+00
7.130099e+00,6.741701e+00,6.148468e+00,6.641182e+00,5.710427e+00,6.182085e+00,6.249975e+00,6.287859e+00,5.384495e+00,6.760415e+00,5.752573e+00,5.874931e+00,6.378426e+00,6.542472e+00,5.786897e+00,5.541264e+00,6.037871e+00,6.082219e+00,5.986452e+00
7.130099e+00,6.741701e+00,6.148468e+00,6.587550e+00,5.834811e+00,5.910797e+00,6.385194e+00,6.359574e+00,5.384495e+00,6.802395e+00,6.202536e+00,5.811141e+00,6.311735e+00,6.542472e+00,5.786897e+00,5.017280e+00,5.676754e+00,6.082219e+00,5.955837e+00
7.037906e+00,6.863803e+00,6.148468e+00,6.529419e+00,5.948035e+00,5.463832e+00,6.587550e+00,6.359574e+00,5.375278e+00,6.902743e+00,6.434547e+00,5.811141e+00,6.263398e+00,6.693324e+00,5.950643e+00,5.010635e+00,5.662960e+00,6.082219e+00,5.955837e+00
7.056175e+00,6.863803e+00,6.148468e+00,6.529419e+00,5.948035e+00,5.379897e+00,6.613384e+00,6.359574e+00,5.375278e+00,6.831954e+00,6.434547e+00,5.894403e+00,6.126869e+00,6.874198e+00,5.950643e+00,5.010635e+00,5.468060e+00,6.082219e+00,5.955837e+00
6.996681e+00,6.931472e+00,6.148468e+00,6.495266e+00,6.006353e+00,5.375278e+00,6.614726e+00,6.359574e+00,5.375278e+00,6.917706e+00,6.410175e+00,5.916202e+00,6.120297e+00,7.023759e+00,5.950643e+00,5.010635e+00,5.327876e+00,6.326149e+00,5.955837e+00
6.996681e+00,6.931472e+00,5.837730e+00,6.583409e+00,6.152733e+00,5.375278e+00,6.614726e+00,6.257668e+00,5.605802e+00,6.889591e+00,6.104793e+00,6.049733e+00,6.120297e+00,7.023759e+00,5.921578e+00,5.429346e+00,5.327876e+00,6.406880e+00,5.955837e+00
6.996681e+00,6.931472e+00,5.826000e+00,6.580639e+00,6.165418e+00,5.375278e+00,6.501290e+00,6.244167e+00,5.874931e+00,6.889591e+00,6.104793e+00,6.056784e+00,6.120297e+00,7.023759e+00,5.921578e+00,5.552960e+00,5.327876e+00,6.408529e+00,5.968708e+00
6.995766e+00,6.934397e+00,5.823046e+00,6.582025e+00,6.165418e+00,5.231109e+00,6.405228e+00,6.240276e+00,6.086775e+00,6.890609e+00,6.104793e+00,6.139885e+00,6.084499e+00,6.880384e+00,5.921578e+00,5.505332e+00,5.332719e+00,6.342121e+00,6.156979e+00
6.950815e+00,6.981006e+00,5.777652e+00,6.602588e+00,6.131226e+00,5.247024e+00,6.411818e+00,6.226537e+00,5.840642e+00,6.929517e+00,6.095825e+00,6.295266e+00,6.084499e+00,6.846943e+00,5.921578e+00,5.786897e+00,5.247024e+00,6.432940e+00,6.289716e+00
6.991177e+00,6.996681e+00,5.777652e+00,6.598509e+00,6.137727e+00,4.859812e+00,6.265301e+00,6.476972e+00,5.840642e+00,7.000334e+00,6.091310e+00,6.298949e+00,6.084499e+00,6.828712e+00,6.006353e+00,5.786897e+00,5.181784e+00,6.432940e+00,6.289716e+00
6.991177e+00,6.994850e+00,5.783825e+00,6.597146e+00,6.120297e+00,4.663439e+00,6.324359e+00,6.476972e+00,5.840642e+00,7.013915e+00,5.910797e+00,6.496775e+00,6.084499e+00,6.709304e+00,6.593045e+00,5.786897e+00,5.463832e+00,6.492240e+00,6.120297e+00
6.949856e+00,7.033506e+00,5.786897e+00,6.436150e+00,6.335054e+00,4.663439e+00,6.324359e+00,6.453625e+00,5.846439e+00,7.024649e+00,5.849325e+00,6.862758e+00,6.084499e+00,6.651572e+00,6.594413e+00,5.786897e+00,5.572154e+00,6.637258e+00,6.086775e+00
6.806829e+00,7.149132e+00,5.786897e+00,6.333280e+00,6.342121e+00,5.087596e+00,6.318968e+00,6.410175e+00,5.899897e+00,7.107425e+00,5.874931e+00,6.874198e+00,6.084499e+00,6.625392e+00,6.594413e+00,5.786897e+00,5.993961e+00,6.689599e+00,6.084499e+00
6.152733e+00,7.412764e+00,5.929589e+00,6.333280e+00,6.300786e+00,5.214936e+00,6.318968e+00,6.331502e+00,5.996452e+00,7.130099e+00,6.226537e+00,7.095064e+00,6.084499e+00,6.429719e+00,6.594413e+00,5.572154e+00,6.030685e+00,6.740519e+00,6.161207e+00
6.150603e+00,7.283448e+00,5.811141e+00,6.679599e+00,6.311735e+00,5.241747e+00,6.318968e+00,6.300786e+00,6.037871e+00,7.153052e+00,6.159095e+00,7.086738e+00,6.118097e+00,6.429719e+00,6.594413e+00,5.572154e+00,6.159095e+00,6.802395e+00,6.161207e+00
6.150603e+00,7.242798e+00,5.971262e+00,6.679599e+00,6.214608e+00,5.424950e+00,6.342121e+00,6.300786e+00,6.037871e+00,7.153052e+00,6.159095e+00,7.051856e+00,6.150603e+00,6.429719e+00,6.594413e+00,5.572154e+00,6.030685e+00,6.804615e+00,6.161207e+00
6.150603e+00,7.195937e+00,6.122493e+00,6.679599e+00,6.163315e+00,5.529429e+00,6.342121e+00,6.300786e+00,5.978886e+00,7.153052e+00,6.159095e+00,7.037028e+00,6.150603e+00,6.519147e+00,6.594413e+00,5.463832e+00,6.486161e+00,6.804615e+00,6.161207e+00
6.150603e+00,7.158514e+00,6.224558e+00,6.679599e+00,6.163315e+00,5.529429e+00,6.340359e+00,6.272877e+00,6.018593e+00,7.153052e+00,6.159095e+00,6.980076e+00,6.142037e+00,6.675823e+00,6.594413e+00,5.929589e+00,6.369901e+00,6.804615e+00,6.163315e+00
6.148468e+00,7.159292e+00,6.224558e+00,6.679599e+00,6.163315e+00,5.529429e+00,6.340359e+00,6.269096e+00,6.018593e+00,7.147559e+00,6.159095e+00,6.961296e+00,6.267201e+00,6.677083e+00,6.572283e+00,6.186209e+00,6.368187e+00,6.804615e+00,6.364751e+00
6.148468e+00,7.132498e+00,6.200509e+00,6.648985e+00,6.300786e+00,5.529429e+00,6.336826e+00,6.272877e+00,6.018593e+00,7.132498e+00,6.159095e+00,6.949856e+00,6.343880e+00,6.683361e+00,6.553933e+00,6.196444e+00,6.368187e+00,6.804615e+00,6.364751e+00
6.013715e+00,7.167809e+00,6.228511e+00,6.618739e+00,6.342121e+00,5.529429e+00,6.306275e+00,6.263398e+00,6.070738e+00,7.132498e+00,6.159095e+00,6.949856e+00,6.282267e+00,6.683361e+00,6.498282e+00,6.280396e+00,6.368187e+00,6.804615e+00,6.486161e+00
6.013715e+00,6.951772e+00,6.632002e+00,6.606650e+00,6.326149e+00,5.572154e+00,6.315358e+00,6.214608e+00,6.089045e+00,7.132498e+00,6.177944e+00,6.931472e+00,6.472346e+00,6.894670e+00,6.492240e+00,6.280396e+00,6.368187e+00,6.768493e+00,6.486161e+00
5.869297e+00,6.961296e+00,6.648985e+00,6.630683e+00,6.336826e+00,5.579730e+00,6.297109e+00,6.246107e+00,6.059123e+00,7.113956e+00,6.444131e+00,6.931472e+00,6.251904e+00,6.889591e+00,6.469250e+00,6.393591e+00,6.373320e+00,6.756932e+00,6.429719e+00
5.786897e+00,6.914731e+00,6.742881e+00,6.492240e+00,6.408529e+00,5.762051e+00,6.298949e+00,6.240276e+00,6.070738e+00,7.113956e+00,6.444131e+00,6.929517e+00,6.300786e+00,6.859615e+00,6.453625e+00,6.401917e+00,6.373320e+00,6.756932e+00,6.606650e+00
5.789960e+00,6.914731e+00,6.742881e+00,6.475433e+00,6.380123e+00,5.828946e+00,6.309918e+00,6.240276e+00,6.070738e+00,7.113956e+00,6.444131e+00,6.896694e+00,6.352629e+00,6.859615e+00,6.354370e+00,6.439350e+00,6.373320e+00,6.756932e+00,6.609349e+00
6.489205e+00,6.914731e+00,6.742881e+00,6.475433e+00,6.369901e+00,5.834811e+00,6.317165e+00,6.133398e+00,6.184149e+00,7.117206e+00,6.489205e+00,7.026427e+00,6.342121e+00,6.859615e+00,6.340359e+00,6.483107e+00,6.373320e+00,6.603944e+00,6.659294e+00
6.632002e+00,6.926577e+00,6.742881e+00,6.475433e+00,6.369901e+00,5.817111e+00,6.327937e+00,6.133398e+00,6.184149e+00,7.122060e+00,6.489205e+00,7.023759e+00,6.354370e+00,6.859615e+00,6.340359e+00,6.484635e+00,6.373320e+00,6.551080e+00,6.701960e+00
6.654153e+00,6.939254e+00,6.742881e+00,6.475433e+00,6.369901e+00,5.817111e+00,6.327937e+00,6.131226e+00,6.186209e+00,7.062192e+00,6.489205e+00,7.023759e+00,6.357842e+00,6.870053e+00,6.340359e+00,6.922644e+00,6.478510e+00,6.519147e+00,6.709304e+00
6.511745e+00,7.034388e+00,6.742881e+00,6.475433e+00,6.369901e+00,5.777652e+00,6.350886e+00,6.061457e+00,6.248043e+00,6.985642e+00,6.489205e+00,7.023759e+00,6.563856e+00,6.870053e+00,6.340359e+00,6.948897e+00,6.520621e+00,6.419995e+00,6.760415e+00
6.327937e+00,7.130099e+00,6.742881e+00,6.320768e+00,6.517671e+00,5.710427e+00,6.386879e+00,6.061457e+00,6.248043e+00,6.959399e+00,6.489205e+00,7.023759e+00,6.566672e+00,6.870053e+00,6.198479e+00,7.037028e+00,6.520621e+00,6.436150e+00,6.760415e+00
6.413459e+00,7.130099e+00,6.741701e+00,6.148468e+00,6.641182e+00,5.710427e+00,6.270988e+00,6.171701e+00,6.276643e+00,6.962243e+00,6.489205e+00,7.023759e+00,6.677083e+00,6.873164e+00,6.340359e+00,7.046647e+00,6.520621e+00,6.436150e+00,6.762730e+00
6.480045e+00,7.130099e+00,6.741701e+00,6.148468e+00,6.641182e+00,5.710427e+00,6.182085e+00,6.249975e+00,6.287859e+00,6.774224e+00,6.489205e+00,7.023759e+00,6.661855e+00,7.047517e+00,6.204558e+00,7.059618e+00,6.520621e+00,6.436150e+00,6.859615e+00
6.480045e+00,7.130099e+00,6.741701e+00,6.148468e+00,6.587550e+00,5.834811e+00,5.910797e+00,6.385194e+00,6.359574e+00,6.728629e+00,6.171701e+00,7.023759e+00,6.656727e+00,7.057898e+00,6.302619e+00,7.059618e+00,6.519147e+00,6.436150e+00,6.861711e+00
6.480045e+00,7.037906e+00,6.863803e+00,6.148468e+00,6.529419e+00,5.948035e+00,5.463832e+00,6.587550e+00,6.359574e+00,6.463029e+00,5.857933e+00,7.023759e+00,6.613384e+00,6.956545e+00,6.190315e+00,7.059618e+00,6.487684e+00,6.436150e+00,6.862758e+00
6.447306e+00,7.056175e+00,6.863803e+00,6.148468e+00,6.529419e+00,5.948035e+00,5.379897e+00,6.613384e+00,6.359574e+00,6.463029e+00,5.857933e+00,6.997596e+00,6.927558e+00,6.821107e+00,6.192362e+00,7.059618e+00,6.487684e+00,6.436150e+00,6.862758e+00
6.447306e+00,6.996681e+00,6.931472e+00,6.148468e+00,6.495266e+00,6.006353e+00,5.375278e+00,6.614726e+00,6.359574e+00,6.289716e+00,5.857933e+00,6.990257e+00,6.929517e+00,6.684612e+00,6.276643e+00,7.059618e+00,6.487684e+00,6.343880e+00,6.862758e+00
6.447306e+00,6.996681e+00,6.931472e+00,5.837730e+00,6.583409e+00,6.152733e+00,5.375278e+00,6.614726e+00,6.257668e+00,6.249975e+00,5.857933e+00,6.940222e+00,6.931472e+00,6.684612e+00,6.361302e+00,6.990257e+00,6.487684e+00,6.265301e+00,6.862758e+00
6.447306e+00,6.996681e+00,6.931472e+00,5.826000e+00,6.580639e+00,6.165418e+00,5.375278e+00,6.501290e+00,6.244167e+00,6.285998e+00,5.945421e+00,7.042286e+00,6.931472e+00,6.687109e+00,6.431331e+00,6.962243e+00,6.487684e+00,6.263398e+00,6.771936e+00
6.444131e+00,6.995766e+00,6.934397e+00,5.823046e+00,6.582025e+00,6.165418e+00,5.231109e+00,6.405228e+00,6.240276e+00,6.483107e+00,5.961005e+00,7.013915e+00,6.931472e+00,6.687109e+00,6.472346e+00,6.961296e+00,6.486161e+00,6.255750e+00,6.674561e+00
6.442540e+00,6.950815e+00,6.981006e+00,5.777652e+00,6.602588e+00,6.131226e+00,5.247024e+00,6.411818e+00,6.226537e+00,6.429719e+00,5.961005e+00,6.936343e+00,6.931472e+00,6.690842e+00,6.473891e+00,6.882437e+00,6.486161e+00,6.144186e+00,6.685861e+00
6.354370e+00,6.991177e+00,6.996681e+00,5.777652e+00,6.598509e+00,6.137727e+00,4.859812e+00,6.265301e+00,6.476972e+00,6.331502e+00,5.961005e+00,6.966024e+00,6.931472e+00,6.690842e+00,6.445720e+00,6.882437e+00,6.486161e+00,6.144186e+00,6.687109e+00
6.354370e+00,6.991177e+00,6.994850e+00,5.783825e+00,6.597146e+00,6.120297e+00,4.663439e+00,6.324359e+00,6.476972e+00,6.289716e+00,5.961005e+00,6.932448e+00,7.023759e+00,6.583409e+00,5.908083e+00,6.898715e+00,6.393591e+00,6.059123e+00,6.688355e+00
6.373320e+00,6.949856e+00,7.033506e+00,5.786897e+00,6.436150e+00,6.335054e+00,4.663439e+00,6.324359e+00,6.453625e+00,6.308098e+00,5.966147e+00,6.609349e+00,7.023759e+00,6.569481e+00,5.940171e+00,6.951772e+00,6.345636e+00,6.182085e+00,6.793466e+00
6.390241e+00,6.806829e+00,7.149132e+00,5.786897e+00,6.333280e+00,6.342121e+00,5.087596e+00,6.318968e+00,6.410175e+00,6.115892e+00,5.991465e+00,6.594413e+00,7.023759e+00,6.813445e+00,6.018593e+00,7.009409e+00,6.068426e+00,6.093570e+00,6.785588e+00
6.418365e+00,6.152733e+00,7.412764e+00,5.929589e+00,6.333280e+00,6.300786e+00,5.214936e+00,6.318968e+00,6.331502e+00,6.056784e+00,5.521461e+00,6.198479e+00,7.054450e+00,6.815640e+00,6.317165e+00,7.011214e+00,6.033086e+00,5.978886e+00,6.745236e+00
6.480045e+00,6.150603e+00,7.283448e+00,5.811141e+00,6.679599e+00,6.311735e+00,5.241747e+00,6.318968e+00,6.300786e+00,6.122493e+00,5.497168e+00,6.198479e+00,7.041412e+00,6.995766e+00,6.533789e+00,7.038784e+00,5.849325e+00,5.831882e+00,6.745236e+00
6.715383e+00,6.150603e+00,7.242798e+00,5.971262e+00,6.679599e+00,6.214608e+00,5.424950e+00,6.342121e+00,6.300786e+00,6.122493e+00,5.652489e+00,6.198479e+00,7.092574e+00,7.004882e+00,6.558198e+00,7.038784e+00,5.846439e+00,6.685861e+00,6.804615e+00
6.735780e+00,6.150603e+00,7.195937e+00,6.122493e+00,6.679599e+00,6.163315e+00,5.529429e+00,6.342121e+00,6.300786e+00,6.122493e+00,5.910797e+00,6.198479e+00,7.224025e+00,6.967909e+00,6.700731e+00,7.090077e+00,4.564348e+00,6.685861e+00,6.805723e+00
6.735780e+00,6.150603e+00,7.158514e+00,6.224558e+00,6.679599e+00,6.163315e+00,5.529429e+00,6.340359e+00,6.272877e+00,6.122493e+00,5.988961e+00,6.200509e+00,7.257708e+00,6.853299e+00,6.731018e+00,6.947937e+00,4.564348e+00,6.685861e+00,7.031741e+00
6.735780e+00,6.148468e+00,7.159292e+00,6.224558e+00,6.679599e+00,6.163315e+00,5.529429e+00,6.340359e+00,6.269096e+00,6.122493e+00,5.988961e+00,6.161207e+00,7.177019e+00,6.852243e+00,6.800170e+00,6.835185e+00,4.564348e+00,6.712956e+00,6.948897e+00
6.735780e+00,6.148468e+00,7.132498e+00,6.200509e+00,6.648985e+00,6.300786e+00,5.529429e+00,6.336826e+00,6.272877e+00,6.232448e+00,6.016157e+00,6.218600e+00,7.123673e+00,6.900731e+00,6.801283e+00,6.828712e+00,4.564348e+00,6.731018e+00,6.983790e+00
6.735780e+00,6.013715e+00,7.167809e+00,6.228511e+00,6.618739e+00,6.342121e+00,5.529429e+00,6.306275e+00,6.263398e+00,6.238325e+00,6.175867e+00,6.244167e+00,7.148346e+00,6.900731e+00,6.801283e+00,6.875232e+00,4.564348e+00,6.731018e+00,6.913737e+00
6.735780e+00,6.013715e+00,6.951772e+00,6.632002e+00,6.606650e+00,6.326149e+00,5.572154e+00,6.315358e+00,6.214608e+00,6.249975e+00,6.440947e+00,6.244167e+00,7.015712e+00,6.690842e+00,6.801283e+00,6.875232e+00,5.620401e+00,6.731018e+00,6.915723e+00
6.735780e+00,5.869297e+00,6.961296e+00,6.648985e+00,6.630683e+00,6.336826e+00,5.579730e+00,6.297109e+00,6.246107e+00,6.285998e+00,6.248043e+00,6.244167e+00,6.999422e+00,6.886532e+00,6.838405e+00,6.822197e+00,5.872118e+00,6.731018e+00,6.853299e+00
6.736967e+00,5.786897e+00,6.914731e+00,6.742881e+00,6.492240e+00,6.408529e+00,5.762051e+00,6.298949e+00,6.240276e+00,6.311735e+00,6.248043e+00,6.244167e+00,6.974479e+00,7.012115e+00,6.852243e+00,6.816736e+00,5.918894e+00,6.731018e+00,6.641182e+00
6.735780e+00,5.789960e+00,6.914731e+00,6.742881e+00,6.475433e+00,6.380123e+00,5.828946e+00,6.309918e+00,6.240276e+00,6.311735e+00,6.249975e+00,6.242223e+00,6.946014e+00,7.103322e+00,6.854355e+00,6.864848e+00,6.093570e+00,6.731018e+00,6.638568e+00
6.236370e+00,6.489205e+00,6.914731e+00,6.742881e+00,6.475433e+00,6.369901e+00,5.834811e+00,6.317165e+00,6.133398e+00,6.040255e+00,6.196444e+00,5.765191e+00,6.941190e+00,7.107425e+00,6.858565e+00,6.883463e+00,6.324359e+00,6.731018e+00,6.587550e+00
5.986452e+00,6.632002e+00,6.926577e+00,6.742881e+00,6.475433e+00,6.369901e+00,5.817111e+00,6.327937e+00,6.133398e+00,6.025866e+00,6.196444e+00,5.820083e+00,6.934397e+00,7.107425e+00,6.858565e+00,6.888572e+00,6.470800e+00,6.731018e+00,6.539586e+00
5.908083e+00,6.654153e+00,6.939254e+00,6.742881e+00,6.475433e+00,6.369901e+00,5.817111e+00,6.327937e+00,6.131226e+00,6.052089e+00,6.196444e+00,5.828946e+00,6.932448e+00,7.099202e+00,6.858565e+00,6.431331e+00,6.398595e+00,6.626718e+00,6.529419e+00
5.908083e+00,6.511745e+00,7.034388e+00,6.742881e+00,6.475433e+00,6.369901e+00,5.777652e+00,6.350886e+00,6.061457e+00,6.122493e+00,6.196444e+00,5.828946e+00,6.803505e+00,7.099202e+00,6.858565e+00,6.499787e+00,6.391917e+00,6.612041e+00,6.464588e+00
5.905362e+00,6.327937e+00,7.130099e+00,6.742881e+00,6.320768e+00,6.517671e+00,5.710427e+00,6.386879e+00,6.061457e+00,6.169611e+00,6.196444e+00,5.913503e+00,6.806829e+00,7.138073e+00,6.858565e+00,6.350886e+00,6.527958e+00,6.610696e+00,6.464588e+00
5.758902e+00,6.413459e+00,7.130099e+00,6.741701e+00,6.148468e+00,6.641182e+00,5.710427e+00,6.270988e+00,6.171701e+00,6.313548e+00,6.196444e+00,6.206576e+00,6.710523e+00,7.141245e+00,6.771936e+00,6.331502e+00,6.535241e+00,6.637258e+00,6.461468e+00
5.616771e+00,6.480045e+00,7.130099e+00,6.741701e+00,6.148468e+00,6.641182e+00,5.710427e+00,6.182085e+00,6.249975e+00,6.436150e+00,6.196444e+00,6.309918e+00,6.664409e+00,6.983790e+00,6.771936e+00,6.359574e+00,6.535241e+00,6.693324e+00,6.313548e+00
5.634790e+00,6.480045e+00,7.130099e+00,6.741701e+00,6.148468e+00,6.587550e+00,5.834811e+00,5.910797e+00,6.385194e+00,6.469250e+00,6.196444e+00,6.364751e+00,6.708084e+00,7.056175e+00,6.711740e+00,6.386879e+00,6.535241e+00,6.697034e+00,6.343880e+00
5.777652e+00,6.480045e+00,7.037906e+00,6.863803e+00,6.148468e+00,6.529419e+00,5.948035e+00,5.463832e+00,6.587550e+00,6.426488e+00,6.196444e+00,6.364751e+00,6.708084e+00,7.068172e+00,6.711740e+00,6.386879e+00,6.535241e+00,6.726233e+00,6.342121e+00
5.948035e+00,6.447306e+00,7.056175e+00,6.863803e+00,6.148468e+00,6.529419e+00,5.948035e+00,5.379897e+00,6.613384e+00,6.629363e+00,6.196444e+00,6.390241e+00,6.293419e+00,7.044905e+00,6.726233e+00,6.386879e+00,6.535241e+00,6.830874e+00,6.342121e+00
6.049733e+00,6.447306e+00,6.996681e+00,6.931472e+00,6.148468e+00,6.495266e+00,6.006353e+00,5.375278e+00,6.614726e+00,6.614726e+00,6.196444e+00,6.555357e+00,6.315358e+00,7.010312e+00,6.673298e+00,6.388561e+00,6.535241e+00,6.784457e+00,6.342121e+00
6.167516e+00,6.447306e+00,6.996681e+00,6.931472e+00,5.837730e+00,6.583409e+00,6.152733e+00,5.375278e+00,6.614726e+00,6.610696e+00,6.196444e+00,6.856462e+00,6.313548e+00,7.010312e+00,6.720220e+00,6.478510e+00,6.535241e+00,6.779922e+00,6.342121e+00
6.175867e+00,6.447306e+00,6.996681e+00,6.931472e+00,5.826000e+00,6.580639e+00,6.165418e+00,5.375278e+00,6.501290e+00,6.584791e+00,6.129050e+00,6.769642e+00,6.393591e+00,7.036148e+00,6.679599e+00,6.771936e+00,6.535241e+00,6.779922e+00,6.342121e+00
6.175867e+00,6.444131e+00,6.995766e+00,6.934397e+00,5.823046e+00,6.582025e+00,6.165418e+00,5.231109e+00,6.405228e+00,6.466145e+00,6.115892e+00,6.807935e+00,6.423247e+00,7.036148e+00,6.841615e+00,7.079184e+00,6.535241e+00,6.773080e+00,6.342121e+00
6.180017e+00,6.442540e+00,6.950815e+00,6.981006e+00,5.777652e+00,6.602588e+00,6.131226e+00,5.247024e+00,6.411818e+00,6.458338e+00,6.115892e+00,7.136483e+00,6.423247e+00,7.044905e+00,6.850126e+00,7.210080e+00,6.535241e+00,6.773080e+00,6.202536e+00
6.165418e+00,6.354370e+00,6.991177e+00,6.996681e+00,5.777652e+00,6.598509e+00,6.137727e+00,4.859812e+00,6.265301e+00,6.393591e+00,6.115892e+00,7.244228e+00,6.423247e+00,7.044905e+00,6.834109e+00,7.256297e+00,6.535241e+00,6.775366e+00,6.200509e+00
6.165418e+00,6.354370e+00,6.991177e+00,6.994850e+00,5.783825e+00,6.597146e+00,6.120297e+00,4.663439e+00,6.324359e+00,6.572283e+00,6.115892e+00,7.259116e+00,6.270988e+00,7.032624e+00,6.765039e+00,7.275865e+00,6.535241e+00,6.784457e+00,6.214608e+00
6.142037e+00,6.373320e+00,6.949856e+00,7.033506e+00,5.786897e+00,6.436150e+00,6.335054e+00,4.663439e+00,6.324359e+00,6.569481e+00,6.159095e+00,7.252054e+00,6.272877e+00,7.037028e+00,6.749931e+00,7.475906e+00,6.535241e+00,6.612041e+00,6.025866e+00
6.120297e+00,6.390241e+00,6.806829e+00,7.149132e+00,5.786897e+00,6.333280e+00,6.342121e+00,5.087596e+00,6.318968e+00,6.624065e+00,6.154858e+00,7.252762e+00,6.272877e+00,6.846943e+00,6.712956e+00,7.492760e+00,6.535241e+00,6.704414e+00,6.124683e+00
6.082219e+00,6.418365e+00,6.152733e+00,7.412764e+00,5.929589e+00,6.333280e+00,6.300786e+00,5.214936e+00,6.318968e+00,6.624065e+00,6.248043e+00,7.253470e+00,6.204558e+00,7.001246e+00,6.617403e+00,7.524561e+00,6.535241e+00,6.704414e+00,6.124683e+00
6.200509e+00,6.480045e+00,6.150603e+00,7.283448e+00,5.811141e+00,6.679599e+00,6.311735e+00,5.241747e+00,6.318968e+00,6.543912e+00,6.555357e+00,7.255591e+00,6.251904e+00,6.858565e+00,6.426488e+00,7.616284e+00,6.535241e+00,6.722630e+00,6.124683e+00
5.823046e+00,6.715383e+00,6.150603e+00,7.242798e+00,5.971262e+00,6.679599e+00,6.214608e+00,5.424950e+00,6.342121e+00,6.569481e+00,6.508769e+00,7.289611e+00,6.095825e+00,6.985642e+00,6.418365e+00,7.663877e+00,6.535241e+00,5.986452e+00,6.150603e+00
5.996452e+00,6.735780e+00,6.150603e+00,7.195937e+00,6.122493e+00,6.679599e+00,6.163315e+00,5.529429e+00,6.342121e+00,6.641182e+00,6.472346e+00,7.409136e+00,5.616771e+00,6.978214e+00,6.579251e+00,7.643962e+00,6.535241e+00,5.996452e+00,6.148468e+00
6.154858e+00,6.735780e+00,6.150603e+00,7.158514e+00,6.224558e+00,6.679599e+00,6.163315e+00,5.529429e+00,6.340359e+00,6.732211e+00,6.461468e+00,7.439559e+00,5.429346e+00,7.028201e+00,6.545350e+00,7.643004e+00,6.535241e+00,5.998937e+00,5.690359e+00
6.257668e+00,6.735780e+00,6.148468e+00,7.159292e+00,6.224558e+00,6.679599e+00,6.163315e+00,5.529429e+00,6.340359e+00,6.742881e+00,6.461468e+00,7.450080e+00,5.424950e+00,7.033506e+00,6.455199e+00,7.644441e+00,6.576470e+00,6.218600e+00,5.634790e+00
6.304449e+00,6.735780e+00,6.148468e+00,7.132498e+00,6.200509e+00,6.648985e+00,6.300786e+00,5.529429e+00,6.336826e+00,6.678342e+00,6.444131e+00,7.418181e+00,5.416100e+00,7.094235e+00,6.496775e+00,7.644441e+00,6.711740e+00,6.343880e+00,5.493061e+00
6.304449e+00,6.735780e+00,6.013715e+00,7.167809e+00,6.228511e+00,6.618739e+00,6.342121e+00,5.529429e+00,6.306275e+00,6.726233e+00,6.324359e+00,7.447751e+00,5.509388e+00,7.163947e+00,6.502790e+00,7.604894e+00,6.935370e+00,6.456770e+00,5.484797e+00
6.313548e+00,6.735780e+00,6.013715e+00,6.951772e+00,6.632002e+00,6.606650e+00,6.326149e+00,5.572154e+00,6.315358e+00,6.719013e+00,5.998937e+00,7.461066e+00,5.874931e+00,7.237778e+00,6.502790e+00,7.604894e+00,6.744059e+00,6.508769e+00,5.476464e+00
6.313548e+00,6.735780e+00,5.869297e+00,6.961296e+00,6.648985e+00,6.630683e+00,6.336826e+00,5.579730e+00,6.297109e+00,6.697034e+00,5.902633e+00,7.526718e+00,6.218600e+00,7.147559e+00,6.455199e+00,7.619724e+00,6.658011e+00,6.559615e+00,5.525453e+00
6.329721e+00,6.736967e+00,5.786897e+00,6.914731e+00,6.742881e+00,6.492240e+00,6.408529e+00,5.762051e+00,6.298949e+00,6.735780e+00,5.902633e+00,7.542213e+00,6.224558e+00,7.057037e+00,6.487684e+00,7.634821e+00,6.801283e+00,6.559615e+00,5.525453e+00
6.329721e+00,6.735780e+00,5.789960e+00,6.914731e+00,6.742881e+00,6.475433e+00,6.380123e+00,5.828946e+00,6.309918e+00,6.747587e+00,5.899897e+00,7.636752e+00,6.224558e+00,6.961296e+00,6.517671e+00,7.609367e+00,6.738152e+00,6.569481e+00,5.525453e+00
6.333280e+00,6.236370e+00,6.489205e+00,6.914731e+00,6.742881e+00,6.475433e+00,6.369901e+00,5.834811e+00,6.317165e+00,6.747587e+00,5.894403e+00,7.644441e+00,6.222576e+00,6.956545e+00,6.538140e+00,7.586296e+00,6.620073e+00,6.874198e+00,5.525453e+00
6.350886e+00,5.986452e+00,6.632002e+00,6.926577e+00,6.742881e+00,6.475433e+00,6.369901e+00,5.817111e+00,6.327937e+00,6.749931e+00,5.942799e+00,7.636270e+00,6.267201e+00,7.085901e+00,6.538140e+00,7.583248e+00,6.599870e+00,6.978214e+00,5.525453e+00
6.350886e+00,5.908083e+00,6.654153e+00,6.939254e+00,6.742881e+00,6.475433e+00,6.369901e+00,5.817111e+00,6.327937e+00,6.736967e+00,5.942799e+00,7.654917e+00,6.267201e+00,7.128496e+00,6.538140e+00,7.583756e+00,6.575076e+00,7.024649e+00,5.525453e+00
6.350886e+00,5.908083e+00,6.511745e+00,7.034388e+00,6.742881e+00,6.475433e+00,6.369901e+00,5.777652e+00,6.350886e+00,6.698268e+00,6.035481e+00,7.667626e+00,6.253829e+00,7.132498e+00,6.541030e+00,7.570443e+00,6.541030e+00,7.024649e+00,5.583496e+00
6.472346e+00,5.905362e+00,6.327937e+00,7.130099e+00,6.742881e+00,6.320768e+00,6.517671e+00,5.710427e+00,6.386879e+00,6.670766e+00,6.035481e+00,7.675082e+00,6.244167e+00,7.115582e+00,6.541030e+00,7.578657e+00,6.415097e+00,7.016610e+00,5.817111e+00
6.499787e+00,5.758902e+00,6.413459e+00,7.130099e+00,6.741701e+00,6.148468e+00,6.641182e+00,5.710427e+00,6.270988e+00,6.572283e+00,6.206576e+00,7.662468e+00,6.244167e+00,7.111512e+00,6.548219e+00,7.593878e+00,6.421622e+00,6.998510e+00,5.910797e+00
6.522093e+00,5.616771e+00,6.480045e+00,7.130099e+00,6.741701e+00,6.148468e+00,6.641182e+00,5.710427e+00,6.182085e+00,6.478510e+00,6.318968e+00,7.640123e+00,6.244167e+00,7.118826e+00,6.551080e+00,7.578145e+00,6.421622e+00,6.957497e+00,6.001415e+00
6.514713e+00,5.634790e+00,6.480045e+00,7.130099e+00,6.741701e+00,6.148468e+00,6.587550e+00,5.834811e+00,5.910797e+00,6.609349e+00,6.329721e+00,7.625107e+00,6.173786e+00,7.040536e+00,6.551080e+00,7.569928e+00,6.421622e+00,7.069874e+00,5.953243e+00
6.448889e+00,5.777652e+00,6.480045e+00,7.037906e+00,6.863803e+00,6.148468e+00,6.529419e+00,5.948035e+00,5.463832e+00,6.597146e+00,6.333280e+00,7.625107e+00,6.173786e+00,7.055313e+00,6.558198e+00,7.570443e+00,6.445720e+00,7.069874e+00,5.986452e+00
6.349139e+00,5.948035e+00,6.447306e+00,7.056175e+00,6.863803e+00,6.148468e+00,6.529419e+00,5.948035e+00,5.379897e+00,6.386879e+00,6.333280e+00,7.617760e+00,6.171701e+00,7.066467e+00,6.545350e+00,7.570443e+00,6.511745e+00,7.085064e+00,6.018593e+00
6.289716e+00,6.049733e+00,6.447306e+00,6.996681e+00,6.931472e+00,6.148468e+00,6.495266e+00,6.006353e+00,5.375278e+00,6.408529e+00,6.333280e+00,7.592870e+00,6.142037e+00,7.124478e+00,6.545350e+00,7.569928e+00,6.514713e+00,7.064759e+00,6.018593e+00
6.186209e+00,6.167516e+00,6.447306e+00,6.996681e+00,6.931472e+00,5.837730e+00,6.583409e+00,6.152733e+00,5.375278e+00,6.428105e+00,6.336826e+00,7.462789e+00,6.282267e+00,7.210818e+00,6.419995e+00,7.540622e+00,6.514713e+00,7.064759e+00,6.018593e+00
6.177944e+00,6.175867e+00,6.447306e+00,6.996681e+00,6.931472e+00,5.826000e+00,6.580639e+00,6.165418e+00,5.375278e+00,6.444131e+00,6.383507e+00,7.456455e+00,6.202536e+00,7.290975e+00,6.419995e+00,7.415175e+00,6.514713e+00,7.073270e+00,6.018593e+00
6.253829e+00,6.175867e+00,6.444131e+00,6.995766e+00,6.934397e+00,5.823046e+00,6.582025e+00,6.165418e+00,5.231109e+00,6.383507e+00,6.383507e+00,7.436617e+00,6.238325e+00,7.290975e+00,6.152733e+00,7.205635e+00,6.514713e+00,7.080026e+00,6.018593e+00
6.249975e+00,6.180017e+00,6.442540e+00,6.950815e+00,6.981006e+00,5.777652e+00,6.602588e+00,6.131226e+00,5.247024e+00,6.383507e+00,6.436150e+00,7.248504e+00,6.311735e+00,7.346010e+00,6.150603e+00,7.074117e+00,6.514713e+00,7.163172e+00,6.013715e+00
6.295266e+00,6.165418e+00,6.354370e+00,6.991177e+00,6.996681e+00,5.777652e+00,6.598509e+00,6.137727e+00,4.859812e+00,6.423247e+00,6.511745e+00,7.113142e+00,6.415097e+00,7.387709e+00,6.150603e+00,7.074963e+00,6.514713e+00,7.163172e+00,6.018593e+00
6.343880e+00,6.165418e+00,6.354370e+00,6.991177e+00,6.994850e+00,5.783825e+00,6.597146e+00,6.120297e+00,4.663439e+00,6.212606e+00,6.575076e+00,7.023759e+00,6.447306e+00,7.408531e+00,6.175867e+00,7.037906e+00,6.542472e+00,7.156956e+00,6.052089e+00
6.385194e+00,6.142037e+00,6.373320e+00,6.949856e+00,7.033506e+00,5.786897e+00,6.436150e+00,6.335054e+00,4.663439e+00,6.175867e+00,6.543912e+00,7.031741e+00,6.447306e+00,7.404279e+00,6.175867e+00,6.639876e+00,6.610696e+00,7.142037e+00,5.940171e+00
6.385194e+00,6.120297e+00,6.390241e+00,6.806829e+00,7.149132e+00,5.786897e+00,6.333280e+00,6.342121e+00,5.087596e+00,6.086775e+00,6.522093e+00,7.039660e+00,6.569481e+00,7.403670e+00,6.175867e+00,6.526495e+00,6.741701e+00,7.138073e+00,5.820083e+00
6.385194e+00,6.082219e+00,6.418365e+00,6.152733e+00,7.412764e+00,5.929589e+00,6.333280e+00,6.300786e+00,5.214936e+00,6.082219e+00,6.519147e+00,7.042286e+00,6.679599e+00,7.301822e+00,6.023448e+00,6.436150e+00,6.776507e+00,7.143618e+00,5.820083e+00
6.212606e+00,6.200509e+00,6.480045e+00,6.150603e+00,7.283448e+00,5.811141e+00,6.679599e+00,6.311735e+00,5.241747e+00,6.124683e+00,6.216606e+00,7.097549e+00,6.669498e+00,7.315218e+00,6.028279e+00,6.028279e+00,6.777647e+00,7.134094e+00,5.820083e+00
6.408529e+00,5.823046e+00,6.715383e+00,6.150603e+00,7.242798e+00,5.971262e+00,6.679599e+00,6.214608e+00,5.424950e+00,6.113682e+00,6.198479e+00,7.080026e+00,6.685861e+00,7.250636e+00,6.025866e+00,5.755742e+00,6.884487e+00,7.127694e+00,5.686975e+00
6.428105e+00,5.996452e+00,6.735780e+00,6.150603e+00,7.195937e+00,6.122493e+00,6.679599e+00,6.163315e+00,5.529429e+00,5.988961e+00,6.068426e+00,6.912743e+00,6.699500e+00,7.211557e+00,5.398163e+00,5.690359e+00,6.889591e+00,7.172425e+00,5.690359e+00
6.501290e+00,6.154858e+00,6.735780e+00,6.150603e+00,7.158514e+00,6.224558e+00,6.679599e+00,6.163315e+00,5.529429e+00,5.786897e+00,6.013715e+00,6.859615e+00,6.752270e+00,7.172425e+00,5.420535e+00,5.613128e+00,6.889591e+00,7.207119e+00,5.472271e+00
6.508769e+00,6.257668e+00,6.735780e+00,6.148468e+00,7.159292e+00,6.224558e+00,6.679599e+00,6.163315e+00,5.529429e+00,5.758902e+00,6.013715e+00,6.840547e+00,6.800170e+00,7.167809e+00,5.420535e+00,5.680173e+00,6.859615e+00,7.132498e+00,5.472271e+00
6.504288e+00,6.304449e+00,6.735780e+00,6.148468e+00,7.132498e+00,6.200509e+00,6.648985e+00,6.300786e+00,5.529429e+00,5.758902e+00,6.013715e+00,6.840547e+00,6.800170e+00,7.113142e+00,5.298317e+00,5.680173e+00,6.744059e+00,7.064759e+00,5.472271e+00
6.504288e+00,6.304449e+00,6.735780e+00,6.013715e+00,7.167809e+00,6.228511e+00,6.618739e+00,6.342121e+00,5.529429e+00,5.616771e+00,6.013715e+00,6.770789e+00,6.738152e+00,7.126087e+00,5.505332e+00,5.673323e+00,6.469250e+00,7.004882e+00,5.509388e+00
6.549651e+00,6.313548e+00,6.735780e+00,6.013715e+00,6.951772e+00,6.632002e+00,6.606650e+00,6.326149e+00,5.572154e+00,5.616771e+00,6.013715e+00,6.744059e+00,6.572283e+00,7.059618e+00,5.556828e+00,5.673323e+00,6.467699e+00,6.973543e+00,5.509388e+00
6.549651e+00,6.313548e+00,6.735780e+00,5.869297e+00,6.961296e+00,6.648985e+00,6.630683e+00,6.336826e+00,5.579730e+00,5.613128e+00,6.013715e+00,6.594413e+00,6.331502e+00,7.012115e+00,5.743003e+00,5.638355e+00,6.463029e+00,6.940222e+00,5.459586e+00
6.535241e+00,6.329721e+00,6.736967e+00,5.786897e+00,6.914731e+00,6.742881e+00,6.492240e+00,6.408529e+00,5.762051e+00,5.429346e+00,6.013715e+00,6.553933e+00,6.326149e+00,7.124478e+00,5.673323e+00,5.541264e+00,6.347389e+00,6.940222e+00,5.459586e+00
6.535241e+00,6.329721e+00,6.735780e+00,5.789960e+00,6.914731e+00,6.742881e+00,6.475433e+00,6.380123e+00,5.828946e+00,5.384495e+00,6.028279e+00,6.244167e+00,6.326149e+00,7.151485e+00,6.040255e+00,5.631212e+00,6.530878e+00,6.933423e+00,5.459586e+00
6.532334e+00,6.333280e+00,6.236370e+00,6.489205e+00,6.914731e+00,6.742881e+00,6.475433e+00,6.369901e+00,5.834811e+00,5.384495e+00,6.070738e+00,6.222576e+00,6.326149e+00,7.162397e+00,6.543912e+00,5.799093e+00,6.570883e+00,6.648985e+00,5.459586e+00
6.517671e+00,6.350886e+00,5.986452e+00,6.632002e+00,6.926577e+00,6.742881e+00,6.475433e+00,6.369901e+00,5.817111e+00,5.375278e+00,6.308098e+00,6.222576e+00,6.284134e+00,7.074117e+00,6.704414e+00,5.837730e+00,6.464588e+00,6.577861e+00,5.459586e+00
6.517671e+00,6.350886e+00,5.908083e+00,6.654153e+00,6.939254e+00,6.742881e+00,6.475433e+00,6.369901e+00,5.817111e+00,5.375278e+00,6.473891e+00,6.150603e+00,6.284134e+00,7.131699e+00,6.741701e+00,5.872118e+00,6.467699e+00,6.504288e+00,5.459586e+00
6.535241e+00,6.350886e+00,5.908083e+00,6.511745e+00,7.034388e+00,6.742881e+00,6.475433e+00,6.369901e+00,5.777652e+00,5.375278e+00,6.416732e+00,6.171701e+00,6.282267e+00,7.141245e+00,6.745236e+00,5.739793e+00,6.467699e+00,6.504288e+00,5.393628e+00
6.522093e+00,6.472346e+00,5.905362e+00,6.327937e+00,7.130099e+00,6.742881e+00,6.320768e+00,6.517671e+00,5.710427e+00,5.605802e+00,6.416732e+00,6.079933e+00,6.282267e+00,7.130099e+00,6.745236e+00,5.686975e+00,6.459904e+00,6.504288e+00,5.010635e+00
6.502790e+00,6.499787e+00,5.758902e+00,6.413459e+00,7.130099e+00,6.741701e+00,6.148468e+00,6.641182e+00,5.710427e+00,5.874931e+00,6.280396e+00,5.823046e+00,6.282267e+00,7.128496e+00,6.761573e+00,5.579730e+00,6.624065e+00,6.583409e+00,4.762174e+00
6.492240e+00,6.522093e+00,5.616771e+00,6.480045e+00,7.130099e+00,6.741701e+00,6.148468e+00,6.641182e+00,5.710427e+00,6.086775e+00,6.163315e+00,5.802118e+00,6.282267e+00,7.147559e+00,6.887553e+00,5.669881e+00,6.692084e+00,6.591674e+00,4.454347e+00
6.522093e+00,6.514713e+00,5.634790e+00,6.480045e+00,7.130099e+00,6.741701e+00,6.148468e+00,6.587550e+00,5.834811e+00,5.840642e+00,6.167516e+00,5.802118e+00,6.285998e+00,7.148346e+00,7.039660e+00,5.945421e+00,6.725034e+00,6.418365e+00,4.454347e+00
6.522093e+00,6.448889e+00,5.777652e+00,6.480045e+00,7.037906e+00,6.863803e+00,6.148468e+00,6.529419e+00,5.948035e+00,5.840642e+00,6.352629e+00,5.958425e+00,6.285998e+00,7.122867e+00,7.035269e+00,5.950643e+00,6.818924e+00,6.487684e+00,5.252273e+00
6.522093e+00,6.349139e+00,5.948035e+00,6.447306e+00,7.056175e+00,6.863803e+00,6.148468e+00,6.529419e+00,5.948035e+00,5.840642e+00,6.375025e+00,6.021023e+00,6.313548e+00,7.112327e+00,7.031741e+00,5.950643e+00,6.897705e+00,6.308098e+00,5.517453e+00
6.510258e+00,6.289716e+00,6.049733e+00,6.447306e+00,6.996681e+00,6.931472e+00,6.148468e+00,6.495266e+00,6.006353e+00,5.846439e+00,6.375025e+00,6.236370e+00,6.335054e+00,7.053586e+00,7.031741e+00,5.953243e+00,6.895683e+00,6.329721e+00,5.802118e+00
6.510258e+00,6.186209e+00,6.167516e+00,6.447306e+00,6.996681e+00,6.931472e+00,5.837730e+00,6.583409e+00,6.152733e+00,5.899897e+00,6.410175e+00,6.232448e+00,6.200509e+00,6.952729e+00,7.037906e+00,5.953243e+00,6.897705e+00,6.499787e+00,6.272877e+00
6.510258e+00,6.177944e+00,6.175867e+00,6.447306e+00,6.996681e+00,6.931472e+00,5.826000e+00,6.580639e+00,6.165418e+00,5.996452e+00,6.364751e+00,6.261492e+00,6.206576e+00,6.805723e+00,7.054450e+00,5.966147e+00,6.957497e+00,6.484635e+00,6.329721e+00
6.452049e+00,6.253829e+00,6.175867e+00,6.444131e+00,6.995766e+00,6.934397e+00,5.823046e+00,6.582025e+00,6.165418e+00,6.037871e+00,6.371612e+00,6.272877e+00,6.304449e+00,6.869014e+00,7.183112e+00,5.973810e+00,7.045777e+00,6.472346e+00,6.329721e+00
6.464588e+00,6.249975e+00,6.180017e+00,6.442540e+00,6.950815e+00,6.981006e+00,5.777652e+00,6.602588e+00,6.131226e+00,6.037871e+00,6.315358e+00,6.349139e+00,6.230481e+00,6.822197e+00,7.298445e+00,6.177944e+00,7.083388e+00,6.298949e+00,6.329721e+00
6.469250e+00,6.295266e+00,6.165418e+00,6.354370e+00,6.991177e+00,6.996681e+00,5.777652e+00,6.598509e+00,6.137727e+00,5.978886e+00,6.376727e+00,6.428105e+00,6.206576e+00,6.784457e+00,7.351800e+00,6.246107e+00,7.090077e+00,6.295266e+00,6.326149e+00
6.444131e+00,6.343880e+00,6.165418e+00,6.354370e+00,6.991177e+00,6.994850e+00,5.783825e+00,6.597146e+00,6.120297e+00,6.018593e+00,6.340359e+00,6.436150e+00,6.411818e+00,6.749931e+00,7.388328e+00,6.259581e+00,7.074963e+00,6.295266e+00,6.285998e+00
6.406880e+00,6.385194e+00,6.142037e+00,6.373320e+00,6.949856e+00,7.033506e+00,5.786897e+00,6.436150e+00,6.335054e+00,6.018593e+00,6.340359e+00,6.630683e+00,6.637258e+00,6.767343e+00,7.390181e+00,6.259581e+00,7.057898e+00,6.306275e+00,6.285998e+00
6.461468e+00,6.385194e+00,6.120297e+00,6.390241e+00,6.806829e+00,7.149132e+00,5.786897e+00,6.333280e+00,6.342121e+00,6.018593e+00,6.336826e+00,6.734592e+00,6.523562e+00,6.767343e+00,7.393263e+00,6.240276e+00,6.964136e+00,6.248043e+00,6.295266e+00
6.556778e+00,6.385194e+00,6.082219e+00,6.418365e+00,6.152733e+00,7.412764e+00,5.929589e+00,6.333280e+00,6.300786e+00,6.070738e+00,6.255750e+00,6.774224e+00,6.393591e+00,6.768493e+00,7.397562e+00,6.238325e+00,6.947937e+00,6.238325e+00,6.304449e+00
6.580639e+00,6.212606e+00,6.200509e+00,6.480045e+00,6.150603e+00,7.283448e+00,5.811141e+00,6.679599e+00,6.311735e+00,6.089045e+00,6.255750e+00,6.954639e+00,6.366470e+00,6.852243e+00,7.398174e+00,6.238325e+00,6.955593e+00,6.232448e+00,6.304449e+00
6.388561e+00,6.408529e+00,5.823046e+00,6.715383e+00,6.150603e+00,7.242798e+00,5.971262e+00,6.679599e+00,6.214608e+00,6.059123e+00,6.257668e+00,7.210818e+00,6.343880e+00,6.844815e+00,7.391415e+00,6.297109e+00,6.994850e+00,6.190315e+00,6.263398e+00
6.218600e+00,6.428105e+00,5.996452e+00,6.735780e+00,6.150603e+00,7.195937e+00,6.122493e+00,6.679599e+00,6.163315e+00,6.070738e+00,6.257668e+00,7.242798e+00,6.324359e+00,6.854355e+00,7.377759e+00,6.380123e+00,7.063048e+00,6.124683e+00,6.261492e+00
5.955837e+00,6.501290e+00,6.154858e+00,6.735780e+00,6.150603e+00,7.158514e+00,6.224558e+00,6.679599e+00,6.163315e+00,6.070738e+00,6.257668e+00,7.334329e+00,6.242223e+00,7.044905e+00,7.421178e+00,6.450470e+00,7.122867e+00,6.016157e+00,6.261492e+00
5.817111e+00,6.508769e+00,6.257668e+00,6.735780e+00,6.148468e+00,7.159292e+00,6.224558e+00,6.679599e+00,6.163315e+00,6.184149e+00,6.287859e+00,7.334329e+00,6.156979e+00,7.237778e+00,7.421178e+00,6.415097e+00,7.199678e+00,5.998937e+00,6.261492e+00
5.749393e+00,6.504288e+00,6.304449e+00,6.735780e+00,6.148468e+00,7.132498e+00,6.200509e+00,6.648985e+00,6.300786e+00,6.184149e+00,6.356108e+00,7.334329e+00,6.156979e+00,7.202661e+00,7.433075e+00,6.415097e+00,7.215240e+00,5.998937e+00,6.263398e+00
5.749393e+00,6.504288e+00,6.304449e+00,6.735780e+00,6.013715e+00,7.167809e+00,6.228511e+00,6.618739e+00,6.342121e+00,6.186209e+00,6.357842e+00,7.334329e+00,6.156979e+00,7.122867e+00,7.403061e+00,6.442540e+00,7.237778e+00,5.998937e+00,6.257668e+00
5.627621e+00,6.549651e+00,6.313548e+00,6.735780e+00,6.013715e+00,6.951772e+00,6.632002e+00,6.606650e+00,6.326149e+00,6.248043e+00,6.492240e+00,7.334329e+00,6.156979e+00,7.107425e+00,7.419381e+00,6.499787e+00,7.237778e+00,5.998937e+00,6.257668e+00
5.627621e+00,6.549651e+00,6.313548e+00,6.735780e+00,5.869297e+00,6.961296e+00,6.648985e+00,6.630683e+00,6.336826e+00,6.248043e+00,6.526495e+00,7.334329e+00,6.156979e+00,7.108244e+00,7.387090e+00,6.522093e+00,7.231287e+00,5.998937e+00,6.274762e+00
5.627621e+00,6.535241e+00,6.329721e+00,6.736967e+00,5.786897e+00,6.914731e+00,6.742881e+00,6.492240e+00,6.408529e+00,6.276643e+00,6.555357e+00,7.334329e+00,6.156979e+00,7.006695e+00,7.379008e+00,6.514713e+00,7.181592e+00,5.998937e+00,6.308098e+00
5.765191e+00,6.535241e+00,6.329721e+00,6.735780e+00,5.789960e+00,6.914731e+00,6.742881e+00,6.475433e+00,6.380123e+00,6.287859e+00,6.803505e+00,7.334329e+00,6.156979e+00,6.975414e+00,7.280008e+00,6.453625e+00,7.076654e+00,5.998937e+00,6.308098e+00
5.765191e+00,6.532334e+00,6.333280e+00,6.236370e+00,6.489205e+00,6.914731e+00,6.742881e+00,6.475433e+00,6.369901e+00,6.359574e+00,6.956545e+00,7.331060e+00,6.156979e+00,6.962243e+00,7.054450e+00,6.378426e+00,7.034388e+00,5.998937e+00,6.309918e+00
5.765191e+00,6.517671e+00,6.350886e+00,5.986452e+00,6.632002e+00,6.926577e+00,6.742881e+00,6.475433e+00,6.369901e+00,6.359574e+00,6.924612e+00,7.331715e+00,6.156979e+00,6.927558e+00,6.944087e+00,6.366470e+00,7.039660e+00,5.857933e+00,6.309918e+00
5.765191e+00,6.517671e+00,6.350886e+00,5.908083e+00,6.654153e+00,6.939254e+00,6.742881e+00,6.475433e+00,6.369901e+00,6.359574e+00,6.892642e+00,7.327123e+00,6.156979e+00,6.800170e+00,6.913737e+00,6.376727e+00,7.040536e+00,5.857933e+00,6.309918e+00
5.726848e+00,6.535241e+00,6.350886e+00,5.908083e+00,6.511745e+00,7.034388e+00,6.742881e+00,6.475433e+00,6.369901e+00,6.359574e+00,6.933423e+00,7.308543e+00,6.228511e+00,6.781058e+00,6.908755e+00,6.383507e+00,7.063904e+00,5.857933e+00,6.309918e+00
5.509388e+00,6.522093e+00,6.472346e+00,5.905362e+00,6.327937e+00,7.130099e+00,6.742881e+00,6.320768e+00,6.517671e+00,6.257668e+00,6.983790e+00,7.305860e+00,6.248043e+00,6.766192e+00,6.908755e+00,6.380123e+00,7.124478e+00,5.857933e+00,6.309918e+00
5.924256e+00,6.502790e+00,6.499787e+00,5.758902e+00,6.413459e+00,7.130099e+00,6.741701e+00,6.148468e+00,6.641182e+00,6.244167e+00,7.019297e+00,7.305860e+00,6.248043e+00,6.769642e+00,6.889591e+00,6.408529e+00,7.023759e+00,5.686975e+00,6.309918e+00
5.924256e+00,6.492240e+00,6.522093e+00,5.616771e+00,6.480045e+00,7.130099e+00,6.741701e+00,6.148468e+00,6.641182e+00,6.240276e+00,7.027315e+00,7.305860e+00,6.248043e+00,6.746412e+00,6.762730e+00,6.366470e+00,7.056175e+00,5.752573e+00,6.302619e+00
5.869297e+00,6.522093e+00,6.514713e+00,5.634790e+00,6.480045e+00,7.130099e+00,6.741701e+00,6.148468e+00,6.587550e+00,6.226537e+00,7.072422e+00,7.324490e+00,6.333280e+00,6.760415e+00,6.558198e+00,6.194405e+00,7.113956e+00,5.963579e+00,6.302619e+00
5.940171e+00,6.522093e+00,6.448889e+00,5.777652e+00,6.480045e+00,7.037906e+00,6.863803e+00,6.148468e+00,6.529419e+00,6.476972e+00,6.990257e+00,7.317212e+00,6.373320e+00,6.766192e+00,6.558198e+00,6.188264e+00,7.037906e+00,5.771441e+00,6.059123e+00
5.958425e+00,6.522093e+00,6.349139e+00,5.948035e+00,6.447306e+00,7.056175e+00,6.863803e+00,6.148468e+00,6.529419e+00,6.476972e+00,6.978214e+00,7.313220e+00,6.350886e+00,6.860664e+00,6.577861e+00,6.188264e+00,6.928538e+00,5.765191e+00,5.877736e+00
5.958425e+00,6.510258e+00,6.289716e+00,6.049733e+00,6.447306e+00,6.996681e+00,6.931472e+00,6.148468e+00,6.495266e+00,6.453625e+00,6.978214e+00,7.224025e+00,6.349139e+00,6.943122e+00,6.588926e+00,6.186209e+00,6.928538e+00,5.846439e+00,5.616771e+00
5.958425e+00,6.510258e+00,6.186209e+00,6.167516e+00,6.447306e+00,6.996681e+00,6.931472e+00,5.837730e+00,6.583409e+00,6.410175e+00,6.956545e+00,7.223296e+00,6.476972e+00,7.024649e+00,6.577861e+00,6.186209e+00,6.926577e+00,5.497168e+00,4.356709e+00
5.958425e+00,6.510258e+00,6.177944e+00,6.175867e+00,6.447306e+00,6.996681e+00,6.931472e+00,5.826000e+00,6.580639e+00,6.331502e+00,6.977281e+00,7.194437e+00,6.552508e+00,7.080026e+00,6.538140e+00,6.186209e+00,6.869014e+00,5.513429e+00,3.951244e+00
5.968708e+00,6.452049e+00,6.253829e+00,6.175867e+00,6.444131e+00,6.995766e+00,6.934397e+00,5.823046e+00,6.582025e+00,6.300786e+00,6.984716e+00,7.183871e+00,6.476972e+00,7.066467e+00,6.234411e+00,6.272877e+00,6.765039e+00,5.513429e+00,3.951244e+00
5.950643e+00,6.464588e+00,6.249975e+00,6.180017e+00,6.442540e+00,6.950815e+00,6.981006e+00,5.777652e+00,6.602588e+00,6.300786e+00,7.004882e+00,7.123673e+00,6.642487e+00,7.090077e+00,5.831882e+00,6.265301e+00,6.712956e+00,5.521461e+00,4.290459e+00
5.877736e+00,6.469250e+00,6.295266e+00,6.165418e+00,6.354370e+00,6.991177e+00,6.996681e+00,5.777652e+00,6.598509e+00,6.300786e+00,6.933423e+00,7.100852e+00,6.655440e+00,7.094235e+00,5.560682e+00,6.159095e+00,6.703188e+00,5.533389e+00,4.290459e+00
5.846439e+00,6.444131e+00,6.343880e+00,6.165418e+00,6.354370e+00,6.991177e+00,6.994850e+00,5.783825e+00,6.597146e+00,6.272877e+00,6.923629e+00,7.153834e+00,6.464588e+00,7.087574e+00,5.293305e+00,6.284134e+00,6.701960e+00,5.533389e+00,4.290459e+00
5.843544e+00,6.406880e+00,6.385194e+00,6.142037e+00,6.373320e+00,6.949856e+00,7.033506e+00,5.786897e+00,6.436150e+00,6.269096e+00,6.924612e+00,7.048386e+00,6.188264e+00,7.074963e+00,5.648974e+00,6.284134e+00,6.665684e+00,5.509388e+00,4.290459e+00
5.739793e+00,6.461468e+00,6.385194e+00,6.120297e+00,6.390241e+00,6.806829e+00,7.149132e+00,5.786897e+00,6.333280e+00,6.272877e+00,6.924612e+00,6.964136e+00,6.188264e+00,7.074963e+00,5.680173e+00,6.284134e+00,6.665684e+00,5.351858e+00,4.219508e+00
5.509388e+00,6.556778e+00,6.385194e+00,6.082219e+00,6.418365e+00,6.152733e+00,7.412764e+00,5.929589e+00,6.333280e+00,6.263398e+00,6.955593e+00,6.927558e+00,6.194405e+00,7.074117e+00,5.655992e+00,6.284134e+00,6.648985e+00,5.342334e+00,4.143135e+00
5.438079e+00,6.580639e+00,6.212606e+00,6.200509e+00,6.480045e+00,6.150603e+00,7.283448e+00,5.811141e+00,6.679599e+00,6.214608e+00,6.994850e+00,6.661855e+00,6.196444e+00,6.957497e+00,5.631212e+00,6.284134e+00,6.637258e+00,5.342334e+00,4.143135e+00
5.438079e+00,6.388561e+00,6.408529e+00,5.823046e+00,6.715383e+00,6.150603e+00,7.242798e+00,5.971262e+00,6.679599e+00,6.246107e+00,6.994850e+00,6.309918e+00,6.196444e+00,6.943122e+00,5.686975e+00,6.224558e+00,6.432940e+00,5.342334e+00,4.812184e+00
5.438079e+00,6.218600e+00,6.428105e+00,5.996452e+00,6.735780e+00,6.150603e+00,7.195937e+00,6.122493e+00,6.679599e+00,6.240276e+00,6.994850e+00,6.335054e+00,6.196444e+00,6.995766e+00,5.686975e+00,6.126869e+00,6.291569e+00,5.187386e+00,4.820282e+00
5.438079e+00,5.955837e+00,6.501290e+00,6.154858e+00,6.735780e+00,6.150603e+00,7.158514e+00,6.224558e+00,6.679599e+00,6.240276e+00,6.994850e+00,6.079933e+00,6.204558e+00,6.906755e+00,5.389072e+00,6.082219e+00,6.148468e+00,5.220356e+00,4.820282e+00
5.411646e+00,5.817111e+00,6.508769e+00,6.257668e+00,6.735780e+00,6.148468e+00,7.159292e+00,6.224558e+00,6.679599e+00,6.133398e+00,6.980076e+00,6.082219e+00,6.293419e+00,6.732211e+00,5.389072e+00,6.148468e+00,5.910797e+00,5.429346e+00,4.820282e+00
5.411646e+00,5.749393e+00,6.504288e+00,6.304449e+00,6.735780e+00,6.148468e+00,7.132498e+00,6.200509e+00,6.648985e+00,6.133398e+00,6.948897e+00,6.082219e+00,6.302619e+00,6.810142e+00,5.393628e+00,6.251904e+00,5.852202e+00,5.429346e+00,4.812184e+00
5.416100e+00,5.749393e+00,6.504288e+00,6.304449e+00,6.735780e+00,6.013715e+00,7.167809e+00,6.228511e+00,6.618739e+00,6.131226e+00,6.986566e+00,6.093570e+00,6.383507e+00,6.862758e+00,5.513429e+00,6.308098e+00,5.768321e+00,5.429346e+00,4.762174e+00
5.505332e+00,5.627621e+00,6.549651e+00,6.313548e+00,6.735780e+00,6.013715e+00,6.951772e+00,6.632002e+00,6.606650e+00,6.061457e+00,6.965080e+00,6.098074e+00,6.408529e+00,6.892642e+00,5.707110e+00,6.242223e+00,5.768321e+00,5.429346e+00,4.804021e+00
5.552960e+00,5.627621e+00,6.549651e+00,6.313548e+00,6.735780e+00,5.869297e+00,6.961296e+00,6.648985e+00,6.630683e+00,6.061457e+00,6.943122e+00,6.098074e+00,6.768493e+00,6.894670e+00,5.710427e+00,6.144186e+00,5.768321e+00,5.429346e+00,4.727388e+00
5.598422e+00,5.627621e+00,6.535241e+00,6.329721e+00,6.736967e+00,5.786897e+00,6.914731e+00,6.742881e+00,6.492240e+00,6.171701e+00,6.928538e+00,6.098074e+00,6.829794e+00,6.858565e+00,5.963579e+00,6.144186e+00,5.768321e+00,5.505332e+00,4.795791e+00
5.433722e+00,5.765191e+00,6.535241e+00,6.329721e+00,6.735780e+00,5.789960e+00,6.914731e+00,6.742881e+00,6.475433e+00,6.249975e+00,6.705639e+00,6.098074e+00,6.887553e+00,6.858565e+00,5.963579e+00,6.146329e+00,5.768321e+00,5.556828e+00,4.820282e+00
5.476464e+00,5.765191e+00,6.532334e+00,6.333280e+00,6.236370e+00,6.489205e+00,6.914731e+00,6.742881e+00,6.475433e+00,6.385194e+00,6.476972e+00,6.098074e+00,6.919684e+00,7.042286e+00,6.018593e+00,6.135565e+00,5.768321e+00,5.940171e+00,5.693732e+00
5.476464e+00,5.765191e+00,6.517671e+00,6.350886e+00,5.986452e+00,6.632002e+00,6.926577e+00,6.742881e+00,6.475433e+00,6.587550e+00,6.308098e+00,6.093570e+00,7.100027e+00,7.044905e+00,6.070738e+00,6.122493e+00,5.746203e+00,6.287859e+00,5.717028e+00
5.480639e+00,5.765191e+00,6.517671e+00,6.350886e+00,5.908083e+00,6.654153e+00,6.939254e+00,6.742881e+00,6.475433e+00,6.613384e+00,6.177944e+00,6.093570e+00,7.103322e+00,7.044905e+00,6.093570e+00,6.079933e+00,5.730100e+00,6.440947e+00,5.730100e+00
6.066108e+00,5.726848e+00,6.535241e+00,6.350886e+00,5.908083e+00,6.511745e+00,7.034388e+00,6.742881e+00,6.475433e+00,6.614726e+00,6.086775e+00,6.073045e+00,7.074117e+00,7.044905e+00,6.236370e+00,6.073045e+00,5.638355e+00,6.455199e+00,5.730100e+00
6.095825e+00,5.509388e+00,6.522093e+00,6.472346e+00,5.905362e+00,6.327937e+00,7.130099e+00,6.742881e+00,6.320768e+00,6.614726e+00,5.958425e+00,6.073045e+00,7.065613e+00,7.053586e+00,6.366470e+00,6.084499e+00,5.337538e+00,6.455199e+00,5.866468e+00
5.826000e+00,5.924256e+00,6.502790e+00,6.499787e+00,5.758902e+00,6.413459e+00,7.130099e+00,6.741701e+00,6.148468e+00,6.501290e+00,5.852202e+00,6.073045e+00,7.065613e+00,7.050989e+00,6.369901e+00,6.054439e+00,5.318120e+00,6.466145e+00,5.934894e+00
6.056784e+00,5.924256e+00,6.492240e+00,6.522093e+00,5.616771e+00,6.480045e+00,7.130099e+00,6.741701e+00,6.148468e+00,6.405228e+00,5.826000e+00,6.073045e+00,7.099202e+00,7.039660e+00,6.551080e+00,6.124683e+00,4.736198e+00,6.672033e+00,6.280396e+00
6.070738e+00,5.869297e+00,6.522093e+00,6.514713e+00,5.634790e+00,6.480045e+00,7.130099e+00,6.741701e+00,6.148468e+00,6.411818e+00,5.631212e+00,6.006353e+00,7.150701e+00,7.028201e+00,6.565265e+00,6.236370e+00,2.890372e+00,6.563856e+00,6.343880e+00
6.033086e+00,5.940171e+00,6.522093e+00,6.448889e+00,5.777652e+00,6.480045e+00,7.037906e+00,6.863803e+00,6.148468e+00,6.265301e+00,5.609472e+00,5.888878e+00,7.231287e+00,7.023759e+00,6.565265e+00,6.364751e+00,2.397895e+00,6.575076e+00,6.583409e+00
6.100319e+00,5.958425e+00,6.522093e+00,6.349139e+00,5.948035e+00,6.447306e+00,7.056175e+00,6.863803e+00,6.148468e+00,6.324359e+00,5.609472e+00,5.834811e+00,7.229839e+00,6.957497e+00,6.545350e+00,6.461468e+00,2.995732e+00,6.594413e+00,6.583409e+00
6.100319e+00,5.958425e+00,6.510258e+00,6.289716e+00,6.049733e+00,6.447306e+00,6.996681e+00,6.931472e+00,6.148468e+00,6.324359e+00,5.680173e+00,5.749393e+00,7.257708e+00,6.887553e+00,6.533789e+00,6.579251e+00,3.784190e+00,6.539586e+00,6.583409e+00
6.100319e+00,5.958425e+00,6.510258e+00,6.186209e+00,6.167516e+00,6.447306e+00,6.996681e+00,6.931472e+00,5.837730e+00,6.318968e+00,5.680173e+00,5.743003e+00,7.268920e+00,6.828712e+00,6.530878e+00,6.597146e+00,3.784190e+00,6.555357e+00,6.584791e+00
6.100319e+00,5.958425e+00,6.510258e+00,6.177944e+00,6.175867e+00,6.447306e+00,6.996681e+00,6.931472e+00,5.826000e+00,6.318968e+00,5.609472e+00,5.743003e+00,7.245655e+00,6.755769e+00,6.587550e+00,6.610696e+00,3.688879e+00,6.741701e+00,6.577861e+00
6.091310e+00,5.968708e+00,6.452049e+00,6.253829e+00,6.175867e+00,6.444131e+00,6.995766e+00,6.934397e+00,5.823046e+00,6.318968e+00,5.676754e+00,5.743003e+00,7.292337e+00,6.705639e+00,6.625392e+00,6.545350e+00,3.637586e+00,7.029088e+00,6.577861e+00
6.089045e+00,5.950643e+00,6.464588e+00,6.249975e+00,6.180017e+00,6.442540e+00,6.950815e+00,6.981006e+00,5.777652e+00,6.342121e+00,5.602119e+00,5.655992e+00,7.307202e+00,6.612041e+00,6.625392e+00,6.415097e+00,3.637586e+00,7.126087e+00,6.597146e+00
6.139885e+00,5.877736e+00,6.469250e+00,6.295266e+00,6.165418e+00,6.354370e+00,6.991177e+00,6.996681e+00,5.777652e+00,6.342121e+00,5.602119e+00,5.587249e+00,7.284135e+00,6.561031e+00,6.625392e+00,6.336826e+00,3.637586e+00,7.126087e+00,6.597146e+00
6.186209e+00,5.846439e+00,6.444131e+00,6.343880e+00,6.165418e+00,6.354370e+00,6.991177e+00,6.994850e+00,5.783825e+00,6.340359e+00,5.749393e+00,5.288267e+00,7.277939e+00,6.591674e+00,6.738152e+00,6.202536e+00,4.077537e+00,7.126087e+00,6.599870e+00
6.244167e+00,5.843544e+00,6.406880e+00,6.385194e+00,6.142037e+00,6.373320e+00,6.949856e+00,7.033506e+00,5.786897e+00,6.340359e+00,5.746203e+00,5.780744e+00,7.277939e+00,6.645091e+00,6.693324e+00,6.302619e+00,4.094345e+00,7.126891e+00,6.621406e+00
6.257668e+00,5.739793e+00,6.461468e+00,6.385194e+00,6.120297e+00,6.390241e+00,6.806829e+00,7.149132e+00,5.786897e+00,6.336826e+00,5.746203e+00,5.902633e+00,7.277939e+00,6.645091e+00,6.677083e+00,6.403574e+00,4.110874e+00,7.126891e+00,6.621406e+00
6.513230e+00,5.509388e+00,6.556778e+00,6.385194e+00,6.082219e+00,6.418365e+00,6.152733e+00,7.412764e+00,5.929589e+00,6.306275e+00,5.638355e+00,5.905362e+00,7.275865e+00,6.709304e+00,6.839476e+00,6.526495e+00,4.382027e+00,7.169350e+00,6.621406e+00
6.513230e+00,5.438079e+00,6.580639e+00,6.212606e+00,6.200509e+00,6.480045e+00,6.150603e+00,7.283448e+00,5.811141e+00,6.315358e+00,5.438079e+00,5.897154e+00,7.275172e+00,6.799056e+00,6.842683e+00,6.612041e+00,5.638355e+00,7.186144e+00,6.621406e+00
6.514713e+00,5.438079e+00,6.388561e+00,6.408529e+00,5.823046e+00,6.715383e+00,6.150603e+00,7.242798e+00,5.971262e+00,6.297109e+00,5.459586e+00,5.568345e+00,7.275172e+00,6.773080e+00,6.825460e+00,6.634633e+00,5.774552e+00,7.195937e+00,6.538140e+00
6.532334e+00,5.438079e+00,6.218600e+00,6.428105e+00,5.996452e+00,6.735780e+00,6.150603e+00,7.195937e+00,6.122493e+00,6.298949e+00,5.484797e+00,5.796058e+00,7.292337e+00,6.712956e+00,6.825460e+00,6.634633e+00,5.897154e+00,7.195937e+00,6.536692e+00
6.538140e+00,5.438079e+00,5.955837e+00,6.501290e+00,6.154858e+00,6.735780e+00,6.150603e+00,7.158514e+00,6.224558e+00,6.309918e+00,5.583496e+00,5.774552e+00,7.299121e+00,6.624065e+00,6.824374e+00,6.613384e+00,6.206576e+00,7.191429e+00,6.546785e+00
6.635947e+00,5.411646e+00,5.817111e+00,6.508769e+00,6.257668e+00,6.735780e+00,6.148468e+00,7.159292e+00,6.224558e+00,6.317165e+00,5.583496e+00,5.771441e+00,7.267525e+00,6.588926e+00,6.843750e+00,6.612041e+00,6.437752e+00,7.145196e+00,6.546785e+00
6.711740e+00,5.411646e+00,5.749393e+00,6.504288e+00,6.304449e+00,6.735780e+00,6.148468e+00,7.132498e+00,6.200509e+00,6.327937e+00,5.572154e+00,5.771441e+00,7.264030e+00,6.507278e+00,6.820016e+00,6.561031e+00,6.437752e+00,7.145196e+00,6.546785e+00
6.723832e+00,5.416100e+00,5.749393e+00,6.504288e+00,6.304449e+00,6.735780e+00,6.013715e+00,7.167809e+00,6.228511e+00,6.327937e+00,5.429346e+00,5.755742e+00,7.231287e+00,6.504288e+00,6.791221e+00,6.542472e+00,6.429719e+00,7.145196e+00,6.546785e+00
6.705639e+00,5.505332e+00,5.627621e+00,6.549651e+00,6.313548e+00,6.735780e+00,6.013715e+00,6.951772e+00,6.632002e+00,6.350886e+00,5.123964e+00,5.758902e+00,7.220374e+00,6.562444e+00,6.680855e+00,6.539586e+00,6.437752e+00,7.145196e+00,6.539586e+00
6.690842e+00,5.552960e+00,5.627621e+00,6.549651e+00,6.313548e+00,6.735780e+00,5.869297e+00,6.961296e+00,6.648985e+00,6.386879e+00,5.541264e+00,5.758902e+00,7.007601e+00,6.630683e+00,6.675823e+00,6.538140e+00,6.439350e+00,7.145196e+00,6.539586e+00
6.675823e+00,5.598422e+00,5.627621e+00,6.535241e+00,6.329721e+00,6.736967e+00,5.786897e+00,6.914731e+00,6.742881e+00,6.270988e+00,5.525453e+00,5.758902e+00,6.956545e+00,6.659294e+00,6.559615e+00,6.538140e+00,6.442540e+00,7.130899e+00,6.501290e+00
6.675823e+00,5.433722e+00,5.765191e+00,6.535241e+00,6.329721e+00,6.735780e+00,5.789960e+00,6.914731e+00,6.742881e+00,6.182085e+00,5.525453e+00,5.758902e+00,6.994850e+00,6.746412e+00,6.590301e+00,6.536692e+00,6.444131e+00,7.133296e+00,6.496775e+00
6.663133e+00,5.476464e+00,5.765191e+00,6.532334e+00,6.333280e+00,6.236370e+00,6.489205e+00,6.914731e+00,6.742881e+00,5.910797e+00,5.525453e+00,5.758902e+00,6.965080e+00,6.575076e+00,6.559615e+00,6.536692e+00,6.447306e+00,7.032624e+00,6.192362e+00
6.663133e+00,5.476464e+00,5.765191e+00,6.517671e+00,6.350886e+00,5.986452e+00,6.632002e+00,6.926577e+00,6.742881e+00,5.463832e+00,5.525453e+00,5.758902e+00,6.755769e+00,6.583409e+00,6.527958e+00,6.536692e+00,6.447306e+00,6.882437e+00,6.177944e+00
6.661855e+00,5.480639e+00,5.765191e+00,6.517671e+00,6.350886e+00,5.908083e+00,6.654153e+00,6.939254e+00,6.742881e+00,5.379897e+00,5.525453e+00,5.758902e+00,6.751101e+00,6.677083e+00,6.514713e+00,6.536692e+00,6.447306e+00,6.786717e+00,6.169611e+00
6.381816e+00,6.066108e+00,5.726848e+00,6.535241e+00,6.350886e+00,5.908083e+00,6.511745e+00,7.034388e+00,6.742881e+00,5.375278e+00,5.525453e+00,5.758902e+00,6.993015e+00,6.708084e+00,6.413459e+00,6.565265e+00,6.447306e+00,6.782192e+00,6.169611e+00
6.350886e+00,6.095825e+00,5.509388e+00,6.522093e+00,6.472346e+00,5.905362e+00,6.327937e+00,7.130099e+00,6.742881e+00,5.375278e+00,5.669881e+00,5.758902e+00,7.127694e+00,6.703188e+00,6.289716e+00,6.565265e+00,6.447306e+00,6.829794e+00,6.070738e+00
6.381816e+00,5.826000e+00,5.924256e+00,6.502790e+00,6.499787e+00,5.758902e+00,6.413459e+00,7.130099e+00,6.741701e+00,5.375278e+00,5.891644e+00,5.758902e+00,7.207119e+00,6.827629e+00,6.285998e+00,6.562444e+00,6.448889e+00,6.830874e+00,6.047372e+00
6.246107e+00,6.056784e+00,5.924256e+00,6.492240e+00,6.522093e+00,5.616771e+00,6.480045e+00,7.130099e+00,6.741701e+00,5.231109e+00,5.981414e+00,5.758902e+00,7.221105e+00,7.034388e+00,6.040255e+00,6.558198e+00,6.453625e+00,6.624065e+00,5.826000e+00
6.234411e+00,6.070738e+00,5.869297e+00,6.522093e+00,6.514713e+00,5.634790e+00,6.480045e+00,7.130099e+00,6.741701e+00,5.247024e+00,6.093570e+00,5.758902e+00,7.138867e+00,7.062192e+00,6.013715e+00,6.539586e+00,6.453625e+00,6.617403e+00,5.843544e+00
6.214608e+00,6.033086e+00,5.940171e+00,6.522093e+00,6.448889e+00,5.777652e+00,6.480045e+00,7.037906e+00,6.863803e+00,4.859812e+00,6.102559e+00,5.758902e+00,7.029973e+00,7.105786e+00,6.016157e+00,6.473891e+00,6.484635e+00,6.632002e+00,5.323010e+00
6.452049e+00,6.100319e+00,5.958425e+00,6.522093e+00,6.349139e+00,5.948035e+00,6.447306e+00,7.056175e+00,6.863803e+00,4.663439e+00,6.102559e+00,5.758902e+00,7.029973e+00,7.154615e+00,6.184149e+00,6.378426e+00,6.470800e+00,6.613384e+00,5.323010e+00
6.575076e+00,6.100319e+00,5.958425e+00,6.510258e+00,6.289716e+00,6.049733e+00,6.447306e+00,6.996681e+00,6.931472e+00,4.663439e+00,6.056784e+00,5.996452e+00,6.984716e+00,7.173958e+00,6.333280e+00,6.263398e+00,6.432940e+00,6.629363e+00,5.323010e+00
6.580639e+00,6.100319e+00,5.958425e+00,6.510258e+00,6.186209e+00,6.167516e+00,6.447306e+00,6.996681e+00,6.931472e+00,5.087596e+00,6.056784e+00,6.082219e+00,6.893656e+00,7.148346e+00,6.349139e+00,6.289716e+00,6.440947e+00,6.612041e+00,5.476464e+00
6.643790e+00,6.100319e+00,5.958425e+00,6.510258e+00,6.177944e+00,6.175867e+00,6.447306e+00,6.996681e+00,6.931472e+00,5.214936e+00,6.052089e+00,6.082219e+00,6.866933e+00,7.158514e+00,6.318968e+00,6.297109e+00,6.444131e+00,6.390241e+00,5.480639e+00
6.690842e+00,6.091310e+00,5.968708e+00,6.452049e+00,6.253829e+00,6.175867e+00,6.444131e+00,6.995766e+00,6.934397e+00,5.241747e+00,5.976351e+00,6.086775e+00,6.753438e+00,7.247081e+00,6.267201e+00,6.455199e+00,6.444131e+00,5.849325e+00,5.480639e+00
6.774224e+00,6.089045e+00,5.950643e+00,6.464588e+00,6.249975e+00,6.180017e+00,6.442540e+00,6.950815e+00,6.981006e+00,5.424950e+00,5.973810e+00,6.086775e+00,6.576470e+00,7.244228e+00,6.484635e+00,6.455199e+00,6.444131e+00,5.446737e+00,5.411646e+00
6.864848e+00,6.139885e+00,5.877736e+00,6.469250e+00,6.295266e+00,6.165418e+00,6.354370e+00,6.991177e+00,6.996681e+00,5.529429e+00,5.953243e+00,6.154858e+00,6.542472e+00,7.244228e+00,6.577861e+00,6.455199e+00,6.444131e+00,5.433722e+00,5.463832e+00
6.856462e+00,6.186209e+00,5.846439e+00,6.444131e+00,6.343880e+00,6.165418e+00,6.354370e+00,6.991177e+00,6.994850e+00,5.529429e+00,5.796058e+00,6.150603e+00,6.541030e+00,7.228388e+00,6.469250e+00,6.455199e+00,6.410175e+00,5.433722e+00,5.455321e+00
6.962243e+00,6.244167e+00,5.843544e+00,6.406880e+00,6.385194e+00,6.142037e+00,6.373320e+00,6.949856e+00,7.033506e+00,5.529429e+00,5.796058e+00,6.045005e+00,6.541030e+00,7.198931e+00,6.393591e+00,6.369901e+00,6.408529e+00,5.429346e+00,5.384495e+00
7.006695e+00,6.257668e+00,5.739793e+00,6.461468e+00,6.385194e+00,6.120297e+00,6.390241e+00,6.806829e+00,7.149132e+00,5.529429e+00,6.028279e+00,6.013715e+00,6.541030e+00,7.211557e+00,6.391917e+00,6.278521e+00,6.476972e+00,5.429346e+00,5.384495e+00
6.884487e+00,6.513230e+00,5.509388e+00,6.556778e+00,6.385194e+00,6.082219e+00,6.418365e+00,6.152733e+00,7.412764e+00,5.529429e+00,6.033086e+00,6.013715e+00,6.541030e+00,7.186901e+00,6.200509e+00,6.159095e+00,6.796824e+00,5.176150e+00,5.384495e+00
6.884487e+00,6.513230e+00,5.438079e+00,6.580639e+00,6.212606e+00,6.200509e+00,6.480045e+00,6.150603e+00,7.283448e+00,5.572154e+00,6.115892e+00,6.013715e+00,6.541030e+00,7.201171e+00,6.220590e+00,6.023448e+00,6.695799e+00,5.062595e+00,5.433722e+00
6.883463e+00,6.514713e+00,5.438079e+00,6.388561e+00,6.408529e+00,5.823046e+00,6.715383e+00,6.150603e+00,7.242798e+00,5.579730e+00,6.248043e+00,6.016157e+00,6.541030e+00,7.226209e+00,6.263398e+00,5.981414e+00,6.684612e+00,5.043425e+00,5.433722e+00
6.871091e+00,6.532334e+00,5.438079e+00,6.218600e+00,6.428105e+00,5.996452e+00,6.735780e+00,6.150603e+00,7.195937e+00,5.762051e+00,6.265301e+00,5.641907e+00,6.504288e+00,7.262629e+00,6.263398e+00,5.996452e+00,6.793466e+00,5.159055e+00,5.433722e+00
6.866933e+00,6.538140e+00,5.438079e+00,5.955837e+00,6.501290e+00,6.154858e+00,6.735780e+00,6.150603e+00,7.158514e+00,5.828946e+00,6.238325e+00,5.641907e+00,6.483107e+00,7.261225e+00,6.263398e+00,6.135565e+00,6.752270e+00,5.159055e+00,5.402677e+00
6.790097e+00,6.635947e+00,5.411646e+00,5.817111e+00,6.508769e+00,6.257668e+00,6.735780e+00,6.148468e+00,7.159292e+00,5.834811e+00,6.270988e+00,5.641907e+00,6.483107e+00,7.225481e+00,6.228511e+00,6.070738e+00,6.591674e+00,5.159055e+00,5.402677e+00
6.720220e+00,6.711740e+00,5.411646e+00,5.749393e+00,6.504288e+00,6.304449e+00,6.735780e+00,6.148468e+00,7.132498e+00,5.817111e+00,6.267201e+00,5.641907e+00,6.483107e+00,7.273093e+00,6.226537e+00,6.037871e+00,6.661855e+00,5.159055e+00,5.402677e+00
6.706862e+00,6.723832e+00,5.416100e+00,5.749393e+00,6.504288e+00,6.304449e+00,6.735780e+00,6.013715e+00,7.167809e+00,5.817111e+00,6.259581e+00,5.652489e+00,6.483107e+00,7.280697e+00,6.222576e+00,5.942799e+00,6.700731e+00,5.159055e+00,5.402677e+00
6.703188e+00,6.705639e+00,5.505332e+00,5.627621e+00,6.549651e+00,6.313548e+00,6.735780e+00,6.013715e+00,6.951772e+00,5.777652e+00,6.259581e+00,5.641907e+00,6.483107e+00,7.232733e+00,6.336826e+00,5.978886e+00,6.700731e+00,5.159055e+00,5.429346e+00
6.712956e+00,6.690842e+00,5.552960e+00,5.627621e+00,6.549651e+00,6.313548e+00,6.735780e+00,5.869297e+00,6.961296e+00,5.710427e+00,6.077642e+00,5.641907e+00,6.481577e+00,7.193686e+00,6.388561e+00,6.236370e+00,6.703188e+00,5.159055e+00,5.480639e+00
6.740519e+00,6.675823e+00,5.598422e+00,5.627621e+00,6.535241e+00,6.329721e+00,6.736967e+00,5.786897e+00,6.914731e+00,5.710427e+00,6.075346e+00,5.641907e+00,6.481577e+00,7.177019e+00,6.478510e+00,6.318968e+00,6.700731e+00,5.159055e+00,5.480639e+00
6.752270e+00,6.675823e+00,5.433722e+00,5.765191e+00,6.535241e+00,6.329721e+00,6.735780e+00,5.789960e+00,6.914731e+00,5.710427e+00,6.075346e+00,5.641907e+00,6.371612e+00,7.197435e+00,6.511745e+00,6.651572e+00,6.703188e+00,5.068904e+00,5.480639e+00
6.818924e+00,6.663133e+00,5.476464e+00,5.765191e+00,6.532334e+00,6.333280e+00,6.236370e+00,6.489205e+00,6.914731e+00,5.834811e+00,6.075346e+00,5.641907e+00,6.470800e+00,7.192934e+00,6.565265e+00,6.668228e+00,6.830874e+00,5.062595e+00,5.480639e+00
6.826545e+00,6.663133e+00,5.476464e+00,5.765191e+00,6.517671e+00,6.350886e+00,5.986452e+00,6.632002e+00,6.926577e+00,5.948035e+00,6.075346e+00,5.641907e+00,6.559615e+00,7.195937e+00,6.659294e+00,6.668228e+00,6.831954e+00,5.062595e+00,5.480639e+00
6.826545e+00,6.661855e+00,5.480639e+00,5.765191e+00,6.517671e+00,6.350886e+00,5.908083e+00,6.654153e+00,6.939254e+00,5.948035e+00,6.093570e+00,5.641907e+00,6.562444e+00,7.141245e+00,6.660575e+00,6.668228e+00,6.882437e+00,5.062595e+00,5.480639e+00
6.826545e+00,6.381816e+00,6.066108e+00,5.726848e+00,6.535241e+00,6.350886e+00,5.908083e+00,6.511745e+00,7.034388e+00,6.006353e+00,6.156979e+00,5.641907e+00,6.272877e+00,7.141245e+00,6.656727e+00,6.642487e+00,6.948897e+00,5.030438e+00,5.480639e+00
6.826545e+00,6.350886e+00,6.095825e+00,5.509388e+00,6.522093e+00,6.472346e+00,5.905362e+00,6.327937e+00,7.130099e+00,6.152733e+00,6.244167e+00,5.641907e+00,6.070738e+00,7.144407e+00,6.660575e+00,6.635947e+00,6.948897e+00,4.700480e+00,5.480639e+00
6.776507e+00,6.381816e+00,5.826000e+00,5.924256e+00,6.502790e+00,6.499787e+00,5.758902e+00,6.413459e+00,7.130099e+00,6.165418e+00,6.100319e+00,5.641907e+00,5.799093e+00,7.057037e+00,6.660575e+00,6.664409e+00,7.020191e+00,4.624973e+00,5.416100e+00
6.809039e+00,6.246107e+00,6.056784e+00,5.924256e+00,6.492240e+00,6.522093e+00,5.616771e+00,6.480045e+00,7.130099e+00,6.165418e+00,6.021023e+00,5.645447e+00,5.602119e+00,6.858565e+00,6.661855e+00,6.670766e+00,7.023759e+00,4.624973e+00,5.030438e+00
6.809039e+00,6.234411e+00,6.070738e+00,5.869297e+00,6.522093e+00,6.514713e+00,5.634790e+00,6.480045e+00,7.130099e+00,6.131226e+00,6.242223e+00,5.648974e+00,5.587249e+00,6.824374e+00,6.661855e+00,6.650279e+00,7.023759e+00,4.624973e+00,4.718499e+00
6.809039e+00,6.214608e+00,6.033086e+00,5.940171e+00,6.522093e+00,6.448889e+00,5.777652e+00,6.480045e+00,7.037906e+00,6.137727e+00,6.234411e+00,5.648974e+00,5.587249e+00,6.766192e+00,6.756932e+00,6.650279e+00,7.005789e+00,4.418841e+00,4.663439e+00
6.601230e+00,6.452049e+00,6.100319e+00,5.958425e+00,6.522093e+00,6.349139e+00,5.948035e+00,6.447306e+00,7.056175e+00,6.120297e+00,6.234411e+00,5.648974e+00,5.587249e+00,6.969791e+00,6.665684e+00,6.650279e+00,7.007601e+00,4.418841e+00,4.700480e+00
6.481577e+00,6.575076e+00,6.100319e+00,5.958425e+00,6.510258e+00,6.289716e+00,6.049733e+00,6.447306e+00,6.996681e+00,6.335054e+00,6.234411e+00,5.308268e+00,5.587249e+00,6.991177e+00,6.561031e+00,6.629363e+00,7.015712e+00,4.584967e+00,4.700480e+00
6.525030e+00,6.580639e+00,6.100319e+00,5.958425e+00,6.510258e+00,6.186209e+00,6.167516e+00,6.447306e+00,6.996681e+00,6.342121e+00,6.234411e+00,5.659482e+00,5.686975e+00,7.018402e+00,6.548219e+00,6.594413e+00,7.126891e+00,5.273000e+00,4.290459e+00
6.453625e+00,6.643790e+00,6.100319e+00,5.958425e+00,6.510258e+00,6.177944e+00,6.175867e+00,6.447306e+00,6.996681e+00,6.300786e+00,6.295266e+00,5.700444e+00,5.793014e+00,7.023759e+00,6.514713e+00,6.568078e+00,7.233455e+00,5.488938e+00,4.276666e+00
6.393591e+00,6.690842e+00,6.091310e+00,5.968708e+00,6.452049e+00,6.253829e+00,6.175867e+00,6.444131e+00,6.995766e+00,6.311735e+00,6.333280e+00,5.786897e+00,5.973810e+00,6.963190e+00,6.514713e+00,6.428105e+00,7.260523e+00,5.393628e+00,4.382027e+00
6.269096e+00,6.774224e+00,6.089045e+00,5.950643e+00,6.464588e+00,6.249975e+00,6.180017e+00,6.442540e+00,6.950815e+00,6.214608e+00,6.343880e+00,5.913503e+00,6.003887e+00,7.097549e+00,6.329721e+00,6.428105e+00,7.260523e+00,5.433722e+00,4.110874e+00
6.253829e+00,6.864848e+00,6.139885e+00,5.877736e+00,6.469250e+00,6.295266e+00,6.165418e+00,6.354370e+00,6.991177e+00,6.163315e+00,6.343880e+00,6.249975e+00,6.063785e+00,7.097549e+00,6.208590e+00,6.428105e+00,7.260523e+00,5.433722e+00,3.891820e+00
6.248043e+00,6.856462e+00,6.186209e+00,5.846439e+00,6.444131e+00,6.343880e+00,6.165418e+00,6.354370e+00,6.991177e+00,6.163315e+00,6.347389e+00,6.263398e+00,6.142037e+00,7.097549e+00,6.156979e+00,6.529419e+00,7.279319e+00,5.433722e+00,3.970292e+00
5.945421e+00,6.962243e+00,6.244167e+00,5.843544e+00,6.406880e+00,6.385194e+00,6.142037e+00,6.373320e+00,6.949856e+00,6.163315e+00,6.347389e+00,6.068426e+00,6.144186e+00,7.160846e+00,6.148468e+00,6.529419e+00,7.325808e+00,5.433722e+00,5.075174e+00
5.789960e+00,7.006695e+00,6.257668e+00,5.739793e+00,6.461468e+00,6.385194e+00,6.120297e+00,6.390241e+00,6.806829e+00,6.300786e+00,6.259581e+00,5.998937e+00,6.210600e+00,7.147559e+00,6.249975e+00,6.519147e+00,7.296413e+00,5.433722e+00,5.209486e+00
5.710427e+00,6.884487e+00,6.513230e+00,5.509388e+00,6.556778e+00,6.385194e+00,6.082219e+00,6.418365e+00,6.152733e+00,6.342121e+00,6.287859e+00,5.996452e+00,6.620073e+00,7.133296e+00,6.177944e+00,6.493754e+00,7.099202e+00,5.424950e+00,5.209486e+00
5.758902e+00,6.884487e+00,6.513230e+00,5.438079e+00,6.580639e+00,6.212606e+00,6.200509e+00,6.480045e+00,6.150603e+00,6.326149e+00,6.220590e+00,5.996452e+00,6.695799e+00,7.053586e+00,6.226537e+00,6.496775e+00,7.000334e+00,6.056784e+00,5.147494e+00
5.758902e+00,6.883463e+00,6.514713e+00,5.438079e+00,6.388561e+00,6.408529e+00,5.823046e+00,6.715383e+00,6.150603e+00,6.336826e+00,6.218600e+00,5.993961e+00,6.706862e+00,7.023759e+00,6.295266e+00,6.504288e+00,6.974479e+00,6.248043e+00,5.176150e+00
5.758902e+00,6.871091e+00,6.532334e+00,5.438079e+00,6.218600e+00,6.428105e+00,5.996452e+00,6.735780e+00,6.150603e+00,6.408529e+00,6.542472e+00,5.993961e+00,6.706862e+00,6.964136e+00,6.302619e+00,6.541030e+00,6.842683e+00,6.246107e+00,5.332719e+00
6.056784e+00,6.866933e+00,6.538140e+00,5.438079e+00,5.955837e+00,6.501290e+00,6.154858e+00,6.735780e+00,6.150603e+00,6.380123e+00,6.793466e+00,6.003887e+00,6.706862e+00,6.928538e+00,6.311735e+00,6.439350e+00,6.734592e+00,6.248043e+00,5.332719e+00
6.068426e+00,6.790097e+00,6.635947e+00,5.411646e+00,5.817111e+00,6.508769e+00,6.257668e+00,6.735780e+00,6.148468e+00,6.369901e+00,6.776507e+00,6.023448e+00,6.706862e+00,6.920672e+00,6.311735e+00,6.439350e+00,6.732211e+00,6.375025e+00,5.332719e+00
6.068426e+00,6.720220e+00,6.711740e+00,5.411646e+00,5.749393e+00,6.504288e+00,6.304449e+00,6.735780e+00,6.148468e+00,6.369901e+00,6.776507e+00,6.023448e+00,6.706862e+00,6.834109e+00,6.311735e+00,6.514713e+00,6.666957e+00,6.424869e+00,5.332719e+00
6.068426e+00,6.706862e+00,6.723832e+00,5.416100e+00,5.749393e+00,6.504288e+00,6.304449e+00,6.735780e+00,6.013715e+00,6.369901e+00,6.891626e+00,6.016157e+00,6.709304e+00,6.769642e+00,6.317165e+00,6.523562e+00,6.626718e+00,6.458338e+00,5.332719e+00
6.322565e+00,6.703188e+00,6.705639e+00,5.505332e+00,5.627621e+00,6.549651e+00,6.313548e+00,6.735780e+00,6.013715e+00,6.369901e+00,6.891626e+00,6.113682e+00,6.709304e+00,6.768493e+00,6.361302e+00,6.511745e+00,6.620073e+00,6.481577e+00,5.303305e+00
6.347389e+00,6.712956e+00,6.690842e+00,5.552960e+00,5.627621e+00,6.549651e+00,6.313548e+00,6.735780e+00,5.869297e+00,6.517671e+00,6.899723e+00,6.139885e+00,6.725034e+00,6.768493e+00,6.309918e+00,6.388561e+00,6.616065e+00,6.481577e+00,5.241747e+00
6.306275e+00,6.740519e+00,6.675823e+00,5.598422e+00,5.627621e+00,6.535241e+00,6.329721e+00,6.736967e+00,5.786897e+00,6.641182e+00,6.899723e+00,6.214608e+00,6.767343e+00,6.781058e+00,6.202536e+00,6.311735e+00,6.616065e+00,6.481577e+00,5.241747e+00
6.287859e+00,6.752270e+00,6.675823e+00,5.433722e+00,5.765191e+00,6.535241e+00,6.329721e+00,6.735780e+00,5.789960e+00,6.641182e+00,6.899723e+00,6.214608e+00,6.734592e+00,6.668228e+00,6.109248e+00,5.805135e+00,6.612041e+00,6.519147e+00,5.247024e+00
6.775366e+00,6.818924e+00,6.663133e+00,5.476464e+00,5.765191e+00,6.532334e+00,6.333280e+00,6.236370e+00,6.489205e+00,6.587550e+00,6.899723e+00,6.226537e+00,6.659294e+00,6.658011e+00,6.082219e+00,5.765191e+00,6.447306e+00,6.565265e+00,5.356586e+00
6.767343e+00,6.826545e+00,6.663133e+00,5.476464e+00,5.765191e+00,6.517671e+00,6.350886e+00,5.986452e+00,6.632002e+00,6.529419e+00,6.899723e+00,6.352629e+00,6.579251e+00,6.645091e+00,5.963579e+00,5.789960e+00,6.445720e+00,6.565265e+00,5.796058e+00
6.811244e+00,6.826545e+00,6.661855e+00,5.480639e+00,5.765191e+00,6.517671e+00,6.350886e+00,5.908083e+00,6.654153e+00,6.529419e+00,6.891626e+00,6.710523e+00,6.717805e+00,6.665684e+00,6.013715e+00,5.908083e+00,6.366470e+00,6.744059e+00,6.063785e+00
6.865891e+00,6.826545e+00,6.381816e+00,6.066108e+00,5.726848e+00,6.535241e+00,6.350886e+00,5.908083e+00,6.511745e+00,6.495266e+00,6.861711e+00,6.994850e+00,6.647688e+00,6.633318e+00,6.159095e+00,5.910797e+00,6.244167e+00,6.746412e+00,6.204558e+00
7.042286e+00,6.826545e+00,6.350886e+00,6.095825e+00,5.509388e+00,6.522093e+00,6.472346e+00,5.905362e+00,6.327937e+00,6.583409e+00,6.771936e+00,6.994850e+00,6.566672e+00,6.620073e+00,6.152733e+00,5.905362e+00,6.244167e+00,6.831954e+00,6.204558e+00
7.082549e+00,6.776507e+00,6.381816e+00,5.826000e+00,5.924256e+00,6.502790e+00,6.499787e+00,5.758902e+00,6.413459e+00,6.580639e+00,6.768493e+00,7.021976e+00,6.566672e+00,6.617403e+00,6.381816e+00,5.837730e+00,6.079933e+00,6.960348e+00,6.210600e+00
7.056175e+00,6.809039e+00,6.246107e+00,6.056784e+00,5.924256e+00,6.492240e+00,6.522093e+00,5.616771e+00,6.480045e+00,6.582025e+00,6.768493e+00,7.054450e+00,6.588926e+00,6.613384e+00,6.386879e+00,5.739793e+00,6.063785e+00,6.960348e+00,6.269096e+00
7.067320e+00,6.809039e+00,6.234411e+00,6.070738e+00,5.869297e+00,6.522093e+00,6.514713e+00,5.634790e+00,6.480045e+00,6.602588e+00,6.580639e+00,7.053586e+00,6.605298e+00,6.613384e+00,6.386879e+00,5.655992e+00,6.063785e+00,6.960348e+00,6.274762e+00
7.087574e+00,6.809039e+00,6.214608e+00,6.033086e+00,5.940171e+00,6.522093e+00,6.448889e+00,5.777652e+00,6.480045e+00,6.598509e+00,6.580639e+00,7.128496e+00,6.613384e+00,6.613384e+00,6.259581e+00,5.560682e+00,6.063785e+00,6.960348e+00,6.259581e+00
7.128496e+00,6.601230e+00,6.452049e+00,6.100319e+00,5.958425e+00,6.522093e+00,6.349139e+00,5.948035e+00,6.447306e+00,6.597146e+00,6.580639e+00,7.128496e+00,6.628041e+00,6.161207e+00,6.322565e+00,5.560682e+00,6.104793e+00,6.960348e+00,6.342121e+00
7.233455e+00,6.481577e+00,6.575076e+00,6.100319e+00,5.958425e+00,6.510258e+00,6.289716e+00,6.049733e+00,6.447306e+00,6.436150e+00,6.580639e+00,7.126087e+00,6.642487e+00,6.028279e+00,6.380123e+00,5.560682e+00,6.118097e+00,6.934397e+00,6.463029e+00
7.232733e+00,6.525030e+00,6.580639e+00,6.100319e+00,5.958425e+00,6.510258e+00,6.186209e+00,6.167516e+00,6.447306e+00,6.333280e+00,6.580639e+00,7.023759e+00,6.605298e+00,5.953243e+00,6.381816e+00,5.556828e+00,5.910797e+00,6.835185e+00,6.569481e+00
7.232733e+00,6.453625e+00,6.643790e+00,6.100319e+00,5.958425e+00,6.510258e+00,6.177944e+00,6.175867e+00,6.447306e+00,6.333280e+00,6.535241e+00,7.013016e+00,6.566672e+00,5.902633e+00,6.408529e+00,5.680173e+00,6.131226e+00,6.783325e+00,6.569481e+00
7.304516e+00,6.393591e+00,6.690842e+00,6.091310e+00,5.968708e+00,6.452049e+00,6.253829e+00,6.175867e+00,6.444131e+00,6.679599e+00,6.504288e+00,7.072422e+00,6.470800e+00,5.743003e+00,6.436150e+00,5.680173e+00,6.063785e+00,6.770789e+00,6.558198e+00
7.321189e+00,6.269096e+00,6.774224e+00,6.089045e+00,5.950643e+00,6.464588e+00,6.249975e+00,6.180017e+00,6.442540e+00,6.679599e+00,6.514713e+00,7.034388e+00,6.452049e+00,5.056246e+00,6.628041e+00,5.755742e+00,6.066108e+00,6.758095e+00,6.558198e+00
7.264030e+00,6.253829e+00,6.864848e+00,6.139885e+00,5.877736e+00,6.469250e+00,6.295266e+00,6.165418e+00,6.354370e+00,6.679599e+00,6.514713e+00,6.862758e+00,6.411818e+00,5.056246e+00,6.628041e+00,5.755742e+00,6.315358e+00,6.758095e+00,6.558198e+00
7.291656e+00,6.248043e+00,6.856462e+00,6.186209e+00,5.846439e+00,6.444131e+00,6.343880e+00,6.165418e+00,6.354370e+00,6.679599e+00,6.511745e+00,6.855409e+00,6.352629e+00,5.068904e+00,6.628041e+00,5.521461e+00,6.265301e+00,6.758095e+00,6.733402e+00
7.291656e+00,5.945421e+00,6.962243e+00,6.244167e+00,5.843544e+00,6.406880e+00,6.385194e+00,6.142037e+00,6.373320e+00,6.679599e+00,6.561031e+00,6.891626e+00,6.350886e+00,4.499810e+00,6.628041e+00,5.652489e+00,6.240276e+00,6.758095e+00,6.618739e+00
7.291656e+00,5.789960e+00,7.006695e+00,6.257668e+00,5.739793e+00,6.461468e+00,6.385194e+00,6.120297e+00,6.390241e+00,6.648985e+00,6.505784e+00,6.912743e+00,6.326149e+00,4.762174e+00,6.645091e+00,5.981414e+00,6.240276e+00,6.758095e+00,6.587550e+00
7.293018e+00,5.710427e+00,6.884487e+00,6.513230e+00,5.509388e+00,6.556778e+00,6.385194e+00,6.082219e+00,6.418365e+00,6.618739e+00,6.565265e+00,6.929517e+00,5.945421e+00,4.762174e+00,6.695799e+00,6.093570e+00,6.240276e+00,6.756932e+00,6.587550e+00
7.283448e+00,5.758902e+00,6.884487e+00,6.513230e+00,5.438079e+00,6.580639e+00,6.212606e+00,6.200509e+00,6.480045e+00,6.606650e+00,6.563856e+00,6.952729e+00,5.811141e+00,4.762174e+00,6.904751e+00,6.188264e+00,6.238325e+00,6.487684e+00,6.587550e+00
7.283448e+00,5.758902e+00,6.883463e+00,6.514713e+00,5.438079e+00,6.388561e+00,6.408529e+00,5.823046e+00,6.715383e+00,6.630683e+00,6.461468e+00,6.952729e+00,6.133398e+00,4.762174e+00,6.845880e+00,6.190315e+00,6.238325e+00,6.322565e+00,6.580639e+00
7.283448e+00,5.758902e+00,6.871091e+00,6.532334e+00,5.438079e+00,6.218600e+00,6.428105e+00,5.996452e+00,6.735780e+00,6.492240e+00,6.070738e+00,6.952729e+00,6.133398e+00,5.337538e+00,6.841615e+00,6.248043e+00,6.429719e+00,6.594413e+00,6.538140e+00
7.204893e+00,6.056784e+00,6.866933e+00,6.538140e+00,5.438079e+00,5.955837e+00,6.501290e+00,6.154858e+00,6.735780e+00,6.475433e+00,5.411646e+00,7.030857e+00,6.142037e+00,5.402677e+00,6.836259e+00,6.291569e+00,6.429719e+00,6.763885e+00,6.538140e+00
7.201171e+00,6.068426e+00,6.790097e+00,6.635947e+00,5.411646e+00,5.817111e+00,6.508769e+00,6.257668e+00,6.735780e+00,6.475433e+00,5.402677e+00,7.023759e+00,6.190315e+00,5.402677e+00,6.843750e+00,6.291569e+00,6.442540e+00,6.679599e+00,6.538140e+00
7.201171e+00,6.068426e+00,6.720220e+00,6.711740e+00,5.411646e+00,5.749393e+00,6.504288e+00,6.304449e+00,6.735780e+00,6.475433e+00,5.686975e+00,7.057037e+00,6.222576e+00,5.874931e+00,6.853299e+00,6.196444e+00,6.442540e+00,6.641182e+00,6.538140e+00
7.201171e+00,6.068426e+00,6.706862e+00,6.723832e+00,5.416100e+00,5.749393e+00,6.504288e+00,6.304449e+00,6.735780e+00,6.475433e+00,5.337538e+00,7.057037e+00,6.248043e+00,5.897154e+00,6.850126e+00,6.184149e+00,6.467699e+00,6.785588e+00,6.538140e+00
7.100852e+00,6.322565e+00,6.703188e+00,6.705639e+00,5.505332e+00,5.627621e+00,6.549651e+00,6.313548e+00,6.735780e+00,6.475433e+00,5.700444e+00,7.021084e+00,6.259581e+00,5.897154e+00,6.754604e+00,6.198479e+00,6.516193e+00,6.768493e+00,6.538140e+00
7.082549e+00,6.347389e+00,6.712956e+00,6.690842e+00,5.552960e+00,5.627621e+00,6.549651e+00,6.313548e+00,6.735780e+00,6.320768e+00,5.673323e+00,7.010312e+00,6.234411e+00,5.897154e+00,6.753438e+00,6.711740e+00,6.522093e+00,6.981935e+00,6.538140e+00
7.160846e+00,6.306275e+00,6.740519e+00,6.675823e+00,5.598422e+00,5.627621e+00,6.535241e+00,6.329721e+00,6.736967e+00,6.148468e+00,5.673323e+00,7.122867e+00,6.161207e+00,5.866468e+00,6.753438e+00,6.711740e+00,6.595781e+00,7.017506e+00,6.538140e+00
7.198931e+00,6.287859e+00,6.752270e+00,6.675823e+00,5.433722e+00,5.765191e+00,6.535241e+00,6.329721e+00,6.735780e+00,6.148468e+00,5.673323e+00,7.122867e+00,6.165418e+00,6.501290e+00,6.753438e+00,6.711740e+00,6.628041e+00,6.993933e+00,6.536692e+00
6.846943e+00,6.775366e+00,6.818924e+00,6.663133e+00,5.476464e+00,5.765191e+00,6.532334e+00,6.333280e+00,6.236370e+00,6.148468e+00,5.673323e+00,7.118016e+00,6.165418e+00,6.519147e+00,6.723832e+00,6.711740e+00,6.647688e+00,6.995766e+00,6.504288e+00
6.846943e+00,6.767343e+00,6.826545e+00,6.663133e+00,5.476464e+00,5.765191e+00,6.517671e+00,6.350886e+00,5.986452e+00,6.148468e+00,5.673323e+00,7.114769e+00,6.165418e+00,6.617403e+00,6.698268e+00,6.701960e+00,6.652863e+00,7.177782e+00,6.311735e+00
6.924612e+00,6.811244e+00,6.826545e+00,6.661855e+00,5.480639e+00,5.765191e+00,6.517671e+00,6.350886e+00,5.908083e+00,6.148468e+00,5.720312e+00,6.890609e+00,5.905362e+00,6.597146e+00,6.670766e+00,6.650279e+00,6.654153e+00,7.065613e+00,6.109248e+00
7.015712e+00,6.865891e+00,6.826545e+00,6.381816e+00,6.066108e+00,5.726848e+00,6.535241e+00,6.350886e+00,5.908083e+00,6.148468e+00,5.786897e+00,6.569481e+00,5.905362e+00,6.597146e+00,6.586172e+00,6.646391e+00,6.654153e+00,7.071573e+00,5.953243e+00
6.834109e+00,7.042286e+00,6.826545e+00,6.350886e+00,6.095825e+00,5.509388e+00,6.522093e+00,6.472346e+00,5.905362e+00,5.837730e+00,5.786897e+00,6.569481e+00,5.905362e+00,6.597146e+00,6.586172e+00,6.658011e+00,6.654153e+00,7.042286e+00,6.173786e+00
6.800170e+00,7.082549e+00,6.776507e+00,6.381816e+00,5.826000e+00,5.924256e+00,6.502790e+00,6.499787e+00,5.758902e+00,5.826000e+00,5.789960e+00,6.526495e+00,5.905362e+00,6.597146e+00,6.408529e+00,6.700731e+00,6.654153e+00,7.001246e+00,6.182085e+00
6.778785e+00,7.056175e+00,6.809039e+00,6.246107e+00,6.056784e+00,5.924256e+00,6.492240e+00,6.522093e+00,5.616771e+00,5.823046e+00,6.047372e+00,6.469250e+00,5.860786e+00,6.597146e+00,6.401917e+00,6.699500e+00,6.654153e+00,7.073270e+00,6.139885e+00
6.763885e+00,7.067320e+00,6.809039e+00,6.234411e+00,6.070738e+00,5.869297e+00,6.522093e+00,6.514713e+00,5.634790e+00,5.777652e+00,6.047372e+00,6.469250e+00,5.826000e+00,6.597146e+00,6.411818e+00,6.699500e+00,6.654153e+00,7.251345e+00,6.133398e+00
6.735780e+00,7.087574e+00,6.809039e+00,6.214608e+00,6.033086e+00,5.940171e+00,6.522093e+00,6.448889e+00,5.777652e+00,5.777652e+00,6.095825e+00,6.318968e+00,5.808142e+00,6.597146e+00,6.413459e+00,6.699500e+00,6.654153e+00,7.323831e+00,6.144186e+00
6.838405e+00,7.128496e+00,6.601230e+00,6.452049e+00,6.100319e+00,5.958425e+00,6.522093e+00,6.349139e+00,5.948035e+00,5.783825e+00,6.095825e+00,6.318968e+00,5.774552e+00,6.597146e+00,6.426488e+00,6.699500e+00,6.638568e+00,7.381502e+00,6.033086e+00
6.688355e+00,7.233455e+00,6.481577e+00,6.575076e+00,6.100319e+00,5.958425e+00,6.510258e+00,6.289716e+00,6.049733e+00,5.786897e+00,6.095825e+00,6.318968e+00,5.739793e+00,6.629363e+00,6.371612e+00,6.835185e+00,6.618739e+00,7.465655e+00,5.840642e+00
6.661855e+00,7.232733e+00,6.525030e+00,6.580639e+00,6.100319e+00,5.958425e+00,6.510258e+00,6.186209e+00,6.167516e+00,5.786897e+00,6.095825e+00,6.318968e+00,5.739793e+00,6.673298e+00,6.369901e+00,6.931472e+00,6.573680e+00,7.519150e+00,5.605802e+00
6.661855e+00,7.232733e+00,6.453625e+00,6.643790e+00,6.100319e+00,5.958425e+00,6.510258e+00,6.177944e+00,6.175867e+00,5.929589e+00,6.095825e+00,6.318968e+00,5.799093e+00,6.673298e+00,6.342121e+00,6.898715e+00,6.184149e+00,7.519150e+00,5.609472e+00
6.523562e+00,7.304516e+00,6.393591e+00,6.690842e+00,6.091310e+00,5.968708e+00,6.452049e+00,6.253829e+00,6.175867e+00,5.811141e+00,6.095825e+00,6.126869e+00,5.799093e+00,6.673298e+00,6.311735e+00,6.923629e+00,6.167516e+00,7.534228e+00,5.655992e+00
6.486161e+00,7.321189e+00,6.269096e+00,6.774224e+00,6.089045e+00,5.950643e+00,6.464588e+00,6.249975e+00,6.180017e+00,5.971262e+00,6.066108e+00,6.182085e+00,5.799093e+00,6.675823e+00,6.003887e+00,6.959399e+00,6.242223e+00,7.555382e+00,5.686975e+00
6.464588e+00,7.264030e+00,6.253829e+00,6.864848e+00,6.139885e+00,5.877736e+00,6.469250e+00,6.295266e+00,6.165418e+00,6.122493e+00,6.182085e+00,6.259581e+00,5.828946e+00,6.675823e+00,6.186209e+00,6.959399e+00,6.016157e+00,7.560601e+00,5.755742e+00
6.381816e+00,7.291656e+00,6.248043e+00,6.856462e+00,6.186209e+00,5.846439e+00,6.444131e+00,6.343880e+00,6.165418e+00,6.224558e+00,6.375025e+00,6.308098e+00,6.011267e+00,6.673298e+00,6.575076e+00,6.959399e+00,6.016157e+00,7.595387e+00,5.525453e+00
6.381816e+00,7.291656e+00,5.945421e+00,6.962243e+00,6.244167e+00,5.843544e+00,6.406880e+00,6.385194e+00,6.142037e+00,6.224558e+00,6.342121e+00,6.285998e+00,6.198479e+00,6.660575e+00,6.575076e+00,6.925595e+00,5.869297e+00,7.629976e+00,5.521461e+00
6.381816e+00,7.291656e+00,5.789960e+00,7.006695e+00,6.257668e+00,5.739793e+00,6.461468e+00,6.385194e+00,6.120297e+00,6.200509e+00,6.406880e+00,6.415097e+00,6.161207e+00,6.625392e+00,6.797940e+00,6.810142e+00,5.869297e+00,7.746733e+00,5.686975e+00
6.410175e+00,7.293018e+00,5.710427e+00,6.884487e+00,6.513230e+00,5.509388e+00,6.556778e+00,6.385194e+00,6.082219e+00,6.228511e+00,6.306275e+00,6.386879e+00,6.028279e+00,6.648985e+00,6.783325e+00,6.754604e+00,5.869297e+00,7.748029e+00,5.902633e+00
6.436150e+00,7.283448e+00,5.758902e+00,6.884487e+00,6.513230e+00,5.438079e+00,6.580639e+00,6.212606e+00,6.200509e+00,6.632002e+00,6.306275e+00,6.345636e+00,6.006353e+00,6.834109e+00,6.502790e+00,6.929517e+00,5.869297e+00,7.750184e+00,5.948035e+00
6.437752e+00,7.283448e+00,5.758902e+00,6.883463e+00,6.514713e+00,5.438079e+00,6.388561e+00,6.408529e+00,5.823046e+00,6.648985e+00,6.434547e+00,6.345636e+00,5.598422e+00,6.842683e+00,6.787845e+00,6.967909e+00,6.016157e+00,7.754053e+00,5.978886e+00
6.444131e+00,7.283448e+00,5.758902e+00,6.871091e+00,6.532334e+00,5.438079e+00,6.218600e+00,6.428105e+00,5.996452e+00,6.742881e+00,6.508769e+00,6.345636e+00,5.598422e+00,6.740519e+00,6.824374e+00,6.910751e+00,5.707110e+00,7.668094e+00,5.978886e+00
6.444131e+00,7.204893e+00,6.056784e+00,6.866933e+00,6.538140e+00,5.438079e+00,5.955837e+00,6.501290e+00,6.154858e+00,6.742881e+00,6.543912e+00,6.175867e+00,5.613128e+00,6.723832e+00,7.069874e+00,6.887553e+00,5.749393e+00,7.602401e+00,6.037871e+00
6.444131e+00,7.201171e+00,6.068426e+00,6.790097e+00,6.635947e+00,5.411646e+00,5.817111e+00,6.508769e+00,6.257668e+00,6.742881e+00,6.558198e+00,6.175867e+00,6.142037e+00,6.749931e+00,7.096721e+00,6.887553e+00,5.826000e+00,7.602401e+00,6.054439e+00
6.444131e+00,7.201171e+00,6.068426e+00,6.720220e+00,6.711740e+00,5.411646e+00,5.749393e+00,6.504288e+00,6.304449e+00,6.742881e+00,6.452049e+00,6.093570e+00,6.107023e+00,6.580639e+00,7.099202e+00,6.887553e+00,5.874931e+00,7.602401e+00,6.054439e+00
6.444131e+00,7.201171e+00,6.068426e+00,6.706862e+00,6.723832e+00,5.416100e+00,5.749393e+00,6.504288e+00,6.304449e+00,6.742881e+00,6.419995e+00,6.093570e+00,6.077642e+00,6.632002e+00,7.105786e+00,7.081709e+00,5.886104e+00,7.532624e+00,6.054439e+00
6.444131e+00,7.100852e+00,6.322565e+00,6.703188e+00,6.705639e+00,5.505332e+00,5.627621e+00,6.549651e+00,6.313548e+00,6.742881e+00,6.259581e+00,6.091310e+00,6.261492e+00,6.946014e+00,7.191429e+00,7.070724e+00,6.049733e+00,7.532624e+00,6.054439e+00
6.444131e+00,7.082549e+00,6.347389e+00,6.712956e+00,6.690842e+00,5.552960e+00,5.627621e+00,6.549651e+00,6.313548e+00,6.742881e+00,6.259581e+00,6.091310e+00,6.287859e+00,7.052721e+00,7.218177e+00,6.695799e+00,6.042633e+00,7.476472e+00,6.054439e+00
6.276643e+00,7.160846e+00,6.306275e+00,6.740519e+00,6.675823e+00,5.598422e+00,5.627621e+00,6.535241e+00,6.329721e+00,6.741701e+00,6.259581e+00,5.613128e+00,6.293419e+00,7.060476e+00,7.245655e+00,6.714171e+00,5.968708e+00,7.454141e+00,6.054439e+00
6.177944e+00,7.198931e+00,6.287859e+00,6.752270e+00,6.675823e+00,5.433722e+00,5.765191e+00,6.535241e+00,6.329721e+00,6.741701e+00,6.259581e+00,5.638355e+00,6.289716e+00,6.742881e+00,7.254885e+00,6.714171e+00,6.118097e+00,7.454141e+00,6.054439e+00
6.177944e+00,6.846943e+00,6.775366e+00,6.818924e+00,6.663133e+00,5.476464e+00,5.765191e+00,6.532334e+00,6.333280e+00,6.741701e+00,6.263398e+00,5.638355e+00,6.329721e+00,6.726233e+00,7.254885e+00,6.714171e+00,6.297109e+00,7.507141e+00,6.054439e+00
6.177944e+00,6.846943e+00,6.767343e+00,6.826545e+00,6.663133e+00,5.476464e+00,5.765191e+00,6.517671e+00,6.350886e+00,6.863803e+00,6.493754e+00,5.379897e+00,6.329721e+00,6.709304e+00,7.254885e+00,6.714171e+00,6.291569e+00,7.395108e+00,6.054439e+00
5.905362e+00,6.924612e+00,6.811244e+00,6.826545e+00,6.661855e+00,5.480639e+00,5.765191e+00,6.517671e+00,6.350886e+00,6.863803e+00,6.572283e+00,5.379897e+00,6.329721e+00,6.791221e+00,7.254885e+00,6.714171e+00,6.289716e+00,7.425954e+00,6.054439e+00
5.389072e+00,7.015712e+00,6.865891e+00,6.826545e+00,6.381816e+00,6.066108e+00,5.726848e+00,6.535241e+00,6.350886e+00,6.931472e+00,6.584791e+00,5.446737e+00,6.329721e+00,6.794587e+00,7.254885e+00,6.714171e+00,6.289716e+00,7.438972e+00,6.054439e+00
5.389072e+00,6.834109e+00,7.042286e+00,6.826545e+00,6.350886e+00,6.095825e+00,5.509388e+00,6.522093e+00,6.472346e+00,6.931472e+00,6.654153e+00,5.971262e+00,6.329721e+00,6.794587e+00,7.254885e+00,6.716595e+00,6.289716e+00,7.413970e+00,5.802118e+00
5.407172e+00,6.800170e+00,7.082549e+00,6.776507e+00,6.381816e+00,5.826000e+00,5.924256e+00,6.502790e+00,6.499787e+00,6.931472e+00,6.652863e+00,5.971262e+00,6.329721e+00,6.794587e+00,7.252762e+00,6.674561e+00,6.289716e+00,7.363914e+00,5.780744e+00
5.407172e+00,6.778785e+00,7.056175e+00,6.809039e+00,6.246107e+00,6.056784e+00,5.924256e+00,6.492240e+00,6.522093e+00,6.934397e+00,6.520621e+00,5.971262e+00,6.335054e+00,6.812345e+00,7.353722e+00,6.674561e+00,6.313548e+00,7.310550e+00,5.894403e+00
5.407172e+00,6.763885e+00,7.067320e+00,6.809039e+00,6.234411e+00,6.070738e+00,5.869297e+00,6.522093e+00,6.514713e+00,6.981006e+00,6.520621e+00,5.981414e+00,6.343880e+00,6.812345e+00,7.370231e+00,6.674561e+00,6.313548e+00,7.156956e+00,5.897154e+00
5.407172e+00,6.735780e+00,7.087574e+00,6.809039e+00,6.214608e+00,6.033086e+00,5.940171e+00,6.522093e+00,6.448889e+00,6.996681e+00,6.523562e+00,5.986452e+00,6.347389e+00,6.812345e+00,7.375256e+00,6.674561e+00,6.313548e+00,7.080868e+00,5.883322e+00
4.406719e+00,6.838405e+00,7.128496e+00,6.601230e+00,6.452049e+00,6.100319e+00,5.958425e+00,6.522093e+00,6.349139e+00,6.994850e+00,6.535241e+00,6.154858e+00,6.347389e+00,6.812345e+00,7.471932e+00,6.674561e+00,6.298949e+00,7.002156e+00,5.883322e+00
4.477337e+00,6.688355e+00,7.233455e+00,6.481577e+00,6.575076e+00,6.100319e+00,5.958425e+00,6.510258e+00,6.289716e+00,7.033506e+00,6.535241e+00,6.200509e+00,6.347389e+00,6.785588e+00,7.504392e+00,6.513230e+00,6.298949e+00,6.865891e+00,5.883322e+00
4.820282e+00,6.661855e+00,7.232733e+00,6.525030e+00,6.580639e+00,6.100319e+00,5.958425e+00,6.510258e+00,6.186209e+00,7.149132e+00,6.535241e+00,6.200509e+00,6.347389e+00,6.746412e+00,7.515889e+00,6.363028e+00,6.265301e+00,6.760415e+00,5.883322e+00
4.820282e+00,6.661855e+00,7.232733e+00,6.453625e+00,6.643790e+00,6.100319e+00,5.958425e+00,6.510258e+00,6.177944e+00,7.412764e+00,6.535241e+00,6.200509e+00,6.304449e+00,6.746412e+00,7.586296e+00,6.361302e+00,6.375025e+00,6.760415e+00,5.897154e+00
4.804021e+00,6.523562e+00,7.304516e+00,6.393591e+00,6.690842e+00,6.091310e+00,5.968708e+00,6.452049e+00,6.253829e+00,7.283448e+00,6.535241e+00,6.276643e+00,6.322565e+00,6.746412e+00,7.586296e+00,6.317165e+00,6.375025e+00,6.742881e+00,5.860786e+00
4.804021e+00,6.486161e+00,7.321189e+00,6.269096e+00,6.774224e+00,6.089045e+00,5.950643e+00,6.464588e+00,6.249975e+00,7.242798e+00,6.535241e+00,6.226537e+00,6.393591e+00,6.744059e+00,7.586296e+00,6.202536e+00,6.308098e+00,6.763885e+00,5.834811e+00
4.897840e+00,6.464588e+00,7.264030e+00,6.253829e+00,6.864848e+00,6.139885e+00,5.877736e+00,6.469250e+00,6.295266e+00,7.195937e+00,6.455199e+00,6.146329e+00,6.405228e+00,6.744059e+00,7.567346e+00,6.202536e+00,6.327937e+00,6.763885e+00,5.771441e+00
5.236442e+00,6.381816e+00,7.291656e+00,6.248043e+00,6.856462e+00,6.186209e+00,5.846439e+00,6.444131e+00,6.343880e+00,7.158514e+00,6.278521e+00,6.089045e+00,6.396930e+00,6.748760e+00,7.440147e+00,6.202536e+00,6.401917e+00,6.768493e+00,5.509388e+00
5.402677e+00,6.381816e+00,7.291656e+00,5.945421e+00,6.962243e+00,6.244167e+00,5.843544e+00,6.406880e+00,6.385194e+00,7.159292e+00,6.263398e+00,6.033086e+00,6.318968e+00,6.804615e+00,7.440147e+00,6.234411e+00,6.403574e+00,6.685861e+00,5.446737e+00
6.216606e+00,6.381816e+00,7.291656e+00,5.789960e+00,7.006695e+00,6.257668e+00,5.739793e+00,6.461468e+00,6.385194e+00,7.132498e+00,6.226537e+00,5.774552e+00,6.385194e+00,6.835185e+00,7.286876e+00,6.259581e+00,6.405228e+00,6.302619e+00,5.231109e+00
6.177944e+00,6.410175e+00,7.293018e+00,5.710427e+00,6.884487e+00,6.513230e+00,5.509388e+00,6.556778e+00,6.385194e+00,7.167809e+00,6.226537e+00,5.774552e+00,6.357842e+00,6.853299e+00,7.268223e+00,6.329721e+00,6.405228e+00,6.297109e+00,4.753590e+00
6.142037e+00,6.436150e+00,7.283448e+00,5.758902e+00,6.884487e+00,6.513230e+00,5.438079e+00,6.580639e+00,6.212606e+00,6.951772e+00,6.226537e+00,5.774552e+00,6.386879e+00,6.752270e+00,7.261927e+00,5.869297e+00,6.405228e+00,6.287859e+00,4.875197e+00
6.142037e+00,6.437752e+00,7.283448e+00,5.758902e+00,6.883463e+00,6.514713e+00,5.438079e+00,6.388561e+00,6.408529e+00,6.961296e+00,6.118097e+00,5.774552e+00,6.386879e+00,6.908755e+00,7.097549e+00,5.777652e+00,6.300786e+00,6.270988e+00,4.859812e+00
6.133398e+00,6.444131e+00,7.283448e+00,5.758902e+00,6.871091e+00,6.532334e+00,5.438079e+00,6.218600e+00,6.428105e+00,6.914731e+00,6.006353e+00,5.774552e+00,6.390241e+00,6.909753e+00,7.094235e+00,5.805135e+00,6.298949e+00,6.270988e+00,4.859812e+00
6.163315e+00,6.444131e+00,7.204893e+00,6.056784e+00,6.866933e+00,6.538140e+00,5.438079e+00,5.955837e+00,6.501290e+00,6.914731e+00,5.945421e+00,5.774552e+00,6.432940e+00,6.910751e+00,6.855409e+00,5.971262e+00,6.274762e+00,6.270988e+00,4.653960e+00
6.274762e+00,6.444131e+00,7.201171e+00,6.068426e+00,6.790097e+00,6.635947e+00,5.411646e+00,5.817111e+00,6.508769e+00,6.914731e+00,6.212606e+00,5.774552e+00,6.144186e+00,6.900731e+00,6.813445e+00,5.991465e+00,6.210600e+00,6.270988e+00,5.393628e+00
6.416732e+00,6.444131e+00,7.201171e+00,6.068426e+00,6.720220e+00,6.711740e+00,5.411646e+00,5.749393e+00,6.504288e+00,6.926577e+00,6.208590e+00,5.774552e+00,6.150603e+00,6.899723e+00,6.800170e+00,5.991465e+00,6.175867e+00,6.270988e+00,5.552960e+00
6.424869e+00,6.444131e+00,7.201171e+00,6.068426e+00,6.706862e+00,6.723832e+00,5.416100e+00,5.749393e+00,6.504288e+00,6.939254e+00,6.340359e+00,5.774552e+00,6.146329e+00,6.852243e+00,6.791221e+00,5.247024e+00,6.133398e+00,6.261492e+00,5.894403e+00
6.569481e+00,6.444131e+00,7.100852e+00,6.322565e+00,6.703188e+00,6.705639e+00,5.505332e+00,5.627621e+00,6.549651e+00,7.034388e+00,6.483107e+00,5.774552e+00,5.921578e+00,6.501290e+00,6.660575e+00,5.247024e+00,5.899897e+00,6.261492e+00,6.082219e+00
6.722630e+00,6.444131e+00,7.082549e+00,6.347389e+00,6.712956e+00,6.690842e+00,5.552960e+00,5.627621e+00,6.549651e+00,7.130099e+00,6.525030e+00,5.774552e+00,5.883322e+00,6.308098e+00,6.613384e+00,5.579730e+00,5.897154e+00,6.037871e+00,6.082219e+00
6.723832e+00,6.276643e+00,7.160846e+00,6.306275e+00,6.740519e+00,6.675823e+00,5.598422e+00,5.627621e+00,6.535241e+00,7.130099e+00,6.525030e+00,5.774552e+00,5.874931e+00,6.291569e+00,6.561031e+00,5.537334e+00,5.834811e+00,6.037871e+00,6.082219e+00
6.726233e+00,6.177944e+00,7.198931e+00,6.287859e+00,6.752270e+00,6.675823e+00,5.433722e+00,5.765191e+00,6.535241e+00,7.130099e+00,6.760415e+00,5.752573e+00,5.874931e+00,6.378426e+00,6.542472e+00,5.786897e+00,5.541264e+00,6.037871e+00,6.082219e+00
6.919684e+00,6.177944e+00,6.846943e+00,6.775366e+00,6.818924e+00,6.663133e+00,5.476464e+00,5.765191e+00,6.532334e+00,7.130099e+00,6.802395e+00,6.202536e+00,5.811141e+00,6.311735e+00,6.542472e+00,5.786897e+00,5.017280e+00,5.676754e+00,6.082219e+00
6.928538e+00,6.177944e+00,6.846943e+00,6.767343e+00,6.826545e+00,6.663133e+00,5.476464e+00,5.765191e+00,6.517671e+00,7.037906e+00,6.902743e+00,6.434547e+00,5.811141e+00,6.263398e+00,6.693324e+00,5.950643e+00,5.010635e+00,5.662960e+00,6.082219e+00
6.950815e+00,5.905362e+00,6.924612e+00,6.811244e+00,6.826545e+00,6.661855e+00,5.480639e+00,5.765191e+00,6.517671e+00,7.056175e+00,6.831954e+00,6.434547e+00,5.894403e+00,6.126869e+00,6.874198e+00,5.950643e+00,5.010635e+00,5.468060e+00,6.082219e+00
6.967909e+00,5.389072e+00,7.015712e+00,6.865891e+00,6.826545e+00,6.381816e+00,6.066108e+00,5.726848e+00,6.535241e+00,6.996681e+00,6.917706e+00,6.410175e+00,5.916202e+00,6.120297e+00,7.023759e+00,5.950643e+00,5.010635e+00,5.327876e+00,6.326149e+00
7.031741e+00,5.389072e+00,6.834109e+00,7.042286e+00,6.826545e+00,6.350886e+00,6.095825e+00,5.509388e+00,6.522093e+00,6.996681e+00,6.889591e+00,6.104793e+00,6.049733e+00,6.120297e+00,7.023759e+00,5.921578e+00,5.429346e+00,5.327876e+00,6.406880e+00
7.014814e+00,5.407172e+00,6.800170e+00,7.082549e+00,6.776507e+00,6.381816e+00,5.826000e+00,5.924256e+00,6.502790e+00,6.996681e+00,6.889591e+00,6.104793e+00,6.056784e+00,6.120297e+00,7.023759e+00,5.921578e+00,5.552960e+00,5.327876e+00,6.408529e+00
7.014814e+00,5.407172e+00,6.778785e+00,7.056175e+00,6.809039e+00,6.246107e+00,6.056784e+00,5.924256e+00,6.492240e+00,6.995766e+00,6.890609e+00,6.104793e+00,6.139885e+00,6.084499e+00,6.880384e+00,5.921578e+00,5.505332e+00,5.332719e+00,6.342121e+00
7.217443e+00,5.407172e+00,6.763885e+00,7.067320e+00,6.809039e+00,6.234411e+00,6.070738e+00,5.869297e+00,6.522093e+00,6.950815e+00,6.929517e+00,6.095825e+00,6.295266e+00,6.084499e+00,6.846943e+00,5.921578e+00,5.786897e+00,5.247024e+00,6.432940e+00
7.292337e+00,5.407172e+00,6.735780e+00,7.087574e+00,6.809039e+00,6.214608e+00,6.033086e+00,5.940171e+00,6.522093e+00,6.991177e+00,7.000334e+00,6.091310e+00,6.298949e+00,6.084499e+00,6.828712e+00,6.006353e+00,5.786897e+00,5.181784e+00,6.432940e+00
7.347944e+00,4.406719e+00,6.838405e+00,7.128496e+00,6.601230e+00,6.452049e+00,6.100319e+00,5.958425e+00,6.522093e+00,6.991177e+00,7.013915e+00,5.910797e+00,6.496775e+00,6.084499e+00,6.709304e+00,6.593045e+00,5.786897e+00,5.463832e+00,6.492240e+00
7.338888e+00,4.477337e+00,6.688355e+00,7.233455e+00,6.481577e+00,6.575076e+00,6.100319e+00,5.958425e+00,6.510258e+00,6.949856e+00,7.024649e+00,5.849325e+00,6.862758e+00,6.084499e+00,6.651572e+00,6.594413e+00,5.786897e+00,5.572154e+00,6.637258e+00
7.418181e+00,4.820282e+00,6.661855e+00,7.232733e+00,6.525030e+00,6.580639e+00,6.100319e+00,5.958425e+00,6.510258e+00,6.806829e+00,7.107425e+00,5.874931e+00,6.874198e+00,6.084499e+00,6.625392e+00,6.594413e+00,5.786897e+00,5.993961e+00,6.689599e+00
7.466228e+00,4.820282e+00,6.661855e+00,7.232733e+00,6.453625e+00,6.643790e+00,6.100319e+00,5.958425e+00,6.510258e+00,6.152733e+00,7.130099e+00,6.226537e+00,7.095064e+00,6.084499e+00,6.429719e+00,6.594413e+00,5.572154e+00,6.030685e+00,6.740519e+00
7.466228e+00,4.804021e+00,6.523562e+00,7.304516e+00,6.393591e+00,6.690842e+00,6.091310e+00,5.968708e+00,6.452049e+00,6.150603e+00,7.153052e+00,6.159095e+00,7.086738e+00,6.118097e+00,6.429719e+00,6.594413e+00,5.572154e+00,6.159095e+00,6.802395e+00
7.466228e+00,4.804021e+00,6.486161e+00,7.321189e+00,6.269096e+00,6.774224e+00,6.089045e+00,5.950643e+00,6.464588e+00,6.150603e+00,7.153052e+00,6.159095e+00,7.051856e+00,6.150603e+00,6.429719e+00,6.594413e+00,5.572154e+00,6.030685e+00,6.804615e+00
7.459339e+00,4.897840e+00,6.464588e+00,7.264030e+00,6.253829e+00,6.864848e+00,6.139885e+00,5.877736e+00,6.469250e+00,6.150603e+00,7.153052e+00,6.159095e+00,7.037028e+00,6.150603e+00,6.519147e+00,6.594413e+00,5.463832e+00,6.486161e+00,6.804615e+00
7.427739e+00,5.236442e+00,6.381816e+00,7.291656e+00,6.248043e+00,6.856462e+00,6.186209e+00,5.846439e+00,6.444131e+00,6.150603e+00,7.153052e+00,6.159095e+00,6.980076e+00,6.142037e+00,6.675823e+00,6.594413e+00,5.929589e+00,6.369901e+00,6.804615e+00
7.420579e+00,5.402677e+00,6.381816e+00,7.291656e+00,5.945421e+00,6.962243e+00,6.244167e+00,5.843544e+00,6.406880e+00,6.148468e+00,7.147559e+00,6.159095e+00,6.961296e+00,6.267201e+00,6.677083e+00,6.572283e+00,6.186209e+00,6.368187e+00,6.804615e+00
7.237778e+00,6.216606e+00,6.381816e+00,7.291656e+00,5.789960e+00,7.006695e+00,6.257668e+00,5.739793e+00,6.461468e+00,6.148468e+00,7.132498e+00,6.159095e+00,6.949856e+00,6.343880e+00,6.683361e+00,6.553933e+00,6.196444e+00,6.368187e+00,6.804615e+00
7.237778e+00,6.177944e+00,6.410175e+00,7.293018e+00,5.710427e+00,6.884487e+00,6.513230e+00,5.509388e+00,6.556778e+00,6.013715e+00,7.132498e+00,6.159095e+00,6.949856e+00,6.282267e+00,6.683361e+00,6.498282e+00,6.280396e+00,6.368187e+00,6.804615e+00
7.237778e+00,6.142037e+00,6.436150e+00,7.283448e+00,5.758902e+00,6.884487e+00,6.513230e+00,5.438079e+00,6.580639e+00,6.013715e+00,7.132498e+00,6.177944e+00,6.931472e+00,6.472346e+00,6.894670e+00,6.492240e+00,6.280396e+00,6.368187e+00,6.768493e+00
7.237059e+00,6.142037e+00,6.437752e+00,7.283448e+00,5.758902e+00,6.883463e+00,6.514713e+00,5.438079e+00,6.388561e+00,5.869297e+00,7.113956e+00,6.444131e+00,6.931472e+00,6.251904e+00,6.889591e+00,6.469250e+00,6.393591e+00,6.373320e+00,6.756932e+00
7.237059e+00,6.133398e+00,6.444131e+00,7.283448e+00,5.758902e+00,6.871091e+00,6.532334e+00,5.438079e+00,6.218600e+00,5.786897e+00,7.113956e+00,6.444131e+00,6.929517e+00,6.300786e+00,6.859615e+00,6.453625e+00,6.401917e+00,6.373320e+00,6.756932e+00
7.226936e+00,6.163315e+00,6.444131e+00,7.204893e+00,6.056784e+00,6.866933e+00,6.538140e+00,5.438079e+00,5.955837e+00,5.789960e+00,7.113956e+00,6.444131e+00,6.896694e+00,6.352629e+00,6.859615e+00,6.354370e+00,6.439350e+00,6.373320e+00,6.756932e+00
7.185387e+00,6.274762e+00,6.444131e+00,7.201171e+00,6.068426e+00,6.790097e+00,6.635947e+00,5.411646e+00,5.817111e+00,6.489205e+00,7.117206e+00,6.489205e+00,7.026427e+00,6.342121e+00,6.859615e+00,6.340359e+00,6.483107e+00,6.373320e+00,6.603944e+00
7.122060e+00,6.416732e+00,6.444131e+00,7.201171e+00,6.068426e+00,6.720220e+00,6.711740e+00,5.411646e+00,5.749393e+00,6.632002e+00,7.122060e+00,6.489205e+00,7.023759e+00,6.354370e+00,6.859615e+00,6.340359e+00,6.484635e+00,6.373320e+00,6.551080e+00
7.118016e+00,6.424869e+00,6.444131e+00,7.201171e+00,6.068426e+00,6.706862e+00,6.723832e+00,5.416100e+00,5.749393e+00,6.654153e+00,7.062192e+00,6.489205e+00,7.023759e+00,6.357842e+00,6.870053e+00,6.340359e+00,6.922644e+00,6.478510e+00,6.519147e+00
7.037028e+00,6.569481e+00,6.444131e+00,7.100852e+00,6.322565e+00,6.703188e+00,6.705639e+00,5.505332e+00,5.627621e+00,6.511745e+00,6.985642e+00,6.489205e+00,7.023759e+00,6.563856e+00,6.870053e+00,6.340359e+00,6.948897e+00,6.520621e+00,6.419995e+00
6.927558e+00,6.722630e+00,6.444131e+00,7.082549e+00,6.347389e+00,6.712956e+00,6.690842e+00,5.552960e+00,5.627621e+00,6.327937e+00,6.959399e+00,6.489205e+00,7.023759e+00,6.566672e+00,6.870053e+00,6.198479e+00,7.037028e+00,6.520621e+00,6.436150e+00
6.929517e+00,6.723832e+00,6.276643e+00,7.160846e+00,6.306275e+00,6.740519e+00,6.675823e+00,5.598422e+00,5.627621e+00,6.413459e+00,6.962243e+00,6.489205e+00,7.023759e+00,6.677083e+00,6.873164e+00,6.340359e+00,7.046647e+00,6.520621e+00,6.436150e+00
6.927558e+00,6.726233e+00,6.177944e+00,7.198931e+00,6.287859e+00,6.752270e+00,6.675823e+00,5.433722e+00,5.765191e+00,6.480045e+00,6.774224e+00,6.489205e+00,7.023759e+00,6.661855e+00,7.047517e+00,6.204558e+00,7.059618e+00,6.520621e+00,6.436150e+00
6.765039e+00,6.919684e+00,6.177944e+00,6.846943e+00,6.775366e+00,6.818924e+00,6.663133e+00,5.476464e+00,5.765191e+00,6.480045e+00,6.728629e+00,6.171701e+00,7.023759e+00,6.656727e+00,7.057898e+00,6.302619e+00,7.059618e+00,6.519147e+00,6.436150e+00
6.777647e+00,6.928538e+00,6.177944e+00,6.846943e+00,6.767343e+00,6.826545e+00,6.663133e+00,5.476464e+00,5.765191e+00,6.480045e+00,6.463029e+00,5.857933e+00,7.023759e+00,6.613384e+00,6.956545e+00,6.190315e+00,7.059618e+00,6.487684e+00,6.436150e+00
6.756932e+00,6.950815e+00,5.905362e+00,6.924612e+00,6.811244e+00,6.826545e+00,6.661855e+00,5.480639e+00,5.765191e+00,6.447306e+00,6.463029e+00,5.857933e+00,6.997596e+00,6.927558e+00,6.821107e+00,6.192362e+00,7.059618e+00,6.487684e+00,6.436150e+00
6.735780e+00,6.967909e+00,5.389072e+00,7.015712e+00,6.865891e+00,6.826545e+00,6.381816e+00,6.066108e+00,5.726848e+00,6.447306e+00,6.289716e+00,5.857933e+00,6.990257e+00,6.929517e+00,6.684612e+00,6.276643e+00,7.059618e+00,6.487684e+00,6.343880e+00
6.648985e+00,7.031741e+00,5.389072e+00,6.834109e+00,7.042286e+00,6.826545e+00,6.350886e+00,6.095825e+00,5.509388e+00,6.447306e+00,6.249975e+00,5.857933e+00,6.940222e+00,6.931472e+00,6.684612e+00,6.361302e+00,6.990257e+00,6.487684e+00,6.265301e+00
6.647688e+00,7.014814e+00,5.407172e+00,6.800170e+00,7.082549e+00,6.776507e+00,6.381816e+00,5.826000e+00,5.924256e+00,6.447306e+00,6.285998e+00,5.945421e+00,7.042286e+00,6.931472e+00,6.687109e+00,6.431331e+00,6.962243e+00,6.487684e+00,6.263398e+00
6.647688e+00,7.014814e+00,5.407172e+00,6.778785e+00,7.056175e+00,6.809039e+00,6.246107e+00,6.056784e+00,5.924256e+00,6.444131e+00,6.483107e+00,5.961005e+00,7.013915e+00,6.931472e+00,6.687109e+00,6.472346e+00,6.961296e+00,6.486161e+00,6.255750e+00
6.267201e+00,7.217443e+00,5.407172e+00,6.763885e+00,7.067320e+00,6.809039e+00,6.234411e+00,6.070738e+00,5.869297e+00,6.442540e+00,6.429719e+00,5.961005e+00,6.936343e+00,6.931472e+00,6.690842e+00,6.473891e+00,6.882437e+00,6.486161e+00,6.144186e+00
6.073045e+00,7.292337e+00,5.407172e+00,6.735780e+00,7.087574e+00,6.809039e+00,6.214608e+00,6.033086e+00,5.940171e+00,6.354370e+00,6.331502e+00,5.961005e+00,6.966024e+00,6.931472e+00,6.690842e+00,6.445720e+00,6.882437e+00,6.486161e+00,6.144186e+00
5.880533e+00,7.347944e+00,4.406719e+00,6.838405e+00,7.128496e+00,6.601230e+00,6.452049e+00,6.100319e+00,5.958425e+00,6.354370e+00,6.289716e+00,5.961005e+00,6.932448e+00,7.023759e+00,6.583409e+00,5.908083e+00,6.898715e+00,6.393591e+00,6.059123e+00
5.880533e+00,7.338888e+00,4.477337e+00,6.688355e+00,7.233455e+00,6.481577e+00,6.575076e+00,6.100319e+00,5.958425e+00,6.373320e+00,6.308098e+00,5.966147e+00,6.609349e+00,7.023759e+00,6.569481e+00,5.940171e+00,6.951772e+00,6.345636e+00,6.182085e+00
5.214936e+00,7.418181e+00,4.820282e+00,6.661855e+00,7.232733e+00,6.525030e+00,6.580639e+00,6.100319e+00,5.958425e+00,6.390241e+00,6.115892e+00,5.991465e+00,6.594413e+00,7.023759e+00,6.813445e+00,6.018593e+00,7.009409e+00,6.068426e+00,6.093570e+00
4.770685e+00,7.466228e+00,4.820282e+00,6.661855e+00,7.232733e+00,6.453625e+00,6.643790e+00,6.100319e+00,5.958425e+00,6.418365e+00,6.056784e+00,5.521461e+00,6.198479e+00,7.054450e+00,6.815640e+00,6.317165e+00,7.011214e+00,6.033086e+00,5.978886e+00
5.159055e+00,7.466228e+00,4.804021e+00,6.523562e+00,7.304516e+00,6.393591e+00,6.690842e+00,6.091310e+00,5.968708e+00,6.480045e+00,6.122493e+00,5.497168e+00,6.198479e+00,7.041412e+00,6.995766e+00,6.533789e+00,7.038784e+00,5.849325e+00,5.831882e+00
5.262690e+00,7.466228e+00,4.804021e+00,6.486161e+00,7.321189e+00,6.269096e+00,6.774224e+00,6.089045e+00,5.950643e+00,6.715383e+00,6.122493e+00,5.652489e+00,6.198479e+00,7.092574e+00,7.004882e+00,6.558198e+00,7.038784e+00,5.846439e+00,6.685861e+00
5.942799e+00,7.459339e+00,4.897840e+00,6.464588e+00,7.264030e+00,6.253829e+00,6.864848e+00,6.139885e+00,5.877736e+00,6.735780e+00,6.122493e+00,5.910797e+00,6.198479e+00,7.224025e+00,6.967909e+00,6.700731e+00,7.090077e+00,4.564348e+00,6.685861e+00
6.445720e+00,7.427739e+00,5.236442e+00,6.381816e+00,7.291656e+00,6.248043e+00,6.856462e+00,6.186209e+00,5.846439e+00,6.735780e+00,6.122493e+00,5.988961e+00,6.200509e+00,7.257708e+00,6.853299e+00,6.731018e+00,6.947937e+00,4.564348e+00,6.685861e+00
6.411818e+00,7.420579e+00,5.402677e+00,6.381816e+00,7.291656e+00,5.945421e+00,6.962243e+00,6.244167e+00,5.843544e+00,6.735780e+00,6.122493e+00,5.988961e+00,6.161207e+00,7.177019e+00,6.852243e+00,6.800170e+00,6.835185e+00,4.564348e+00,6.712956e+00
6.418365e+00,7.237778e+00,6.216606e+00,6.381816e+00,7.291656e+00,5.789960e+00,7.006695e+00,6.257668e+00,5.739793e+00,6.735780e+00,6.232448e+00,6.016157e+00,6.218600e+00,7.123673e+00,6.900731e+00,6.801283e+00,6.828712e+00,4.564348e+00,6.731018e+00
6.517671e+00,7.237778e+00,6.177944e+00,6.410175e+00,7.293018e+00,5.710427e+00,6.884487e+00,6.513230e+00,5.509388e+00,6.735780e+00,6.238325e+00,6.175867e+00,6.244167e+00,7.148346e+00,6.900731e+00,6.801283e+00,6.875232e+00,4.564348e+00,6.731018e+00
6.525030e+00,7.237778e+00,6.142037e+00,6.436150e+00,7.283448e+00,5.758902e+00,6.884487e+00,6.513230e+00,5.438079e+00,6.735780e+00,6.249975e+00,6.440947e+00,6.244167e+00,7.015712e+00,6.690842e+00,6.801283e+00,6.875232e+00,5.620401e+00,6.731018e+00
6.525030e+00,7.237059e+00,6.142037e+00,6.437752e+00,7.283448e+00,5.758902e+00,6.883463e+00,6.514713e+00,5.438079e+00,6.735780e+00,6.285998e+00,6.248043e+00,6.244167e+00,6.999422e+00,6.886532e+00,6.838405e+00,6.822197e+00,5.872118e+00,6.731018e+00
6.526495e+00,7.237059e+00,6.133398e+00,6.444131e+00,7.283448e+00,5.758902e+00,6.871091e+00,6.532334e+00,5.438079e+00,6.736967e+00,6.311735e+00,6.248043e+00,6.244167e+00,6.974479e+00,7.012115e+00,6.852243e+00,6.816736e+00,5.918894e+00,6.731018e+00
6.526495e+00,7.226936e+00,6.163315e+00,6.444131e+00,7.204893e+00,6.056784e+00,6.866933e+00,6.538140e+00,5.438079e+00,6.735780e+00,6.311735e+00,6.249975e+00,6.242223e+00,6.946014e+00,7.103322e+00,6.854355e+00,6.864848e+00,6.093570e+00,6.731018e+00
6.526495e+00,7.185387e+00,6.274762e+00,6.444131e+00,7.201171e+00,6.068426e+00,6.790097e+00,6.635947e+00,5.411646e+00,6.236370e+00,6.040255e+00,6.196444e+00,5.765191e+00,6.941190e+00,7.107425e+00,6.858565e+00,6.883463e+00,6.324359e+00,6.731018e+00
6.526495e+00,7.122060e+00,6.416732e+00,6.444131e+00,7.201171e+00,6.068426e+00,6.720220e+00,6.711740e+00,5.411646e+00,5.986452e+00,6.025866e+00,6.196444e+00,5.820083e+00,6.934397e+00,7.107425e+00,6.858565e+00,6.888572e+00,6.470800e+00,6.731018e+00
6.526495e+00,7.118016e+00,6.424869e+00,6.444131e+00,7.201171e+00,6.068426e+00,6.706862e+00,6.723832e+00,5.416100e+00,5.908083e+00,6.052089e+00,6.196444e+00,5.828946e+00,6.932448e+00,7.099202e+00,6.858565e+00,6.431331e+00,6.398595e+00,6.626718e+00
6.526495e+00,7.037028e+00,6.569481e+00,6.444131e+00,7.100852e+00,6.322565e+00,6.703188e+00,6.705639e+00,5.505332e+00,5.908083e+00,6.122493e+00,6.196444e+00,5.828946e+00,6.803505e+00,7.099202e+00,6.858565e+00,6.499787e+00,6.391917e+00,6.612041e+00
6.526495e+00,6.927558e+00,6.722630e+00,6.444131e+00,7.082549e+00,6.347389e+00,6.712956e+00,6.690842e+00,5.552960e+00,5.905362e+00,6.169611e+00,6.196444e+00,5.913503e+00,6.806829e+00,7.138073e+00,6.858565e+00,6.350886e+00,6.527958e+00,6.610696e+00
6.522093e+00,6.929517e+00,6.723832e+00,6.276643e+00,7.160846e+00,6.306275e+00,6.740519e+00,6.675823e+00,5.598422e+00,5.758902e+00,6.313548e+00,6.196444e+00,6.206576e+00,6.710523e+00,7.141245e+00,6.771936e+00,6.331502e+00,6.535241e+00,6.637258e+00
6.522093e+00,6.927558e+00,6.726233e+00,6.177944e+00,7.198931e+00,6.287859e+00,6.752270e+00,6.675823e+00,5.433722e+00,5.616771e+00,6.436150e+00,6.196444e+00,6.309918e+00,6.664409e+00,6.983790e+00,6.771936e+00,6.359574e+00,6.535241e+00,6.693324e+00
6.484635e+00,6.765039e+00,6.919684e+00,6.177944e+00,6.846943e+00,6.775366e+00,6.818924e+00,6.663133e+00,5.476464e+00,5.634790e+00,6.469250e+00,6.196444e+00,6.364751e+00,6.708084e+00,7.056175e+00,6.711740e+00,6.386879e+00,6.535241e+00,6.697034e+00
6.572283e+00,6.777647e+00,6.928538e+00,6.177944e+00,6.846943e+00,6.767343e+00,6.826545e+00,6.663133e+00,5.476464e+00,5.777652e+00,6.426488e+00,6.196444e+00,6.364751e+00,6.708084e+00,7.068172e+00,6.711740e+00,6.386879e+00,6.535241e+00,6.726233e+00
6.616065e+00,6.756932e+00,6.950815e+00,5.905362e+00,6.924612e+00,6.811244e+00,6.826545e+00,6.661855e+00,5.480639e+00,5.948035e+00,6.629363e+00,6.196444e+00,6.390241e+00,6.293419e+00,7.044905e+00,6.726233e+00,6.386879e+00,6.535241e+00,6.830874e+00
6.622736e+00,6.735780e+00,6.967909e+00,5.389072e+00,7.015712e+00,6.865891e+00,6.826545e+00,6.381816e+00,6.066108e+00,6.049733e+00,6.614726e+00,6.196444e+00,6.555357e+00,6.315358e+00,7.010312e+00,6.673298e+00,6.388561e+00,6.535241e+00,6.784457e+00
6.664409e+00,6.648985e+00,7.031741e+00,5.389072e+00,6.834109e+00,7.042286e+00,6.826545e+00,6.350886e+00,6.095825e+00,6.167516e+00,6.610696e+00,6.196444e+00,6.856462e+00,6.313548e+00,7.010312e+00,6.720220e+00,6.478510e+00,6.535241e+00,6.779922e+00
6.839476e+00,6.647688e+00,7.014814e+00,5.407172e+00,6.800170e+00,7.082549e+00,6.776507e+00,6.381816e+00,5.826000e+00,6.175867e+00,6.584791e+00,6.129050e+00,6.769642e+00,6.393591e+00,7.036148e+00,6.679599e+00,6.771936e+00,6.535241e+00,6.779922e+00
6.902743e+00,6.647688e+00,7.014814e+00,5.407172e+00,6.778785e+00,7.056175e+00,6.809039e+00,6.246107e+00,6.056784e+00,6.175867e+00,6.466145e+00,6.115892e+00,6.807935e+00,6.423247e+00,7.036148e+00,6.841615e+00,7.079184e+00,6.535241e+00,6.773080e+00
6.897705e+00,6.267201e+00,7.217443e+00,5.407172e+00,6.763885e+00,7.067320e+00,6.809039e+00,6.234411e+00,6.070738e+00,6.180017e+00,6.458338e+00,6.115892e+00,7.136483e+00,6.423247e+00,7.044905e+00,6.850126e+00,7.210080e+00,6.535241e+00,6.773080e+00
6.884487e+00,6.073045e+00,7.292337e+00,5.407172e+00,6.735780e+00,7.087574e+00,6.809039e+00,6.214608e+00,6.033086e+00,6.165418e+00,6.393591e+00,6.115892e+00,7.244228e+00,6.423247e+00,7.044905e+00,6.834109e+00,7.256297e+00,6.535241e+00,6.775366e+00
6.876265e+00,5.880533e+00,7.347944e+00,4.406719e+00,6.838405e+00,7.128496e+00,6.601230e+00,6.452049e+00,6.100319e+00,6.165418e+00,6.572283e+00,6.115892e+00,7.259116e+00,6.270988e+00,7.032624e+00,6.765039e+00,7.275865e+00,6.535241e+00,6.784457e+00
6.883463e+00,5.880533e+00,7.338888e+00,4.477337e+00,6.688355e+00,7.233455e+00,6.481577e+00,6.575076e+00,6.100319e+00,6.142037e+00,6.569481e+00,6.159095e+00,7.252054e+00,6.272877e+00,7.037028e+00,6.749931e+00,7.475906e+00,6.535241e+00,6.612041e+00
6.884487e+00,5.214936e+00,7.418181e+00,4.820282e+00,6.661855e+00,7.232733e+00,6.525030e+00,6.580639e+00,6.100319e+00,6.120297e+00,6.624065e+00,6.154858e+00,7.252762e+00,6.272877e+00,6.846943e+00,6.712956e+00,7.492760e+00,6.535241e+00,6.704414e+00
6.867974e+00,4.770685e+00,7.466228e+00,4.820282e+00,6.661855e+00,7.232733e+00,6.453625e+00,6.643790e+00,6.100319e+00,6.082219e+00,6.624065e+00,6.248043e+00,7.253470e+00,6.204558e+00,7.001246e+00,6.617403e+00,7.524561e+00,6.535241e+00,6.704414e+00
6.833032e+00,5.159055e+00,7.466228e+00,4.804021e+00,6.523562e+00,7.304516e+00,6.393591e+00,6.690842e+00,6.091310e+00,6.200509e+00,6.543912e+00,6.555357e+00,7.255591e+00,6.251904e+00,6.858565e+00,6.426488e+00,7.616284e+00,6.535241e+00,6.722630e+00
6.831954e+00,5.262690e+00,7.466228e+00,4.804021e+00,6.486161e+00,7.321189e+00,6.269096e+00,6.774224e+00,6.089045e+00,5.823046e+00,6.569481e+00,6.508769e+00,7.289611e+00,6.095825e+00,6.985642e+00,6.418365e+00,7.663877e+00,6.535241e+00,5.986452e+00
6.605298e+00,5.942799e+00,7.459339e+00,4.897840e+00,6.464588e+00,7.264030e+00,6.253829e+00,6.864848e+00,6.139885e+00,5.996452e+00,6.641182e+00,6.472346e+00,7.409136e+00,5.616771e+00,6.978214e+00,6.579251e+00,7.643962e+00,6.535241e+00,5.996452e+00
6.194405e+00,6.445720e+00,7.427739e+00,5.236442e+00,6.381816e+00,7.291656e+00,6.248043e+00,6.856462e+00,6.186209e+00,6.154858e+00,6.732211e+00,6.461468e+00,7.439559e+00,5.429346e+00,7.028201e+00,6.545350e+00,7.643004e+00,6.535241e+00,5.998937e+00
6.192362e+00,6.411818e+00,7.420579e+00,5.402677e+00,6.381816e+00,7.291656e+00,5.945421e+00,6.962243e+00,6.244167e+00,6.257668e+00,6.742881e+00,6.461468e+00,7.450080e+00,5.424950e+00,7.033506e+00,6.455199e+00,7.644441e+00,6.576470e+00,6.218600e+00
6.184149e+00,6.418365e+00,7.237778e+00,6.216606e+00,6.381816e+00,7.291656e+00,5.789960e+00,7.006695e+00,6.257668e+00,6.304449e+00,6.678342e+00,6.444131e+00,7.418181e+00,5.416100e+00,7.094235e+00,6.496775e+00,7.644441e+00,6.711740e+00,6.343880e+00
6.042633e+00,6.517671e+00,7.237778e+00,6.177944e+00,6.410175e+00,7.293018e+00,5.710427e+00,6.884487e+00,6.513230e+00,6.304449e+00,6.726233e+00,6.324359e+00,7.447751e+00,5.509388e+00,7.163947e+00,6.502790e+00,7.604894e+00,6.935370e+00,6.456770e+00
6.030685e+00,6.525030e+00,7.237778e+00,6.142037e+00,6.436150e+00,7.283448e+00,5.758902e+00,6.884487e+00,6.513230e+00,6.313548e+00,6.719013e+00,5.998937e+00,7.461066e+00,5.874931e+00,7.237778e+00,6.502790e+00,7.604894e+00,6.744059e+00,6.508769e+00
6.047372e+00,6.525030e+00,7.237059e+00,6.142037e+00,6.437752e+00,7.283448e+00,5.758902e+00,6.883463e+00,6.514713e+00,6.313548e+00,6.697034e+00,5.902633e+00,7.526718e+00,6.218600e+00,7.147559e+00,6.455199e+00,7.619724e+00,6.658011e+00,6.559615e+00
6.045005e+00,6.526495e+00,7.237059e+00,6.133398e+00,6.444131e+00,7.283448e+00,5.758902e+00,6.871091e+00,6.532334e+00,6.329721e+00,6.735780e+00,5.902633e+00,7.542213e+00,6.224558e+00,7.057037e+00,6.487684e+00,7.634821e+00,6.801283e+00,6.559615e+00
6.045005e+00,6.526495e+00,7.226936e+00,6.163315e+00,6.444131e+00,7.204893e+00,6.056784e+00,6.866933e+00,6.538140e+00,6.329721e+00,6.747587e+00,5.899897e+00,7.636752e+00,6.224558e+00,6.961296e+00,6.517671e+00,7.609367e+00,6.738152e+00,6.569481e+00
6.184149e+00,6.526495e+00,7.185387e+00,6.274762e+00,6.444131e+00,7.201171e+00,6.068426e+00,6.790097e+00,6.635947e+00,6.333280e+00,6.747587e+00,5.894403e+00,7.644441e+00,6.222576e+00,6.956545e+00,6.538140e+00,7.586296e+00,6.620073e+00,6.874198e+00
6.184149e+00,6.526495e+00,7.122060e+00,6.416732e+00,6.444131e+00,7.201171e+00,6.068426e+00,6.720220e+00,6.711740e+00,6.350886e+00,6.749931e+00,5.942799e+00,7.636270e+00,6.267201e+00,7.085901e+00,6.538140e+00,7.583248e+00,6.599870e+00,6.978214e+00
6.336826e+00,6.526495e+00,7.118016e+00,6.424869e+00,6.444131e+00,7.201171e+00,6.068426e+00,6.706862e+00,6.723832e+00,6.350886e+00,6.736967e+00,5.942799e+00,7.654917e+00,6.267201e+00,7.128496e+00,6.538140e+00,7.583756e+00,6.575076e+00,7.024649e+00
6.363028e+00,6.526495e+00,7.037028e+00,6.569481e+00,6.444131e+00,7.100852e+00,6.322565e+00,6.703188e+00,6.705639e+00,6.350886e+00,6.698268e+00,6.035481e+00,7.667626e+00,6.253829e+00,7.132498e+00,6.541030e+00,7.570443e+00,6.541030e+00,7.024649e+00
6.363028e+00,6.526495e+00,6.927558e+00,6.722630e+00,6.444131e+00,7.082549e+00,6.347389e+00,6.712956e+00,6.690842e+00,6.472346e+00,6.670766e+00,6.035481e+00,7.675082e+00,6.244167e+00,7.115582e+00,6.541030e+00,7.578657e+00,6.415097e+00,7.016610e+00
6.442540e+00,6.522093e+00,6.929517e+00,6.723832e+00,6.276643e+00,7.160846e+00,6.306275e+00,6.740519e+00,6.675823e+00,6.499787e+00,6.572283e+00,6.206576e+00,7.662468e+00,6.244167e+00,7.111512e+00,6.548219e+00,7.593878e+00,6.421622e+00,6.998510e+00
6.455199e+00,6.522093e+00,6.927558e+00,6.726233e+00,6.177944e+00,7.198931e+00,6.287859e+00,6.752270e+00,6.675823e+00,6.522093e+00,6.478510e+00,6.318968e+00,7.640123e+00,6.244167e+00,7.118826e+00,6.551080e+00,7.578145e+00,6.421622e+00,6.957497e+00
6.543912e+00,6.484635e+00,6.765039e+00,6.919684e+00,6.177944e+00,6.846943e+00,6.775366e+00,6.818924e+00,6.663133e+00,6.514713e+00,6.609349e+00,6.329721e+00,7.625107e+00,6.173786e+00,7.040536e+00,6.551080e+00,7.569928e+00,6.421622e+00,7.069874e+00
6.546785e+00,6.572283e+00,6.777647e+00,6.928538e+00,6.177944e+00,6.846943e+00,6.767343e+00,6.826545e+00,6.663133e+00,6.448889e+00,6.597146e+00,6.333280e+00,7.625107e+00,6.173786e+00,7.055313e+00,6.558198e+00,7.570443e+00,6.445720e+00,7.069874e+00
6.630683e+00,6.616065e+00,6.756932e+00,6.950815e+00,5.905362e+00,6.924612e+00,6.811244e+00,6.826545e+00,6.661855e+00,6.349139e+00,6.386879e+00,6.333280e+00,7.617760e+00,6.171701e+00,7.066467e+00,6.545350e+00,7.570443e+00,6.511745e+00,7.085064e+00
6.661855e+00,6.622736e+00,6.735780e+00,6.967909e+00,5.389072e+00,7.015712e+00,6.865891e+00,6.826545e+00,6.381816e+00,6.289716e+00,6.408529e+00,6.333280e+00,7.592870e+00,6.142037e+00,7.124478e+00,6.545350e+00,7.569928e+00,6.514713e+00,7.064759e+00
6.654153e+00,6.664409e+00,6.648985e+00,7.031741e+00,5.389072e+00,6.834109e+00,7.042286e+00,6.826545e+00,6.350886e+00,6.186209e+00,6.428105e+00,6.336826e+00,7.462789e+00,6.282267e+00,7.210818e+00,6.419995e+00,7.540622e+00,6.514713e+00,7.064759e+00
6.785588e+00,6.839476e+00,6.647688e+00,7.014814e+00,5.407172e+00,6.800170e+00,7.082549e+00,6.776507e+00,6.381816e+00,6.177944e+00,6.444131e+00,6.383507e+00,7.456455e+00,6.202536e+00,7.290975e+00,6.419995e+00,7.415175e+00,6.514713e+00,7.073270e+00
6.746412e+00,6.902743e+00,6.647688e+00,7.014814e+00,5.407172e+00,6.778785e+00,7.056175e+00,6.809039e+00,6.246107e+00,6.253829e+00,6.383507e+00,6.383507e+00,7.436617e+00,6.238325e+00,7.290975e+00,6.152733e+00,7.205635e+00,6.514713e+00,7.080026e+00
6.831954e+00,6.897705e+00,6.267201e+00,7.217443e+00,5.407172e+00,6.763885e+00,7.067320e+00,6.809039e+00,6.234411e+00,6.249975e+00,6.383507e+00,6.436150e+00,7.248504e+00,6.311735e+00,7.346010e+00,6.150603e+00,7.074117e+00,6.514713e+00,7.163172e+00
6.834109e+00,6.884487e+00,6.073045e+00,7.292337e+00,5.407172e+00,6.735780e+00,7.087574e+00,6.809039e+00,6.214608e+00,6.295266e+00,6.423247e+00,6.511745e+00,7.113142e+00,6.415097e+00,7.387709e+00,6.150603e+00,7.074963e+00,6.514713e+00,7.163172e+00
6.834109e+00,6.876265e+00,5.880533e+00,7.347944e+00,4.406719e+00,6.838405e+00,7.128496e+00,6.601230e+00,6.452049e+00,6.343880e+00,6.212606e+00,6.575076e+00,7.023759e+00,6.447306e+00,7.408531e+00,6.175867e+00,7.037906e+00,6.542472e+00,7.156956e+00
6.853299e+00,6.883463e+00,5.880533e+00,7.338888e+00,4.477337e+00,6.688355e+00,7.233455e+00,6.481577e+00,6.575076e+00,6.385194e+00,6.175867e+00,6.543912e+00,7.031741e+00,6.447306e+00,7.404279e+00,6.175867e+00,6.639876e+00,6.610696e+00,7.142037e+00
6.852243e+00,6.884487e+00,5.214936e+00,7.418181e+00,4.820282e+00,6.661855e+00,7.232733e+00,6.525030e+00,6.580639e+00,6.385194e+00,6.086775e+00,6.522093e+00,7.039660e+00,6.569481e+00,7.403670e+00,6.175867e+00,6.526495e+00,6.741701e+00,7.138073e+00
6.853299e+00,6.867974e+00,4.770685e+00,7.466228e+00,4.820282e+00,6.661855e+00,7.232733e+00,6.453625e+00,6.643790e+00,6.385194e+00,6.082219e+00,6.519147e+00,7.042286e+00,6.679599e+00,7.301822e+00,6.023448e+00,6.436150e+00,6.776507e+00,7.143618e+00
6.828712e+00,6.833032e+00,5.159055e+00,7.466228e+00,4.804021e+00,6.523562e+00,7.304516e+00,6.393591e+00,6.690842e+00,6.212606e+00,6.124683e+00,6.216606e+00,7.097549e+00,6.669498e+00,7.315218e+00,6.028279e+00,6.028279e+00,6.777647e+00,7.134094e+00
6.809039e+00,6.831954e+00,5.262690e+00,7.466228e+00,4.804021e+00,6.486161e+00,7.321189e+00,6.269096e+00,6.774224e+00,6.408529e+00,6.113682e+00,6.198479e+00,7.080026e+00,6.685861e+00,7.250636e+00,6.025866e+00,5.755742e+00,6.884487e+00,7.127694e+00
6.900731e+00,6.605298e+00,5.942799e+00,7.459339e+00,4.897840e+00,6.464588e+00,7.264030e+00,6.253829e+00,6.864848e+00,6.428105e+00,5.988961e+00,6.068426e+00,6.912743e+00,6.699500e+00,7.211557e+00,5.398163e+00,5.690359e+00,6.889591e+00,7.172425e+00
7.007601e+00,6.194405e+00,6.445720e+00,7.427739e+00,5.236442e+00,6.381816e+00,7.291656e+00,6.248043e+00,6.856462e+00,6.501290e+00,5.786897e+00,6.013715e+00,6.859615e+00,6.752270e+00,7.172425e+00,5.420535e+00,5.613128e+00,6.889591e+00,7.207119e+00
7.022868e+00,6.192362e+00,6.411818e+00,7.420579e+00,5.402677e+00,6.381816e+00,7.291656e+00,5.945421e+00,6.962243e+00,6.508769e+00,5.758902e+00,6.013715e+00,6.840547e+00,6.800170e+00,7.167809e+00,5.420535e+00,5.680173e+00,6.859615e+00,7.132498e+00
7.028201e+00,6.184149e+00,6.418365e+00,7.237778e+00,6.216606e+00,6.381816e+00,7.291656e+00,5.789960e+00,7.006695e+00,6.504288e+00,5.758902e+00,6.013715e+00,6.840547e+00,6.800170e+00,7.113142e+00,5.298317e+00,5.680173e+00,6.744059e+00,7.064759e+00
7.086738e+00,6.042633e+00,6.517671e+00,7.237778e+00,6.177944e+00,6.410175e+00,7.293018e+00,5.710427e+00,6.884487e+00,6.504288e+00,5.616771e+00,6.013715e+00,6.770789e+00,6.738152e+00,7.126087e+00,5.505332e+00,5.673323e+00,6.469250e+00,7.004882e+00
7.153834e+00,6.030685e+00,6.525030e+00,7.237778e+00,6.142037e+00,6.436150e+00,7.283448e+00,5.758902e+00,6.884487e+00,6.549651e+00,5.616771e+00,6.013715e+00,6.744059e+00,6.572283e+00,7.059618e+00,5.556828e+00,5.673323e+00,6.467699e+00,6.973543e+00
7.153052e+00,6.047372e+00,6.525030e+00,7.237059e+00,6.142037e+00,6.437752e+00,7.283448e+00,5.758902e+00,6.883463e+00,6.549651e+00,5.613128e+00,6.013715e+00,6.594413e+00,6.331502e+00,7.012115e+00,5.743003e+00,5.638355e+00,6.463029e+00,6.940222e+00
7.153052e+00,6.045005e+00,6.526495e+00,7.237059e+00,6.133398e+00,6.444131e+00,7.283448e+00,5.758902e+00,6.871091e+00,6.535241e+00,5.429346e+00,6.013715e+00,6.553933e+00,6.326149e+00,7.124478e+00,5.673323e+00,5.541264e+00,6.347389e+00,6.940222e+00
7.185387e+00,6.045005e+00,6.526495e+00,7.226936e+00,6.163315e+00,6.444131e+00,7.204893e+00,6.056784e+00,6.866933e+00,6.535241e+00,5.384495e+00,6.028279e+00,6.244167e+00,6.326149e+00,7.151485e+00,6.040255e+00,5.631212e+00,6.530878e+00,6.933423e+00
7.163947e+00,6.184149e+00,6.526495e+00,7.185387e+00,6.274762e+00,6.444131e+00,7.201171e+00,6.068426e+00,6.790097e+00,6.532334e+00,5.384495e+00,6.070738e+00,6.222576e+00,6.326149e+00,7.162397e+00,6.543912e+00,5.799093e+00,6.570883e+00,6.648985e+00
7.164720e+00,6.184149e+00,6.526495e+00,7.122060e+00,6.416732e+00,6.444131e+00,7.201171e+00,6.068426e+00,6.720220e+00,6.517671e+00,5.375278e+00,6.308098e+00,6.222576e+00,6.284134e+00,7.074117e+00,6.704414e+00,5.837730e+00,6.464588e+00,6.577861e+00
7.100852e+00,6.336826e+00,6.526495e+00,7.118016e+00,6.424869e+00,6.444131e+00,7.201171e+00,6.068426e+00,6.706862e+00,6.517671e+00,5.375278e+00,6.473891e+00,6.150603e+00,6.284134e+00,7.131699e+00,6.741701e+00,5.872118e+00,6.467699e+00,6.504288e+00
7.088409e+00,6.363028e+00,6.526495e+00,7.037028e+00,6.569481e+00,6.444131e+00,7.100852e+00,6.322565e+00,6.703188e+00,6.535241e+00,5.375278e+00,6.416732e+00,6.171701e+00,6.282267e+00,7.141245e+00,6.745236e+00,5.739793e+00,6.467699e+00,6.504288e+00
7.124478e+00,6.363028e+00,6.526495e+00,6.927558e+00,6.722630e+00,6.444131e+00,7.082549e+00,6.347389e+00,6.712956e+00,6.522093e+00,5.605802e+00,6.416732e+00,6.079933e+00,6.282267e+00,7.130099e+00,6.745236e+00,5.686975e+00,6.459904e+00,6.504288e+00
7.085064e+00,6.442540e+00,6.522093e+00,6.929517e+00,6.723832e+00,6.276643e+00,7.160846e+00,6.306275e+00,6.740519e+00,6.502790e+00,5.874931e+00,6.280396e+00,5.823046e+00,6.282267e+00,7.128496e+00,6.761573e+00,5.579730e+00,6.624065e+00,6.583409e+00
7.078342e+00,6.455199e+00,6.522093e+00,6.927558e+00,6.726233e+00,6.177944e+00,7.198931e+00,6.287859e+00,6.752270e+00,6.492240e+00,6.086775e+00,6.163315e+00,5.802118e+00,6.282267e+00,7.147559e+00,6.887553e+00,5.669881e+00,6.692084e+00,6.591674e+00
7.027315e+00,6.543912e+00,6.484635e+00,6.765039e+00,6.919684e+00,6.177944e+00,6.846943e+00,6.775366e+00,6.818924e+00,6.522093e+00,5.840642e+00,6.167516e+00,5.802118e+00,6.285998e+00,7.148346e+00,7.039660e+00,5.945421e+00,6.725034e+00,6.418365e+00
6.951772e+00,6.546785e+00,6.572283e+00,6.777647e+00,6.928538e+00,6.177944e+00,6.846943e+00,6.767343e+00,6.826545e+00,6.522093e+00,5.840642e+00,6.352629e+00,5.958425e+00,6.285998e+00,7.122867e+00,7.035269e+00,5.950643e+00,6.818924e+00,6.487684e+00
6.853299e+00,6.630683e+00,6.616065e+00,6.756932e+00,6.950815e+00,5.905362e+00,6.924612e+00,6.811244e+00,6.826545e+00,6.522093e+00,5.840642e+00,6.375025e+00,6.021023e+00,6.313548e+00,7.112327e+00,7.031741e+00,5.950643e+00,6.897705e+00,6.308098e+00
6.822197e+00,6.661855e+00,6.622736e+00,6.735780e+00,6.967909e+00,5.389072e+00,7.015712e+00,6.865891e+00,6.826545e+00,6.510258e+00,5.846439e+00,6.375025e+00,6.236370e+00,6.335054e+00,7.053586e+00,7.031741e+00,5.953243e+00,6.895683e+00,6.329721e+00
6.793466e+00,6.654153e+00,6.664409e+00,6.648985e+00,7.031741e+00,5.389072e+00,6.834109e+00,7.042286e+00,6.826545e+00,6.510258e+00,5.899897e+00,6.410175e+00,6.232448e+00,6.200509e+00,6.952729e+00,7.037906e+00,5.953243e+00,6.897705e+00,6.499787e+00
6.450470e+00,6.785588e+00,6.839476e+00,6.647688e+00,7.014814e+00,5.407172e+00,6.800170e+00,7.082549e+00,6.776507e+00,6.510258e+00,5.996452e+00,6.364751e+00,6.261492e+00,6.206576e+00,6.805723e+00,7.054450e+00,5.966147e+00,6.957497e+00,6.484635e+00
6.406880e+00,6.746412e+00,6.902743e+00,6.647688e+00,7.014814e+00,5.407172e+00,6.778785e+00,7.056175e+00,6.809039e+00,6.452049e+00,6.037871e+00,6.371612e+00,6.272877e+00,6.304449e+00,6.869014e+00,7.183112e+00,5.973810e+00,7.045777e+00,6.472346e+00
6.270988e+00,6.831954e+00,6.897705e+00,6.267201e+00,7.217443e+00,5.407172e+00,6.763885e+00,7.067320e+00,6.809039e+00,6.464588e+00,6.037871e+00,6.315358e+00,6.349139e+00,6.230481e+00,6.822197e+00,7.298445e+00,6.177944e+00,7.083388e+00,6.298949e+00
6.267201e+00,6.834109e+00,6.884487e+00,6.073045e+00,7.292337e+00,5.407172e+00,6.735780e+00,7.087574e+00,6.809039e+00,6.469250e+00,5.978886e+00,6.376727e+00,6.428105e+00,6.206576e+00,6.784457e+00,7.351800e+00,6.246107e+00,7.090077e+00,6.295266e+00
6.267201e+00,6.834109e+00,6.876265e+00,5.880533e+00,7.347944e+00,4.406719e+00,6.838405e+00,7.128496e+00,6.601230e+00,6.444131e+00,6.018593e+00,6.340359e+00,6.436150e+00,6.411818e+00,6.749931e+00,7.388328e+00,6.259581e+00,7.074963e+00,6.295266e+00
6.218600e+00,6.853299e+00,6.883463e+00,5.880533e+00,7.338888e+00,4.477337e+00,6.688355e+00,7.233455e+00,6.481577e+00,6.406880e+00,6.018593e+00,6.340359e+00,6.630683e+00,6.637258e+00,6.767343e+00,7.390181e+00,6.259581e+00,7.057898e+00,6.306275e+00
6.440947e+00,6.852243e+00,6.884487e+00,5.214936e+00,7.418181e+00,4.820282e+00,6.661855e+00,7.232733e+00,6.525030e+00,6.461468e+00,6.018593e+00,6.336826e+00,6.734592e+00,6.523562e+00,6.767343e+00,7.393263e+00,6.240276e+00,6.964136e+00,6.248043e+00
6.558198e+00,6.853299e+00,6.867974e+00,4.770685e+00,7.466228e+00,4.820282e+00,6.661855e+00,7.232733e+00,6.453625e+00,6.556778e+00,6.070738e+00,6.255750e+00,6.774224e+00,6.393591e+00,6.768493e+00,7.397562e+00,6.238325e+00,6.947937e+00,6.238325e+00
6.688355e+00,6.828712e+00,6.833032e+00,5.159055e+00,7.466228e+00,4.804021e+00,6.523562e+00,7.304516e+00,6.393591e+00,6.580639e+00,6.089045e+00,6.255750e+00,6.954639e+00,6.366470e+00,6.852243e+00,7.398174e+00,6.238325e+00,6.955593e+00,6.232448e+00
6.723832e+00,6.809039e+00,6.831954e+00,5.262690e+00,7.466228e+00,4.804021e+00,6.486161e+00,7.321189e+00,6.269096e+00,6.388561e+00,6.059123e+00,6.257668e+00,7.210818e+00,6.343880e+00,6.844815e+00,7.391415e+00,6.297109e+00,6.994850e+00,6.190315e+00
6.629363e+00,6.900731e+00,6.605298e+00,5.942799e+00,7.459339e+00,4.897840e+00,6.464588e+00,7.264030e+00,6.253829e+00,6.218600e+00,6.070738e+00,6.257668e+00,7.242798e+00,6.324359e+00,6.854355e+00,7.377759e+00,6.380123e+00,7.063048e+00,6.124683e+00
6.570883e+00,7.007601e+00,6.194405e+00,6.445720e+00,7.427739e+00,5.236442e+00,6.381816e+00,7.291656e+00,6.248043e+00,5.955837e+00,6.070738e+00,6.257668e+00,7.334329e+00,6.242223e+00,7.044905e+00,7.421178e+00,6.450470e+00,7.122867e+00,6.016157e+00
6.561031e+00,7.022868e+00,6.192362e+00,6.411818e+00,7.420579e+00,5.402677e+00,6.381816e+00,7.291656e+00,5.945421e+00,5.817111e+00,6.184149e+00,6.287859e+00,7.334329e+00,6.156979e+00,7.237778e+00,7.421178e+00,6.415097e+00,7.199678e+00,5.998937e+00
6.655440e+00,7.028201e+00,6.184149e+00,6.418365e+00,7.237778e+00,6.216606e+00,6.381816e+00,7.291656e+00,5.789960e+00,5.749393e+00,6.184149e+00,6.356108e+00,7.334329e+00,6.156979e+00,7.202661e+00,7.433075e+00,6.415097e+00,7.215240e+00,5.998937e+00
6.563856e+00,7.086738e+00,6.042633e+00,6.517671e+00,7.237778e+00,6.177944e+00,6.410175e+00,7.293018e+00,5.710427e+00,5.749393e+00,6.186209e+00,6.357842e+00,7.334329e+00,6.156979e+00,7.122867e+00,7.403061e+00,6.442540e+00,7.237778e+00,5.998937e+00
6.556778e+00,7.153834e+00,6.030685e+00,6.525030e+00,7.237778e+00,6.142037e+00,6.436150e+00,7.283448e+00,5.758902e+00,5.627621e+00,6.248043e+00,6.492240e+00,7.334329e+00,6.156979e+00,7.107425e+00,7.419381e+00,6.499787e+00,7.237778e+00,5.998937e+00
6.559615e+00,7.153052e+00,6.047372e+00,6.525030e+00,7.237059e+00,6.142037e+00,6.437752e+00,7.283448e+00,5.758902e+00,5.627621e+00,6.248043e+00,6.526495e+00,7.334329e+00,6.156979e+00,7.108244e+00,7.387090e+00,6.522093e+00,7.231287e+00,5.998937e+00
6.599870e+00,7.153052e+00,6.045005e+00,6.526495e+00,7.237059e+00,6.133398e+00,6.444131e+00,7.283448e+00,5.758902e+00,5.627621e+00,6.276643e+00,6.555357e+00,7.334329e+00,6.156979e+00,7.006695e+00,7.379008e+00,6.514713e+00,7.181592e+00,5.998937e+00
6.594413e+00,7.185387e+00,6.045005e+00,6.526495e+00,7.226936e+00,6.163315e+00,6.444131e+00,7.204893e+00,6.056784e+00,5.765191e+00,6.287859e+00,6.803505e+00,7.334329e+00,6.156979e+00,6.975414e+00,7.280008e+00,6.453625e+00,7.076654e+00,5.998937e+00
6.548219e+00,7.163947e+00,6.184149e+00,6.526495e+00,7.185387e+00,6.274762e+00,6.444131e+00,7.201171e+00,6.068426e+00,5.765191e+00,6.359574e+00,6.956545e+00,7.331060e+00,6.156979e+00,6.962243e+00,7.054450e+00,6.378426e+00,7.034388e+00,5.998937e+00
6.556778e+00,7.164720e+00,6.184149e+00,6.526495e+00,7.122060e+00,6.416732e+00,6.444131e+00,7.201171e+00,6.068426e+00,5.765191e+00,6.359574e+00,6.924612e+00,7.331715e+00,6.156979e+00,6.927558e+00,6.944087e+00,6.366470e+00,7.039660e+00,5.857933e+00
6.568078e+00,7.100852e+00,6.336826e+00,6.526495e+00,7.118016e+00,6.424869e+00,6.444131e+00,7.201171e+00,6.068426e+00,5.765191e+00,6.359574e+00,6.892642e+00,7.327123e+00,6.156979e+00,6.800170e+00,6.913737e+00,6.376727e+00,7.040536e+00,5.857933e+00
6.568078e+00,7.088409e+00,6.363028e+00,6.526495e+00,7.037028e+00,6.569481e+00,6.444131e+00,7.100852e+00,6.322565e+00,5.726848e+00,6.359574e+00,6.933423e+00,7.308543e+00,6.228511e+00,6.781058e+00,6.908755e+00,6.383507e+00,7.063904e+00,5.857933e+00
6.504288e+00,7.124478e+00,6.363028e+00,6.526495e+00,6.927558e+00,6.722630e+00,6.444131e+00,7.082549e+00,6.347389e+00,5.509388e+00,6.257668e+00,6.983790e+00,7.305860e+00,6.248043e+00,6.766192e+00,6.908755e+00,6.380123e+00,7.124478e+00,5.857933e+00
6.614726e+00,7.085064e+00,6.442540e+00,6.522093e+00,6.929517e+00,6.723832e+00,6.276643e+00,7.160846e+00,6.306275e+00,5.924256e+00,6.244167e+00,7.019297e+00,7.305860e+00,6.248043e+00,6.769642e+00,6.889591e+00,6.408529e+00,7.023759e+00,5.686975e+00
6.806829e+00,7.078342e+00,6.455199e+00,6.522093e+00,6.927558e+00,6.726233e+00,6.177944e+00,7.198931e+00,6.287859e+00,5.924256e+00,6.240276e+00,7.027315e+00,7.305860e+00,6.248043e+00,6.746412e+00,6.762730e+00,6.366470e+00,7.056175e+00,5.752573e+00
6.865891e+00,7.027315e+00,6.543912e+00,6.484635e+00,6.765039e+00,6.919684e+00,6.177944e+00,6.846943e+00,6.775366e+00,5.869297e+00,6.226537e+00,7.072422e+00,7.324490e+00,6.333280e+00,6.760415e+00,6.558198e+00,6.194405e+00,7.113956e+00,5.963579e+00
6.921658e+00,6.951772e+00,6.546785e+00,6.572283e+00,6.777647e+00,6.928538e+00,6.177944e+00,6.846943e+00,6.767343e+00,5.940171e+00,6.476972e+00,6.990257e+00,7.317212e+00,6.373320e+00,6.766192e+00,6.558198e+00,6.188264e+00,7.037906e+00,5.771441e+00
6.922644e+00,6.853299e+00,6.630683e+00,6.616065e+00,6.756932e+00,6.950815e+00,5.905362e+00,6.924612e+00,6.811244e+00,5.958425e+00,6.476972e+00,6.978214e+00,7.313220e+00,6.350886e+00,6.860664e+00,6.577861e+00,6.188264e+00,6.928538e+00,5.765191e+00
6.922644e+00,6.822197e+00,6.661855e+00,6.622736e+00,6.735780e+00,6.967909e+00,5.389072e+00,7.015712e+00,6.865891e+00,5.958425e+00,6.453625e+00,6.978214e+00,7.224025e+00,6.349139e+00,6.943122e+00,6.588926e+00,6.186209e+00,6.928538e+00,5.846439e+00
6.922644e+00,6.793466e+00,6.654153e+00,6.664409e+00,6.648985e+00,7.031741e+00,5.389072e+00,6.834109e+00,7.042286e+00,5.958425e+00,6.410175e+00,6.956545e+00,7.223296e+00,6.476972e+00,7.024649e+00,6.577861e+00,6.186209e+00,6.926577e+00,5.497168e+00
6.922644e+00,6.450470e+00,6.785588e+00,6.839476e+00,6.647688e+00,7.014814e+00,5.407172e+00,6.800170e+00,7.082549e+00,5.958425e+00,6.331502e+00,6.977281e+00,7.194437e+00,6.552508e+00,7.080026e+00,6.538140e+00,6.186209e+00,6.869014e+00,5.513429e+00
6.922644e+00,6.406880e+00,6.746412e+00,6.902743e+00,6.647688e+00,7.014814e+00,5.407172e+00,6.778785e+00,7.056175e+00,5.968708e+00,6.300786e+00,6.984716e+00,7.183871e+00,6.476972e+00,7.066467e+00,6.234411e+00,6.272877e+00,6.765039e+00,5.513429e+00
6.922644e+00,6.270988e+00,6.831954e+00,6.897705e+00,6.267201e+00,7.217443e+00,5.407172e+00,6.763885e+00,7.067320e+00,5.950643e+00,6.300786e+00,7.004882e+00,7.123673e+00,6.642487e+00,7.090077e+00,5.831882e+00,6.265301e+00,6.712956e+00,5.521461e+00
6.943122e+00,6.267201e+00,6.834109e+00,6.884487e+00,6.073045e+00,7.292337e+00,5.407172e+00,6.735780e+00,7.087574e+00,5.877736e+00,6.300786e+00,6.933423e+00,7.100852e+00,6.655440e+00,7.094235e+00,5.560682e+00,6.159095e+00,6.703188e+00,5.533389e+00
6.943122e+00,6.267201e+00,6.834109e+00,6.876265e+00,5.880533e+00,7.347944e+00,4.406719e+00,6.838405e+00,7.128496e+00,5.846439e+00,6.272877e+00,6.923629e+00,7.153834e+00,6.464588e+00,7.087574e+00,5.293305e+00,6.284134e+00,6.701960e+00,5.533389e+00
6.946014e+00,6.218600e+00,6.853299e+00,6.883463e+00,5.880533e+00,7.338888e+00,4.477337e+00,6.688355e+00,7.233455e+00,5.843544e+00,6.269096e+00,6.924612e+00,7.048386e+00,6.188264e+00,7.074963e+00,5.648974e+00,6.284134e+00,6.665684e+00,5.509388e+00
6.817831e+00,6.440947e+00,6.852243e+00,6.884487e+00,5.214936e+00,7.418181e+00,4.820282e+00,6.661855e+00,7.232733e+00,5.739793e+00,6.272877e+00,6.924612e+00,6.964136e+00,6.188264e+00,7.074963e+00,5.680173e+00,6.284134e+00,6.665684e+00,5.351858e+00
6.728629e+00,6.558198e+00,6.853299e+00,6.867974e+00,4.770685e+00,7.466228e+00,4.820282e+00,6.661855e+00,7.232733e+00,5.509388e+00,6.263398e+00,6.955593e+00,6.927558e+00,6.194405e+00,7.074117e+00,5.655992e+00,6.284134e+00,6.648985e+00,5.342334e+00
6.603944e+00,6.688355e+00,6.828712e+00,6.833032e+00,5.159055e+00,7.466228e+00,4.804021e+00,6.523562e+00,7.304516e+00,5.438079e+00,6.214608e+00,6.994850e+00,6.661855e+00,6.196444e+00,6.957497e+00,5.631212e+00,6.284134e+00,6.637258e+00,5.342334e+00
6.563856e+00,6.723832e+00,6.809039e+00,6.831954e+00,5.262690e+00,7.466228e+00,4.804021e+00,6.486161e+00,7.321189e+00,5.438079e+00,6.246107e+00,6.994850e+00,6.309918e+00,6.196444e+00,6.943122e+00,5.686975e+00,6.224558e+00,6.432940e+00,5.342334e+00
6.546785e+00,6.629363e+00,6.900731e+00,6.605298e+00,5.942799e+00,7.459339e+00,4.897840e+00,6.464588e+00,7.264030e+00,5.438079e+00,6.240276e+00,6.994850e+00,6.335054e+00,6.196444e+00,6.995766e+00,5.686975e+00,6.126869e+00,6.291569e+00,5.187386e+00
6.442540e+00,6.570883e+00,7.007601e+00,6.194405e+00,6.445720e+00,7.427739e+00,5.236442e+00,6.381816e+00,7.291656e+00,5.438079e+00,6.240276e+00,6.994850e+00,6.079933e+00,6.204558e+00,6.906755e+00,5.389072e+00,6.082219e+00,6.148468e+00,5.220356e+00
6.432940e+00,6.561031e+00,7.022868e+00,6.192362e+00,6.411818e+00,7.420579e+00,5.402677e+00,6.381816e+00,7.291656e+00,5.411646e+00,6.133398e+00,6.980076e+00,6.082219e+00,6.293419e+00,6.732211e+00,5.389072e+00,6.148468e+00,5.910797e+00,5.429346e+00
6.381816e+00,6.655440e+00,7.028201e+00,6.184149e+00,6.418365e+00,7.237778e+00,6.216606e+00,6.381816e+00,7.291656e+00,5.411646e+00,6.133398e+00,6.948897e+00,6.082219e+00,6.302619e+00,6.810142e+00,5.393628e+00,6.251904e+00,5.852202e+00,5.429346e+00
6.398595e+00,6.563856e+00,7.086738e+00,6.042633e+00,6.517671e+00,7.237778e+00,6.177944e+00,6.410175e+00,7.293018e+00,5.416100e+00,6.131226e+00,6.986566e+00,6.093570e+00,6.383507e+00,6.862758e+00,5.513429e+00,6.308098e+00,5.768321e+00,5.429346e+00
6.561031e+00,6.556778e+00,7.153834e+00,6.030685e+00,6.525030e+00,7.237778e+00,6.142037e+00,6.436150e+00,7.283448e+00,5.505332e+00,6.061457e+00,6.965080e+00,6.098074e+00,6.408529e+00,6.892642e+00,5.707110e+00,6.242223e+00,5.768321e+00,5.429346e+00
6.559615e+00,6.559615e+00,7.153052e+00,6.047372e+00,6.525030e+00,7.237059e+00,6.142037e+00,6.437752e+00,7.283448e+00,5.552960e+00,6.061457e+00,6.943122e+00,6.098074e+00,6.768493e+00,6.894670e+00,5.710427e+00,6.144186e+00,5.768321e+00,5.429346e+00
6.556778e+00,6.599870e+00,7.153052e+00,6.045005e+00,6.526495e+00,7.237059e+00,6.133398e+00,6.444131e+00,7.283448e+00,5.598422e+00,6.171701e+00,6.928538e+00,6.098074e+00,6.829794e+00,6.858565e+00,5.963579e+00,6.144186e+00,5.768321e+00,5.505332e+00
6.685861e+00,6.594413e+00,7.185387e+00,6.045005e+00,6.526495e+00,7.226936e+00,6.163315e+00,6.444131e+00,7.204893e+00,5.433722e+00,6.249975e+00,6.705639e+00,6.098074e+00,6.887553e+00,6.858565e+00,5.963579e+00,6.146329e+00,5.768321e+00,5.556828e+00
6.817831e+00,6.548219e+00,7.163947e+00,6.184149e+00,6.526495e+00,7.185387e+00,6.274762e+00,6.444131e+00,7.201171e+00,5.476464e+00,6.385194e+00,6.476972e+00,6.098074e+00,6.919684e+00,7.042286e+00,6.018593e+00,6.135565e+00,5.768321e+00,5.940171e+00
6.835185e+00,6.556778e+00,7.164720e+00,6.184149e+00,6.526495e+00,7.122060e+00,6.416732e+00,6.444131e+00,7.201171e+00,5.476464e+00,6.587550e+00,6.308098e+00,6.093570e+00,7.100027e+00,7.044905e+00,6.070738e+00,6.122493e+00,5.746203e+00,6.287859e+00
6.971669e+00,6.568078e+00,7.100852e+00,6.336826e+00,6.526495e+00,7.118016e+00,6.424869e+00,6.444131e+00,7.201171e+00,5.480639e+00,6.613384e+00,6.177944e+00,6.093570e+00,7.103322e+00,7.044905e+00,6.093570e+00,6.079933e+00,5.730100e+00,6.440947e+00
6.971669e+00,6.568078e+00,7.088409e+00,6.363028e+00,6.526495e+00,7.037028e+00,6.569481e+00,6.444131e+00,7.100852e+00,6.066108e+00,6.614726e+00,6.086775e+00,6.073045e+00,7.074117e+00,7.044905e+00,6.236370e+00,6.073045e+00,5.638355e+00,6.455199e+00
6.971669e+00,6.504288e+00,7.124478e+00,6.363028e+00,6.526495e+00,6.927558e+00,6.722630e+00,6.444131e+00,7.082549e+00,6.095825e+00,6.614726e+00,5.958425e+00,6.073045e+00,7.065613e+00,7.053586e+00,6.366470e+00,6.084499e+00,5.337538e+00,6.455199e+00
6.895683e+00,6.614726e+00,7.085064e+00,6.442540e+00,6.522093e+00,6.929517e+00,6.723832e+00,6.276643e+00,7.160846e+00,5.826000e+00,6.501290e+00,5.852202e+00,6.073045e+00,7.065613e+00,7.050989e+00,6.369901e+00,6.054439e+00,5.318120e+00,6.466145e+00
6.721426e+00,6.806829e+00,7.078342e+00,6.455199e+00,6.522093e+00,6.927558e+00,6.726233e+00,6.177944e+00,7.198931e+00,6.056784e+00,6.405228e+00,5.826000e+00,6.073045e+00,7.099202e+00,7.039660e+00,6.551080e+00,6.124683e+00,4.736198e+00,6.672033e+00
6.652863e+00,6.865891e+00,7.027315e+00,6.543912e+00,6.484635e+00,6.765039e+00,6.919684e+00,6.177944e+00,6.846943e+00,6.070738e+00,6.411818e+00,5.631212e+00,6.006353e+00,7.150701e+00,7.028201e+00,6.565265e+00,6.236370e+00,2.890372e+00,6.563856e+00
6.579251e+00,6.921658e+00,6.951772e+00,6.546785e+00,6.572283e+00,6.777647e+00,6.928538e+00,6.177944e+00,6.846943e+00,6.033086e+00,6.265301e+00,5.609472e+00,5.888878e+00,7.231287e+00,7.023759e+00,6.565265e+00,6.364751e+00,2.397895e+00,6.575076e+00
6.595781e+00,6.922644e+00,6.853299e+00,6.630683e+00,6.616065e+00,6.756932e+00,6.950815e+00,5.905362e+00,6.924612e+00,6.100319e+00,6.324359e+00,5.609472e+00,5.834811e+00,7.229839e+00,6.957497e+00,6.545350e+00,6.461468e+00,2.995732e+00,6.594413e+00
6.595781e+00,6.922644e+00,6.822197e+00,6.661855e+00,6.622736e+00,6.735780e+00,6.967909e+00,5.389072e+00,7.015712e+00,6.100319e+00,6.324359e+00,5.680173e+00,5.749393e+00,7.257708e+00,6.887553e+00,6.533789e+00,6.579251e+00,3.784190e+00,6.539586e+00
6.655440e+00,6.922644e+00,6.793466e+00,6.654153e+00,6.664409e+00,6.648985e+00,7.031741e+00,5.389072e+00,6.834109e+00,6.100319e+00,6.318968e+00,5.680173e+00,5.743003e+00,7.268920e+00,6.828712e+00,6.530878e+00,6.597146e+00,3.784190e+00,6.555357e+00
6.779922e+00,6.922644e+00,6.450470e+00,6.785588e+00,6.839476e+00,6.647688e+00,7.014814e+00,5.407172e+00,6.800170e+00,6.100319e+00,6.318968e+00,5.609472e+00,5.743003e+00,7.245655e+00,6.755769e+00,6.587550e+00,6.610696e+00,3.688879e+00,6.741701e+00
6.906755e+00,6.922644e+00,6.406880e+00,6.746412e+00,6.902743e+00,6.647688e+00,7.014814e+00,5.407172e+00,6.778785e+00,6.091310e+00,6.318968e+00,5.676754e+00,5.743003e+00,7.292337e+00,6.705639e+00,6.625392e+00,6.545350e+00,3.637586e+00,7.029088e+00
6.923629e+00,6.922644e+00,6.270988e+00,6.831954e+00,6.897705e+00,6.267201e+00,7.217443e+00,5.407172e+00,6.763885e+00,6.089045e+00,6.342121e+00,5.602119e+00,5.655992e+00,7.307202e+00,6.612041e+00,6.625392e+00,6.415097e+00,3.637586e+00,7.126087e+00
6.948897e+00,6.943122e+00,6.267201e+00,6.834109e+00,6.884487e+00,6.073045e+00,7.292337e+00,5.407172e+00,6.735780e+00,6.139885e+00,6.342121e+00,5.602119e+00,5.587249e+00,7.284135e+00,6.561031e+00,6.625392e+00,6.336826e+00,3.637586e+00,7.126087e+00
7.095064e+00,6.943122e+00,6.267201e+00,6.834109e+00,6.876265e+00,5.880533e+00,7.347944e+00,4.406719e+00,6.838405e+00,6.186209e+00,6.340359e+00,5.749393e+00,5.288267e+00,7.277939e+00,6.591674e+00,6.738152e+00,6.202536e+00,4.077537e+00,7.126087e+00
7.165493e+00,6.946014e+00,6.218600e+00,6.853299e+00,6.883463e+00,5.880533e+00,7.338888e+00,4.477337e+00,6.688355e+00,6.244167e+00,6.340359e+00,5.746203e+00,5.780744e+00,7.277939e+00,6.645091e+00,6.693324e+00,6.302619e+00,4.094345e+00,7.126891e+00
7.191429e+00,6.817831e+00,6.440947e+00,6.852243e+00,6.884487e+00,5.214936e+00,7.418181e+00,4.820282e+00,6.661855e+00,6.257668e+00,6.336826e+00,5.746203e+00,5.902633e+00,7.277939e+00,6.645091e+00,6.677083e+00,6.403574e+00,4.110874e+00,7.126891e+00
7.252762e+00,6.728629e+00,6.558198e+00,6.853299e+00,6.867974e+00,4.770685e+00,7.466228e+00,4.820282e+00,6.661855e+00,6.513230e+00,6.306275e+00,5.638355e+00,5.905362e+00,7.275865e+00,6.709304e+00,6.839476e+00,6.526495e+00,4.382027e+00,7.169350e+00
7.252762e+00,6.603944e+00,6.688355e+00,6.828712e+00,6.833032e+00,5.159055e+00,7.466228e+00,4.804021e+00,6.523562e+00,6.513230e+00,6.315358e+00,5.438079e+00,5.897154e+00,7.275172e+00,6.799056e+00,6.842683e+00,6.612041e+00,5.638355e+00,7.186144e+00
7.264730e+00,6.563856e+00,6.723832e+00,6.809039e+00,6.831954e+00,5.262690e+00,7.466228e+00,4.804021e+00,6.486161e+00,6.514713e+00,6.297109e+00,5.459586e+00,5.568345e+00,7.275172e+00,6.773080e+00,6.825460e+00,6.634633e+00,5.774552e+00,7.195937e+00
7.312553e+00,6.546785e+00,6.629363e+00,6.900731e+00,6.605298e+00,5.942799e+00,7.459339e+00,4.897840e+00,6.464588e+00,6.532334e+00,6.298949e+00,5.484797e+00,5.796058e+00,7.292337e+00,6.712956e+00,6.825460e+00,6.634633e+00,5.897154e+00,7.195937e+00
7.328437e+00,6.442540e+00,6.570883e+00,7.007601e+00,6.194405e+00,6.445720e+00,7.427739e+00,5.236442e+00,6.381816e+00,6.538140e+00,6.309918e+00,5.583496e+00,5.774552e+00,7.299121e+00,6.624065e+00,6.824374e+00,6.613384e+00,6.206576e+00,7.191429e+00
7.325808e+00,6.432940e+00,6.561031e+00,7.022868e+00,6.192362e+00,6.411818e+00,7.420579e+00,5.402677e+00,6.381816e+00,6.635947e+00,6.317165e+00,5.583496e+00,5.771441e+00,7.267525e+00,6.588926e+00,6.843750e+00,6.612041e+00,6.437752e+00,7.145196e+00
7.319202e+00,6.381816e+00,6.655440e+00,7.028201e+00,6.184149e+00,6.418365e+00,7.237778e+00,6.216606e+00,6.381816e+00,6.711740e+00,6.327937e+00,5.572154e+00,5.771441e+00,7.264030e+00,6.507278e+00,6.820016e+00,6.561031e+00,6.437752e+00,7.145196e+00
7.312553e+00,6.398595e+00,6.563856e+00,7.086738e+00,6.042633e+00,6.517671e+00,7.237778e+00,6.177944e+00,6.410175e+00,6.723832e+00,6.327937e+00,5.429346e+00,5.755742e+00,7.231287e+00,6.504288e+00,6.791221e+00,6.542472e+00,6.429719e+00,7.145196e+00
7.181592e+00,6.561031e+00,6.556778e+00,7.153834e+00,6.030685e+00,6.525030e+00,7.237778e+00,6.142037e+00,6.436150e+00,6.705639e+00,6.350886e+00,5.123964e+00,5.758902e+00,7.220374e+00,6.562444e+00,6.680855e+00,6.539586e+00,6.437752e+00,7.145196e+00
7.176255e+00,6.559615e+00,6.559615e+00,7.153052e+00,6.047372e+00,6.525030e+00,7.237059e+00,6.142037e+00,6.437752e+00,6.690842e+00,6.386879e+00,5.541264e+00,5.758902e+00,7.007601e+00,6.630683e+00,6.675823e+00,6.538140e+00,6.439350e+00,7.145196e+00
7.155396e+00,6.556778e+00,6.599870e+00,7.153052e+00,6.045005e+00,6.526495e+00,7.237059e+00,6.133398e+00,6.444131e+00,6.675823e+00,6.270988e+00,5.525453e+00,5.758902e+00,6.956545e+00,6.659294e+00,6.559615e+00,6.538140e+00,6.442540e+00,7.130899e+00
7.044033e+00,6.685861e+00,6.594413e+00,7.185387e+00,6.045005e+00,6.526495e+00,7.226936e+00,6.163315e+00,6.444131e+00,6.675823e+00,6.182085e+00,5.525453e+00,5.758902e+00,6.994850e+00,6.746412e+00,6.590301e+00,6.536692e+00,6.444131e+00,7.133296e+00
6.938284e+00,6.817831e+00,6.548219e+00,7.163947e+00,6.184149e+00,6.526495e+00,7.185387e+00,6.274762e+00,6.444131e+00,6.663133e+00,5.910797e+00,5.525453e+00,5.758902e+00,6.965080e+00,6.575076e+00,6.559615e+00,6.536692e+00,6.447306e+00,7.032624e+00
6.915723e+00,6.835185e+00,6.556778e+00,7.164720e+00,6.184149e+00,6.526495e+00,7.122060e+00,6.416732e+00,6.444131e+00,6.663133e+00,5.463832e+00,5.525453e+00,5.758902e+00,6.755769e+00,6.583409e+00,6.527958e+00,6.536692e+00,6.447306e+00,6.882437e+00
6.768493e+00,6.971669e+00,6.568078e+00,7.100852e+00,6.336826e+00,6.526495e+00,7.118016e+00,6.424869e+00,6.444131e+00,6.661855e+00,5.379897e+00,5.525453e+00,5.758902e+00,6.751101e+00,6.677083e+00,6.514713e+00,6.536692e+00,6.447306e+00,6.786717e+00
6.824374e+00,6.971669e+00,6.568078e+00,7.088409e+00,6.363028e+00,6.526495e+00,7.037028e+00,6.569481e+00,6.444131e+00,6.381816e+00,5.375278e+00,5.525453e+00,5.758902e+00,6.993015e+00,6.708084e+00,6.413459e+00,6.565265e+00,6.447306e+00,6.782192e+00
6.861711e+00,6.971669e+00,6.504288e+00,7.124478e+00,6.363028e+00,6.526495e+00,6.927558e+00,6.722630e+00,6.444131e+00,6.350886e+00,5.375278e+00,5.669881e+00,5.758902e+00,7.127694e+00,6.703188e+00,6.289716e+00,6.565265e+00,6.447306e+00,6.829794e+00
6.899723e+00,6.895683e+00,6.614726e+00,7.085064e+00,6.442540e+00,6.522093e+00,6.929517e+00,6.723832e+00,6.276643e+00,6.381816e+00,5.375278e+00,5.891644e+00,5.758902e+00,7.207119e+00,6.827629e+00,6.285998e+00,6.562444e+00,6.448889e+00,6.830874e+00
6.899723e+00,6.721426e+00,6.806829e+00,7.078342e+00,6.455199e+00,6.522093e+00,6.927558e+00,6.726233e+00,6.177944e+00,6.246107e+00,5.231109e+00,5.981414e+00,5.758902e+00,7.221105e+00,7.034388e+00,6.040255e+00,6.558198e+00,6.453625e+00,6.624065e+00
7.095893e+00,6.652863e+00,6.865891e+00,7.027315e+00,6.543912e+00,6.484635e+00,6.765039e+00,6.919684e+00,6.177944e+00,6.234411e+00,5.247024e+00,6.093570e+00,5.758902e+00,7.138867e+00,7.062192e+00,6.013715e+00,6.539586e+00,6.453625e+00,6.617403e+00
7.099202e+00,6.579251e+00,6.921658e+00,6.951772e+00,6.546785e+00,6.572283e+00,6.777647e+00,6.928538e+00,6.177944e+00,6.214608e+00,4.859812e+00,6.102559e+00,5.758902e+00,7.029973e+00,7.105786e+00,6.016157e+00,6.473891e+00,6.484635e+00,6.632002e+00
7.105786e+00,6.595781e+00,6.922644e+00,6.853299e+00,6.630683e+00,6.616065e+00,6.756932e+00,6.950815e+00,5.905362e+00,6.452049e+00,4.663439e+00,6.102559e+00,5.758902e+00,7.029973e+00,7.154615e+00,6.184149e+00,6.378426e+00,6.470800e+00,6.613384e+00
7.109879e+00,6.595781e+00,6.922644e+00,6.822197e+00,6.661855e+00,6.622736e+00,6.735780e+00,6.967909e+00,5.389072e+00,6.575076e+00,4.663439e+00,6.056784e+00,5.996452e+00,6.984716e+00,7.173958e+00,6.333280e+00,6.263398e+00,6.432940e+00,6.629363e+00
7.072422e+00,6.655440e+00,6.922644e+00,6.793466e+00,6.654153e+00,6.664409e+00,6.648985e+00,7.031741e+00,5.389072e+00,6.580639e+00,5.087596e+00,6.056784e+00,6.082219e+00,6.893656e+00,7.148346e+00,6.349139e+00,6.289716e+00,6.440947e+00,6.612041e+00
6.981006e+00,6.779922e+00,6.922644e+00,6.450470e+00,6.785588e+00,6.839476e+00,6.647688e+00,7.014814e+00,5.407172e+00,6.643790e+00,5.214936e+00,6.052089e+00,6.082219e+00,6.866933e+00,7.158514e+00,6.318968e+00,6.297109e+00,6.444131e+00,6.390241e+00
6.883463e+00,6.906755e+00,6.922644e+00,6.406880e+00,6.746412e+00,6.902743e+00,6.647688e+00,7.014814e+00,5.407172e+00,6.690842e+00,5.241747e+00,5.976351e+00,6.086775e+00,6.753438e+00,7.247081e+00,6.267201e+00,6.455199e+00,6.444131e+00,5.849325e+00
6.879356e+00,6.923629e+00,6.922644e+00,6.270988e+00,6.831954e+00,6.897705e+00,6.267201e+00,7.217443e+00,5.407172e+00,6.774224e+00,5.424950e+00,5.973810e+00,6.086775e+00,6.576470e+00,7.244228e+00,6.484635e+00,6.455199e+00,6.444131e+00,5.446737e+00
6.860664e+00,6.948897e+00,6.943122e+00,6.267201e+00,6.834109e+00,6.884487e+00,6.073045e+00,7.292337e+00,5.407172e+00,6.864848e+00,5.529429e+00,5.953243e+00,6.154858e+00,6.542472e+00,7.244228e+00,6.577861e+00,6.455199e+00,6.444131e+00,5.433722e+00
6.722630e+00,7.095064e+00,6.943122e+00,6.267201e+00,6.834109e+00,6.876265e+00,5.880533e+00,7.347944e+00,4.406719e+00,6.856462e+00,5.529429e+00,5.796058e+00,6.150603e+00,6.541030e+00,7.228388e+00,6.469250e+00,6.455199e+00,6.410175e+00,5.433722e+00
6.606650e+00,7.165493e+00,6.946014e+00,6.218600e+00,6.853299e+00,6.883463e+00,5.880533e+00,7.338888e+00,4.477337e+00,6.962243e+00,5.529429e+00,5.796058e+00,6.045005e+00,6.541030e+00,7.198931e+00,6.393591e+00,6.369901e+00,6.408529e+00,5.429346e+00
6.559615e+00,7.191429e+00,6.817831e+00,6.440947e+00,6.852243e+00,6.884487e+00,5.214936e+00,7.418181e+00,4.820282e+00,7.006695e+00,5.529429e+00,6.028279e+00,6.013715e+00,6.541030e+00,7.211557e+00,6.391917e+00,6.278521e+00,6.476972e+00,5.429346e+00
6.431331e+00,7.252762e+00,6.728629e+00,6.558198e+00,6.853299e+00,6.867974e+00,4.770685e+00,7.466228e+00,4.820282e+00,6.884487e+00,5.529429e+00,6.033086e+00,6.013715e+00,6.541030e+00,7.186901e+00,6.200509e+00,6.159095e+00,6.796824e+00,5.176150e+00
6.431331e+00,7.252762e+00,6.603944e+00,6.688355e+00,6.828712e+00,6.833032e+00,5.159055e+00,7.466228e+00,4.804021e+00,6.884487e+00,5.572154e+00,6.115892e+00,6.013715e+00,6.541030e+00,7.201171e+00,6.220590e+00,6.023448e+00,6.695799e+00,5.062595e+00
6.403574e+00,7.264730e+00,6.563856e+00,6.723832e+00,6.809039e+00,6.831954e+00,5.262690e+00,7.466228e+00,4.804021e+00,6.883463e+00,5.579730e+00,6.248043e+00,6.016157e+00,6.541030e+00,7.226209e+00,6.263398e+00,5.981414e+00,6.684612e+00,5.043425e+00
6.280396e+00,7.312553e+00,6.546785e+00,6.629363e+00,6.900731e+00,6.605298e+00,5.942799e+00,7.459339e+00,4.897840e+00,6.871091e+00,5.762051e+00,6.265301e+00,5.641907e+00,6.504288e+00,7.262629e+00,6.263398e+00,5.996452e+00,6.793466e+00,5.159055e+00
6.234411e+00,7.328437e+00,6.442540e+00,6.570883e+00,7.007601e+00,6.194405e+00,6.445720e+00,7.427739e+00,5.236442e+00,6.866933e+00,5.828946e+00,6.238325e+00,5.641907e+00,6.483107e+00,7.261225e+00,6.263398e+00,6.135565e+00,6.752270e+00,5.159055e+00
6.234411e+00,7.325808e+00,6.432940e+00,6.561031e+00,7.022868e+00,6.192362e+00,6.411818e+00,7.420579e+00,5.402677e+00,6.790097e+00,5.834811e+00,6.270988e+00,5.641907e+00,6.483107e+00,7.225481e+00,6.228511e+00,6.070738e+00,6.591674e+00,5.159055e+00
6.163315e+00,7.319202e+00,6.381816e+00,6.655440e+00,7.028201e+00,6.184149e+00,6.418365e+00,7.237778e+00,6.216606e+00,6.720220e+00,5.817111e+00,6.267201e+00,5.641907e+00,6.483107e+00,7.273093e+00,6.226537e+00,6.037871e+00,6.661855e+00,5.159055e+00
6.163315e+00,7.312553e+00,6.398595e+00,6.563856e+00,7.086738e+00,6.042633e+00,6.517671e+00,7.237778e+00,6.177944e+00,6.706862e+00,5.817111e+00,6.259581e+00,5.652489e+00,6.483107e+00,7.280697e+00,6.222576e+00,5.942799e+00,6.700731e+00,5.159055e+00
6.163315e+00,7.181592e+00,6.561031e+00,6.556778e+00,7.153834e+00,6.030685e+00,6.525030e+00,7.237778e+00,6.142037e+00,6.703188e+00,5.777652e+00,6.259581e+00,5.641907e+00,6.483107e+00,7.232733e+00,6.336826e+00,5.978886e+00,6.700731e+00,5.159055e+00
6.163315e+00,7.176255e+00,6.559615e+00,6.559615e+00,7.153052e+00,6.047372e+00,6.525030e+00,7.237059e+00,6.142037e+00,6.712956e+00,5.710427e+00,6.077642e+00,5.641907e+00,6.481577e+00,7.193686e+00,6.388561e+00,6.236370e+00,6.703188e+00,5.159055e+00
6.163315e+00,7.155396e+00,6.556778e+00,6.599870e+00,7.153052e+00,6.045005e+00,6.526495e+00,7.237059e+00,6.133398e+00,6.740519e+00,5.710427e+00,6.075346e+00,5.641907e+00,6.481577e+00,7.177019e+00,6.478510e+00,6.318968e+00,6.700731e+00,5.159055e+00
6.163315e+00,7.044033e+00,6.685861e+00,6.594413e+00,7.185387e+00,6.045005e+00,6.526495e+00,7.226936e+00,6.163315e+00,6.752270e+00,5.710427e+00,6.075346e+00,5.641907e+00,6.371612e+00,7.197435e+00,6.511745e+00,6.651572e+00,6.703188e+00,5.068904e+00
6.163315e+00,6.938284e+00,6.817831e+00,6.548219e+00,7.163947e+00,6.184149e+00,6.526495e+00,7.185387e+00,6.274762e+00,6.818924e+00,5.834811e+00,6.075346e+00,5.641907e+00,6.470800e+00,7.192934e+00,6.565265e+00,6.668228e+00,6.830874e+00,5.062595e+00
6.163315e+00,6.915723e+00,6.835185e+00,6.556778e+00,7.164720e+00,6.184149e+00,6.526495e+00,7.122060e+00,6.416732e+00,6.826545e+00,5.948035e+00,6.075346e+00,5.641907e+00,6.559615e+00,7.195937e+00,6.659294e+00,6.668228e+00,6.831954e+00,5.062595e+00
6.150603e+00,6.768493e+00,6.971669e+00,6.568078e+00,7.100852e+00,6.336826e+00,6.526495e+00,7.118016e+00,6.424869e+00,6.826545e+00,5.948035e+00,6.093570e+00,5.641907e+00,6.562444e+00,7.141245e+00,6.660575e+00,6.668228e+00,6.882437e+00,5.062595e+00
6.037871e+00,6.824374e+00,6.971669e+00,6.568078e+00,7.088409e+00,6.363028e+00,6.526495e+00,7.037028e+00,6.569481e+00,6.826545e+00,6.006353e+00,6.156979e+00,5.641907e+00,6.272877e+00,7.141245e+00,6.656727e+00,6.642487e+00,6.948897e+00,5.030438e+00
5.950643e+00,6.861711e+00,6.971669e+00,6.504288e+00,7.124478e+00,6.363028e+00,6.526495e+00,6.927558e+00,6.722630e+00,6.826545e+00,6.152733e+00,6.244167e+00,5.641907e+00,6.070738e+00,7.144407e+00,6.660575e+00,6.635947e+00,6.948897e+00,4.700480e+00
5.849325e+00,6.899723e+00,6.895683e+00,6.614726e+00,7.085064e+00,6.442540e+00,6.522093e+00,6.929517e+00,6.723832e+00,6.776507e+00,6.165418e+00,6.100319e+00,5.641907e+00,5.799093e+00,7.057037e+00,6.660575e+00,6.664409e+00,7.020191e+00,4.624973e+00
5.849325e+00,6.899723e+00,6.721426e+00,6.806829e+00,7.078342e+00,6.455199e+00,6.522093e+00,6.927558e+00,6.726233e+00,6.809039e+00,6.165418e+00,6.021023e+00,5.645447e+00,5.602119e+00,6.858565e+00,6.661855e+00,6.670766e+00,7.023759e+00,4.624973e+00
4.882802e+00,7.095893e+00,6.652863e+00,6.865891e+00,7.027315e+00,6.543912e+00,6.484635e+00,6.765039e+00,6.919684e+00,6.809039e+00,6.131226e+00,6.242223e+00,5.648974e+00,5.587249e+00,6.824374e+00,6.661855e+00,6.650279e+00,7.023759e+00,4.624973e+00
4.852030e+00,7.099202e+00,6.579251e+00,6.921658e+00,6.951772e+00,6.546785e+00,6.572283e+00,6.777647e+00,6.928538e+00,6.809039e+00,6.137727e+00,6.234411e+00,5.648974e+00,5.587249e+00,6.766192e+00,6.756932e+00,6.650279e+00,7.005789e+00,4.418841e+00
4.672829e+00,7.105786e+00,6.595781e+00,6.922644e+00,6.853299e+00,6.630683e+00,6.616065e+00,6.756932e+00,6.950815e+00,6.601230e+00,6.120297e+00,6.234411e+00,5.648974e+00,5.587249e+00,6.969791e+00,6.665684e+00,6.650279e+00,7.007601e+00,4.418841e+00
4.624973e+00,7.109879e+00,6.595781e+00,6.922644e+00,6.822197e+00,6.661855e+00,6.622736e+00,6.735780e+00,6.967909e+00,6.481577e+00,6.335054e+00,6.234411e+00,5.308268e+00,5.587249e+00,6.991177e+00,6.561031e+00,6.629363e+00,7.015712e+00,4.584967e+00
4.624973e+00,7.072422e+00,6.655440e+00,6.922644e+00,6.793466e+00,6.654153e+00,6.664409e+00,6.648985e+00,7.031741e+00,6.525030e+00,6.342121e+00,6.234411e+00,5.659482e+00,5.686975e+00,7.018402e+00,6.548219e+00,6.594413e+00,7.126891e+00,5.273000e+00
4.624973e+00,6.981006e+00,6.779922e+00,6.922644e+00,6.450470e+00,6.785588e+00,6.839476e+00,6.647688e+00,7.014814e+00,6.453625e+00,6.300786e+00,6.295266e+00,5.700444e+00,5.793014e+00,7.023759e+00,6.514713e+00,6.568078e+00,7.233455e+00,5.488938e+00
4.418841e+00,6.883463e+00,6.906755e+00,6.922644e+00,6.406880e+00,6.746412e+00,6.902743e+00,6.647688e+00,7.014814e+00,6.393591e+00,6.311735e+00,6.333280e+00,5.786897e+00,5.973810e+00,6.963190e+00,6.514713e+00,6.428105e+00,7.260523e+00,5.393628e+00
4.912655e+00,6.879356e+00,6.923629e+00,6.922644e+00,6.270988e+00,6.831954e+00,6.897705e+00,6.267201e+00,7.217443e+00,6.269096e+00,6.214608e+00,6.343880e+00,5.913503e+00,6.003887e+00,7.097549e+00,6.329721e+00,6.428105e+00,7.260523e+00,5.433722e+00
4.672829e+00,6.860664e+00,6.948897e+00,6.943122e+00,6.267201e+00,6.834109e+00,6.884487e+00,6.073045e+00,7.292337e+00,6.253829e+00,6.163315e+00,6.343880e+00,6.249975e+00,6.063785e+00,7.097549e+00,6.208590e+00,6.428105e+00,7.260523e+00,5.433722e+00
4.189655e+00,6.722630e+00,7.095064e+00,6.943122e+00,6.267201e+00,6.834109e+00,6.876265e+00,5.880533e+00,7.347944e+00,6.248043e+00,6.163315e+00,6.347389e+00,6.263398e+00,6.142037e+00,7.097549e+00,6.156979e+00,6.529419e+00,7.279319e+00,5.433722e+00
4.189655e+00,6.606650e+00,7.165493e+00,6.946014e+00,6.218600e+00,6.853299e+00,6.883463e+00,5.880533e+00,7.338888e+00,5.945421e+00,6.163315e+00,6.347389e+00,6.068426e+00,6.144186e+00,7.160846e+00,6.148468e+00,6.529419e+00,7.325808e+00,5.433722e+00
4.189655e+00,6.559615e+00,7.191429e+00,6.817831e+00,6.440947e+00,6.852243e+00,6.884487e+00,5.214936e+00,7.418181e+00,5.789960e+00,6.300786e+00,6.259581e+00,5.998937e+00,6.210600e+00,7.147559e+00,6.249975e+00,6.519147e+00,7.296413e+00,5.433722e+00
4.499810e+00,6.431331e+00,7.252762e+00,6.728629e+00,6.558198e+00,6.853299e+00,6.867974e+00,4.770685e+00,7.466228e+00,5.710427e+00,6.342121e+00,6.287859e+00,5.996452e+00,6.620073e+00,7.133296e+00,6.177944e+00,6.493754e+00,7.099202e+00,5.424950e+00
4.521789e+00,6.431331e+00,7.252762e+00,6.603944e+00,6.688355e+00,6.828712e+00,6.833032e+00,5.159055e+00,7.466228e+00,5.758902e+00,6.326149e+00,6.220590e+00,5.996452e+00,6.695799e+00,7.053586e+00,6.226537e+00,6.496775e+00,7.000334e+00,6.056784e+00
4.521789e+00,6.403574e+00,7.264730e+00,6.563856e+00,6.723832e+00,6.809039e+00,6.831954e+00,5.262690e+00,7.466228e+00,5.758902e+00,6.336826e+00,6.218600e+00,5.993961e+00,6.706862e+00,7.023759e+00,6.295266e+00,6.504288e+00,6.974479e+00,6.248043e+00
5.288267e+00,6.280396e+00,7.312553e+00,6.546785e+00,6.629363e+00,6.900731e+00,6.605298e+00,5.942799e+00,7.459339e+00,5.758902e+00,6.408529e+00,6.542472e+00,5.993961e+00,6.706862e+00,6.964136e+00,6.302619e+00,6.541030e+00,6.842683e+00,6.246107e+00
5.631212e+00,6.234411e+00,7.328437e+00,6.442540e+00,6.570883e+00,7.007601e+00,6.194405e+00,6.445720e+00,7.427739e+00,6.056784e+00,6.380123e+00,6.793466e+00,6.003887e+00,6.706862e+00,6.928538e+00,6.311735e+00,6.439350e+00,6.734592e+00,6.248043e+00
5.913503e+00,6.234411e+00,7.325808e+00,6.432940e+00,6.561031e+00,7.022868e+00,6.192362e+00,6.411818e+00,7.420579e+00,6.068426e+00,6.369901e+00,6.776507e+00,6.023448e+00,6.706862e+00,6.920672e+00,6.311735e+00,6.439350e+00,6.732211e+00,6.375025e+00
5.913503e+00,6.163315e+00,7.319202e+00,6.381816e+00,6.655440e+00,7.028201e+00,6.184149e+00,6.418365e+00,7.237778e+00,6.068426e+00,6.369901e+00,6.776507e+00,6.023448e+00,6.706862e+00,6.834109e+00,6.311735e+00,6.514713e+00,6.666957e+00,6.424869e+00
5.986452e+00,6.163315e+00,7.312553e+00,6.398595e+00,6.563856e+00,7.086738e+00,6.042633e+00,6.517671e+00,7.237778e+00,6.068426e+00,6.369901e+00,6.891626e+00,6.016157e+00,6.709304e+00,6.769642e+00,6.317165e+00,6.523562e+00,6.626718e+00,6.458338e+00
6.023448e+00,6.163315e+00,7.181592e+00,6.561031e+00,6.556778e+00,7.153834e+00,6.030685e+00,6.525030e+00,7.237778e+00,6.322565e+00,6.369901e+00,6.891626e+00,6.113682e+00,6.709304e+00,6.768493e+00,6.361302e+00,6.511745e+00,6.620073e+00,6.481577e+00
6.070738e+00,6.163315e+00,7.176255e+00,6.559615e+00,6.559615e+00,7.153052e+00,6.047372e+00,6.525030e+00,7.237059e+00,6.347389e+00,6.517671e+00,6.899723e+00,6.139885e+00,6.725034e+00,6.768493e+00,6.309918e+00,6.388561e+00,6.616065e+00,6.481577e+00
6.095825e+00,6.163315e+00,7.155396e+00,6.556778e+00,6.599870e+00,7.153052e+00,6.045005e+00,6.526495e+00,7.237059e+00,6.306275e+00,6.641182e+00,6.899723e+00,6.214608e+00,6.767343e+00,6.781058e+00,6.202536e+00,6.311735e+00,6.616065e+00,6.481577e+00
6.171701e+00,6.163315e+00,7.044033e+00,6.685861e+00,6.594413e+00,7.185387e+00,6.045005e+00,6.526495e+00,7.226936e+00,6.287859e+00,6.641182e+00,6.899723e+00,6.214608e+00,6.734592e+00,6.668228e+00,6.109248e+00,5.805135e+00,6.612041e+00,6.519147e+00
6.458338e+00,6.163315e+00,6.938284e+00,6.817831e+00,6.548219e+00,7.163947e+00,6.184149e+00,6.526495e+00,7.185387e+00,6.775366e+00,6.587550e+00,6.899723e+00,6.226537e+00,6.659294e+00,6.658011e+00,6.082219e+00,5.765191e+00,6.447306e+00,6.565265e+00
6.584791e+00,6.163315e+00,6.915723e+00,6.835185e+00,6.556778e+00,7.164720e+00,6.184149e+00,6.526495e+00,7.122060e+00,6.767343e+00,6.529419e+00,6.899723e+00,6.352629e+00,6.579251e+00,6.645091e+00,5.963579e+00,5.789960e+00,6.445720e+00,6.565265e+00
6.584791e+00,6.150603e+00,6.768493e+00,6.971669e+00,6.568078e+00,7.100852e+00,6.336826e+00,6.526495e+00,7.118016e+00,6.811244e+00,6.529419e+00,6.891626e+00,6.710523e+00,6.717805e+00,6.665684e+00,6.013715e+00,5.908083e+00,6.366470e+00,6.744059e+00
6.635947e+00,6.037871e+00,6.824374e+00,6.971669e+00,6.568078e+00,7.088409e+00,6.363028e+00,6.526495e+00,7.037028e+00,6.865891e+00,6.495266e+00,6.861711e+00,6.994850e+00,6.647688e+00,6.633318e+00,6.159095e+00,5.910797e+00,6.244167e+00,6.746412e+00
6.804615e+00,5.950643e+00,6.861711e+00,6.971669e+00,6.504288e+00,7.124478e+00,6.363028e+00,6.526495e+00,6.927558e+00,7.042286e+00,6.583409e+00,6.771936e+00,6.994850e+00,6.566672e+00,6.620073e+00,6.152733e+00,5.905362e+00,6.244167e+00,6.831954e+00
6.805723e+00,5.849325e+00,6.899723e+00,6.895683e+00,6.614726e+00,7.085064e+00,6.442540e+00,6.522093e+00,6.929517e+00,7.082549e+00,6.580639e+00,6.768493e+00,7.021976e+00,6.566672e+00,6.617403e+00,6.381816e+00,5.837730e+00,6.079933e+00,6.960348e+00
6.805723e+00,5.849325e+00,6.899723e+00,6.721426e+00,6.806829e+00,7.078342e+00,6.455199e+00,6.522093e+00,6.927558e+00,7.056175e+00,6.582025e+00,6.768493e+00,7.054450e+00,6.588926e+00,6.613384e+00,6.386879e+00,5.739793e+00,6.063785e+00,6.960348e+00
6.805723e+00,4.882802e+00,7.095893e+00,6.652863e+00,6.865891e+00,7.027315e+00,6.543912e+00,6.484635e+00,6.765039e+00,7.067320e+00,6.602588e+00,6.580639e+00,7.053586e+00,6.605298e+00,6.613384e+00,6.386879e+00,5.655992e+00,6.063785e+00,6.960348e+00
6.805723e+00,4.852030e+00,7.099202e+00,6.579251e+00,6.921658e+00,6.951772e+00,6.546785e+00,6.572283e+00,6.777647e+00,7.087574e+00,6.598509e+00,6.580639e+00,7.128496e+00,6.613384e+00,6.613384e+00,6.259581e+00,5.560682e+00,6.063785e+00,6.960348e+00
6.857514e+00,4.672829e+00,7.105786e+00,6.595781e+00,6.922644e+00,6.853299e+00,6.630683e+00,6.616065e+00,6.756932e+00,7.128496e+00,6.597146e+00,6.580639e+00,7.128496e+00,6.628041e+00,6.161207e+00,6.322565e+00,5.560682e+00,6.104793e+00,6.960348e+00
7.013915e+00,4.624973e+00,7.109879e+00,6.595781e+00,6.922644e+00,6.822197e+00,6.661855e+00,6.622736e+00,6.735780e+00,7.233455e+00,6.436150e+00,6.580639e+00,7.126087e+00,6.642487e+00,6.028279e+00,6.380123e+00,5.560682e+00,6.118097e+00,6.934397e+00
7.055313e+00,4.624973e+00,7.072422e+00,6.655440e+00,6.922644e+00,6.793466e+00,6.654153e+00,6.664409e+00,6.648985e+00,7.232733e+00,6.333280e+00,6.580639e+00,7.023759e+00,6.605298e+00,5.953243e+00,6.381816e+00,5.556828e+00,5.910797e+00,6.835185e+00
7.070724e+00,4.624973e+00,6.981006e+00,6.779922e+00,6.922644e+00,6.450470e+00,6.785588e+00,6.839476e+00,6.647688e+00,7.232733e+00,6.333280e+00,6.535241e+00,7.013016e+00,6.566672e+00,5.902633e+00,6.408529e+00,5.680173e+00,6.131226e+00,6.783325e+00
7.075809e+00,4.418841e+00,6.883463e+00,6.906755e+00,6.922644e+00,6.406880e+00,6.746412e+00,6.902743e+00,6.647688e+00,7.304516e+00,6.679599e+00,6.504288e+00,7.072422e+00,6.470800e+00,5.743003e+00,6.436150e+00,5.680173e+00,6.063785e+00,6.770789e+00
7.023759e+00,4.912655e+00,6.879356e+00,6.923629e+00,6.922644e+00,6.270988e+00,6.831954e+00,6.897705e+00,6.267201e+00,7.321189e+00,6.679599e+00,6.514713e+00,7.034388e+00,6.452049e+00,5.056246e+00,6.628041e+00,5.755742e+00,6.066108e+00,6.758095e+00
7.085901e+00,4.672829e+00,6.860664e+00,6.948897e+00,6.943122e+00,6.267201e+00,6.834109e+00,6.884487e+00,6.073045e+00,7.264030e+00,6.679599e+00,6.514713e+00,6.862758e+00,6.411818e+00,5.056246e+00,6.628041e+00,5.755742e+00,6.315358e+00,6.758095e+00
7.274480e+00,4.189655e+00,6.722630e+00,7.095064e+00,6.943122e+00,6.267201e+00,6.834109e+00,6.876265e+00,5.880533e+00,7.291656e+00,6.679599e+00,6.511745e+00,6.855409e+00,6.352629e+00,5.068904e+00,6.628041e+00,5.521461e+00,6.265301e+00,6.758095e+00
7.274480e+00,4.189655e+00,6.606650e+00,7.165493e+00,6.946014e+00,6.218600e+00,6.853299e+00,6.883463e+00,5.880533e+00,7.291656e+00,6.679599e+00,6.561031e+00,6.891626e+00,6.350886e+00,4.499810e+00,6.628041e+00,5.652489e+00,6.240276e+00,6.758095e+00
7.274480e+00,4.189655e+00,6.559615e+00,7.191429e+00,6.817831e+00,6.440947e+00,6.852243e+00,6.884487e+00,5.214936e+00,7.291656e+00,6.648985e+00,6.505784e+00,6.912743e+00,6.326149e+00,4.762174e+00,6.645091e+00,5.981414e+00,6.240276e+00,6.758095e+00
7.257708e+00,4.499810e+00,6.431331e+00,7.252762e+00,6.728629e+00,6.558198e+00,6.853299e+00,6.867974e+00,4.770685e+00,7.293018e+00,6.618739e+00,6.565265e+00,6.929517e+00,5.945421e+00,4.762174e+00,6.695799e+00,6.093570e+00,6.240276e+00,6.756932e+00
7.256297e+00,4.521789e+00,6.431331e+00,7.252762e+00,6.603944e+00,6.688355e+00,6.828712e+00,6.833032e+00,5.159055e+00,7.283448e+00,6.606650e+00,6.563856e+00,6.952729e+00,5.811141e+00,4.762174e+00,6.904751e+00,6.188264e+00,6.238325e+00,6.487684e+00
7.256297e+00,4.521789e+00,6.403574e+00,7.264730e+00,6.563856e+00,6.723832e+00,6.809039e+00,6.831954e+00,5.262690e+00,7.283448e+00,6.630683e+00,6.461468e+00,6.952729e+00,6.133398e+00,4.762174e+00,6.845880e+00,6.190315e+00,6.238325e+00,6.322565e+00
7.178545e+00,5.288267e+00,6.280396e+00,7.312553e+00,6.546785e+00,6.629363e+00,6.900731e+00,6.605298e+00,5.942799e+00,7.283448e+00,6.492240e+00,6.070738e+00,6.952729e+00,6.133398e+00,5.337538e+00,6.841615e+00,6.248043e+00,6.429719e+00,6.594413e+00
7.139660e+00,5.631212e+00,6.234411e+00,7.328437e+00,6.442540e+00,6.570883e+00,7.007601e+00,6.194405e+00,6.445720e+00,7.204893e+00,6.475433e+00,5.411646e+00,7.030857e+00,6.142037e+00,5.402677e+00,6.836259e+00,6.291569e+00,6.429719e+00,6.763885e+00
7.093405e+00,5.913503e+00,6.234411e+00,7.325808e+00,6.432940e+00,6.561031e+00,7.022868e+00,6.192362e+00,6.411818e+00,7.201171e+00,6.475433e+00,5.402677e+00,7.023759e+00,6.190315e+00,5.402677e+00,6.843750e+00,6.291569e+00,6.442540e+00,6.679599e+00
7.153052e+00,5.913503e+00,6.163315e+00,7.319202e+00,6.381816e+00,6.655440e+00,7.028201e+00,6.184149e+00,6.418365e+00,7.201171e+00,6.475433e+00,5.686975e+00,7.057037e+00,6.222576e+00,5.874931e+00,6.853299e+00,6.196444e+00,6.442540e+00,6.641182e+00
7.130899e+00,5.986452e+00,6.163315e+00,7.312553e+00,6.398595e+00,6.563856e+00,7.086738e+00,6.042633e+00,6.517671e+00,7.201171e+00,6.475433e+00,5.337538e+00,7.057037e+00,6.248043e+00,5.897154e+00,6.850126e+00,6.184149e+00,6.467699e+00,6.785588e+00
7.118826e+00,6.023448e+00,6.163315e+00,7.181592e+00,6.561031e+00,6.556778e+00,7.153834e+00,6.030685e+00,6.525030e+00,7.100852e+00,6.475433e+00,5.700444e+00,7.021084e+00,6.259581e+00,5.897154e+00,6.754604e+00,6.198479e+00,6.516193e+00,6.768493e+00
7.106606e+00,6.070738e+00,6.163315e+00,7.176255e+00,6.559615e+00,6.559615e+00,7.153052e+00,6.047372e+00,6.525030e+00,7.082549e+00,6.320768e+00,5.673323e+00,7.010312e+00,6.234411e+00,5.897154e+00,6.753438e+00,6.711740e+00,6.522093e+00,6.981935e+00
7.120444e+00,6.095825e+00,6.163315e+00,7.155396e+00,6.556778e+00,6.599870e+00,7.153052e+00,6.045005e+00,6.526495e+00,7.160846e+00,6.148468e+00,5.673323e+00,7.122867e+00,6.161207e+00,5.866468e+00,6.753438e+00,6.711740e+00,6.595781e+00,7.017506e+00
7.162397e+00,6.171701e+00,6.163315e+00,7.044033e+00,6.685861e+00,6.594413e+00,7.185387e+00,6.045005e+00,6.526495e+00,7.198931e+00,6.148468e+00,5.673323e+00,7.122867e+00,6.165418e+00,6.501290e+00,6.753438e+00,6.711740e+00,6.628041e+00,6.993933e+00
7.069023e+00,6.458338e+00,6.163315e+00,6.938284e+00,6.817831e+00,6.548219e+00,7.163947e+00,6.184149e+00,6.526495e+00,6.846943e+00,6.148468e+00,5.673323e+00,7.118016e+00,6.165418e+00,6.519147e+00,6.723832e+00,6.711740e+00,6.647688e+00,6.995766e+00
7.100852e+00,6.584791e+00,6.163315e+00,6.915723e+00,6.835185e+00,6.556778e+00,7.164720e+00,6.184149e+00,6.526495e+00,6.846943e+00,6.148468e+00,5.673323e+00,7.114769e+00,6.165418e+00,6.617403e+00,6.698268e+00,6.701960e+00,6.652863e+00,7.177782e+00
7.144407e+00,6.584791e+00,6.150603e+00,6.768493e+00,6.971669e+00,6.568078e+00,7.100852e+00,6.336826e+00,6.526495e+00,6.924612e+00,6.148468e+00,5.720312e+00,6.890609e+00,5.905362e+00,6.597146e+00,6.670766e+00,6.650279e+00,6.654153e+00,7.065613e+00
7.114769e+00,6.635947e+00,6.037871e+00,6.824374e+00,6.971669e+00,6.568078e+00,7.088409e+00,6.363028e+00,6.526495e+00,7.015712e+00,6.148468e+00,5.786897e+00,6.569481e+00,5.905362e+00,6.597146e+00,6.586172e+00,6.646391e+00,6.654153e+00,7.071573e+00
7.022868e+00,6.804615e+00,5.950643e+00,6.861711e+00,6.971669e+00,6.504288e+00,7.124478e+00,6.363028e+00,6.526495e+00,6.834109e+00,5.837730e+00,5.786897e+00,6.569481e+00,5.905362e+00,6.597146e+00,6.586172e+00,6.658011e+00,6.654153e+00,7.042286e+00
7.067320e+00,6.805723e+00,5.849325e+00,6.899723e+00,6.895683e+00,6.614726e+00,7.085064e+00,6.442540e+00,6.522093e+00,6.800170e+00,5.826000e+00,5.789960e+00,6.526495e+00,5.905362e+00,6.597146e+00,6.408529e+00,6.700731e+00,6.654153e+00,7.001246e+00
7.143618e+00,6.805723e+00,5.849325e+00,6.899723e+00,6.721426e+00,6.806829e+00,7.078342e+00,6.455199e+00,6.522093e+00,6.778785e+00,5.823046e+00,6.047372e+00,6.469250e+00,5.860786e+00,6.597146e+00,6.401917e+00,6.699500e+00,6.654153e+00,7.073270e+00
7.232010e+00,6.805723e+00,4.882802e+00,7.095893e+00,6.652863e+00,6.865891e+00,7.027315e+00,6.543912e+00,6.484635e+00,6.763885e+00,5.777652e+00,6.047372e+00,6.469250e+00,5.826000e+00,6.597146e+00,6.411818e+00,6.699500e+00,6.654153e+00,7.251345e+00
7.261927e+00,6.805723e+00,4.852030e+00,7.099202e+00,6.579251e+00,6.921658e+00,6.951772e+00,6.546785e+00,6.572283e+00,6.735780e+00,5.777652e+00,6.095825e+00,6.318968e+00,5.808142e+00,6.597146e+00,6.413459e+00,6.699500e+00,6.654153e+00,7.323831e+00
7.277939e+00,6.857514e+00,4.672829e+00,7.105786e+00,6.595781e+00,6.922644e+00,6.853299e+00,6.630683e+00,6.616065e+00,6.838405e+00,5.783825e+00,6.095825e+00,6.318968e+00,5.774552e+00,6.597146e+00,6.426488e+00,6.699500e+00,6.638568e+00,7.381502e+00
7.250636e+00,7.013915e+00,4.624973e+00,7.109879e+00,6.595781e+00,6.922644e+00,6.822197e+00,6.661855e+00,6.622736e+00,6.688355e+00,5.786897e+00,6.095825e+00,6.318968e+00,5.739793e+00,6.629363e+00,6.371612e+00,6.835185e+00,6.618739e+00,7.465655e+00
7.226936e+00,7.055313e+00,4.624973e+00,7.072422e+00,6.655440e+00,6.922644e+00,6.793466e+00,6.654153e+00,6.664409e+00,6.661855e+00,5.786897e+00,6.095825e+00,6.318968e+00,5.739793e+00,6.673298e+00,6.369901e+00,6.931472e+00,6.573680e+00,7.519150e+00
7.243513e+00,7.070724e+00,4.624973e+00,6.981006e+00,6.779922e+00,6.922644e+00,6.450470e+00,6.785588e+00,6.839476e+00,6.661855e+00,5.929589e+00,6.095825e+00,6.318968e+00,5.799093e+00,6.673298e+00,6.342121e+00,6.898715e+00,6.184149e+00,7.519150e+00
7.244942e+00,7.075809e+00,4.418841e+00,6.883463e+00,6.906755e+00,6.922644e+00,6.406880e+00,6.746412e+00,6.902743e+00,6.523562e+00,5.811141e+00,6.095825e+00,6.126869e+00,5.799093e+00,6.673298e+00,6.311735e+00,6.923629e+00,6.167516e+00,7.534228e+00
7.242798e+00,7.023759e+00,4.912655e+00,6.879356e+00,6.923629e+00,6.922644e+00,6.270988e+00,6.831954e+00,6.897705e+00,6.486161e+00,5.971262e+00,6.066108e+00,6.182085e+00,5.799093e+00,6.675823e+00,6.003887e+00,6.959399e+00,6.242223e+00,7.555382e+00
7.225481e+00,7.085901e+00,4.672829e+00,6.860664e+00,6.948897e+00,6.943122e+00,6.267201e+00,6.834109e+00,6.884487e+00,6.464588e+00,6.122493e+00,6.182085e+00,6.259581e+00,5.828946e+00,6.675823e+00,6.186209e+00,6.959399e+00,6.016157e+00,7.560601e+00
7.185387e+00,7.274480e+00,4.189655e+00,6.722630e+00,7.095064e+00,6.943122e+00,6.267201e+00,6.834109e+00,6.876265e+00,6.381816e+00,6.224558e+00,6.375025e+00,6.308098e+00,6.011267e+00,6.673298e+00,6.575076e+00,6.959399e+00,6.016157e+00,7.595387e+00
7.309881e+00,7.274480e+00,4.189655e+00,6.606650e+00,7.165493e+00,6.946014e+00,6.218600e+00,6.853299e+00,6.883463e+00,6.381816e+00,6.224558e+00,6.342121e+00,6.285998e+00,6.198479e+00,6.660575e+00,6.575076e+00,6.925595e+00,5.869297e+00,7.629976e+00
7.332369e+00,7.274480e+00,4.189655e+00,6.559615e+00,7.191429e+00,6.817831e+00,6.440947e+00,6.852243e+00,6.884487e+00,6.381816e+00,6.200509e+00,6.406880e+00,6.415097e+00,6.161207e+00,6.625392e+00,6.797940e+00,6.810142e+00,5.869297e+00,7.746733e+00
7.370860e+00,7.257708e+00,4.499810e+00,6.431331e+00,7.252762e+00,6.728629e+00,6.558198e+00,6.853299e+00,6.867974e+00,6.410175e+00,6.228511e+00,6.306275e+00,6.386879e+00,6.028279e+00,6.648985e+00,6.783325e+00,6.754604e+00,5.869297e+00,7.748029e+00
7.388946e+00,7.256297e+00,4.521789e+00,6.431331e+00,7.252762e+00,6.603944e+00,6.688355e+00,6.828712e+00,6.833032e+00,6.436150e+00,6.632002e+00,6.306275e+00,6.345636e+00,6.006353e+00,6.834109e+00,6.502790e+00,6.929517e+00,5.869297e+00,7.750184e+00
7.388946e+00,7.256297e+00,4.521789e+00,6.403574e+00,7.264730e+00,6.563856e+00,6.723832e+00,6.809039e+00,6.831954e+00,6.437752e+00,6.648985e+00,6.434547e+00,6.345636e+00,5.598422e+00,6.842683e+00,6.787845e+00,6.967909e+00,6.016157e+00,7.754053e+00
7.446001e+00,7.178545e+00,5.288267e+00,6.280396e+00,7.312553e+00,6.546785e+00,6.629363e+00,6.900731e+00,6.605298e+00,6.444131e+00,6.742881e+00,6.508769e+00,6.345636e+00,5.598422e+00,6.740519e+00,6.824374e+00,6.910751e+00,5.707110e+00,7.668094e+00
7.431892e+00,7.139660e+00,5.631212e+00,6.234411e+00,7.328437e+00,6.442540e+00,6.570883e+00,7.007601e+00,6.194405e+00,6.444131e+00,6.742881e+00,6.543912e+00,6.175867e+00,5.613128e+00,6.723832e+00,7.069874e+00,6.887553e+00,5.749393e+00,7.602401e+00
7.412160e+00,7.093405e+00,5.913503e+00,6.234411e+00,7.325808e+00,6.432940e+00,6.561031e+00,7.022868e+00,6.192362e+00,6.444131e+00,6.742881e+00,6.558198e+00,6.175867e+00,6.142037e+00,6.749931e+00,7.096721e+00,6.887553e+00,5.826000e+00,7.602401e+00
7.367077e+00,7.153052e+00,5.913503e+00,6.163315e+00,7.319202e+00,6.381816e+00,6.655440e+00,7.028201e+00,6.184149e+00,6.444131e+00,6.742881e+00,6.452049e+00,6.093570e+00,6.107023e+00,6.580639e+00,7.099202e+00,6.887553e+00,5.874931e+00,7.602401e+00
7.372118e+00,7.130899e+00,5.986452e+00,6.163315e+00,7.312553e+00,6.398595e+00,6.563856e+00,7.086738e+00,6.042633e+00,6.444131e+00,6.742881e+00,6.419995e+00,6.093570e+00,6.077642e+00,6.632002e+00,7.105786e+00,7.081709e+00,5.886104e+00,7.532624e+00
7.373374e+00,7.118826e+00,6.023448e+00,6.163315e+00,7.181592e+00,6.561031e+00,6.556778e+00,7.153834e+00,6.030685e+00,6.444131e+00,6.742881e+00,6.259581e+00,6.091310e+00,6.261492e+00,6.946014e+00,7.191429e+00,7.070724e+00,6.049733e+00,7.532624e+00
7.370231e+00,7.106606e+00,6.070738e+00,6.163315e+00,7.176255e+00,6.559615e+00,6.559615e+00,7.153052e+00,6.047372e+00,6.444131e+00,6.742881e+00,6.259581e+00,6.091310e+00,6.287859e+00,7.052721e+00,7.218177e+00,6.695799e+00,6.042633e+00,7.476472e+00
7.352441e+00,7.120444e+00,6.095825e+00,6.163315e+00,7.155396e+00,6.556778e+00,6.599870e+00,7.153052e+00,6.045005e+00,6.276643e+00,6.741701e+00,6.259581e+00,5.613128e+00,6.293419e+00,7.060476e+00,7.245655e+00,6.714171e+00,5.968708e+00,7.454141e+00
7.294377e+00,7.162397e+00,6.171701e+00,6.163315e+00,7.044033e+00,6.685861e+00,6.594413e+00,7.185387e+00,6.045005e+00,6.177944e+00,6.741701e+00,6.259581e+00,5.638355e+00,6.289716e+00,6.742881e+00,7.254885e+00,6.714171e+00,6.118097e+00,7.454141e+00
7.264030e+00,7.069023e+00,6.458338e+00,6.163315e+00,6.938284e+00,6.817831e+00,6.548219e+00,7.163947e+00,6.184149e+00,6.177944e+00,6.741701e+00,6.263398e+00,5.638355e+00,6.329721e+00,6.726233e+00,7.254885e+00,6.714171e+00,6.297109e+00,7.507141e+00
7.173192e+00,7.100852e+00,6.584791e+00,6.163315e+00,6.915723e+00,6.835185e+00,6.556778e+00,7.164720e+00,6.184149e+00,6.177944e+00,6.863803e+00,6.493754e+00,5.379897e+00,6.329721e+00,6.709304e+00,7.254885e+00,6.714171e+00,6.291569e+00,7.395108e+00
7.175490e+00,7.144407e+00,6.584791e+00,6.150603e+00,6.768493e+00,6.971669e+00,6.568078e+00,7.100852e+00,6.336826e+00,5.905362e+00,6.863803e+00,6.572283e+00,5.379897e+00,6.329721e+00,6.791221e+00,7.254885e+00,6.714171e+00,6.289716e+00,7.425954e+00
7.231287e+00,7.114769e+00,6.635947e+00,6.037871e+00,6.824374e+00,6.971669e+00,6.568078e+00,7.088409e+00,6.363028e+00,5.389072e+00,6.931472e+00,6.584791e+00,5.446737e+00,6.329721e+00,6.794587e+00,7.254885e+00,6.714171e+00,6.289716e+00,7.438972e+00
7.256297e+00,7.022868e+00,6.804615e+00,5.950643e+00,6.861711e+00,6.971669e+00,6.504288e+00,7.124478e+00,6.363028e+00,5.389072e+00,6.931472e+00,6.654153e+00,5.971262e+00,6.329721e+00,6.794587e+00,7.254885e+00,6.716595e+00,6.289716e+00,7.413970e+00
7.221836e+00,7.067320e+00,6.805723e+00,5.849325e+00,6.899723e+00,6.895683e+00,6.614726e+00,7.085064e+00,6.442540e+00,5.407172e+00,6.931472e+00,6.652863e+00,5.971262e+00,6.329721e+00,6.794587e+00,7.252762e+00,6.674561e+00,6.289716e+00,7.363914e+00
7.180070e+00,7.143618e+00,6.805723e+00,5.849325e+00,6.899723e+00,6.721426e+00,6.806829e+00,7.078342e+00,6.455199e+00,5.407172e+00,6.934397e+00,6.520621e+00,5.971262e+00,6.335054e+00,6.812345e+00,7.353722e+00,6.674561e+00,6.313548e+00,7.310550e+00
7.087574e+00,7.232010e+00,6.805723e+00,4.882802e+00,7.095893e+00,6.652863e+00,6.865891e+00,7.027315e+00,6.543912e+00,5.407172e+00,6.981006e+00,6.520621e+00,5.981414e+00,6.343880e+00,6.812345e+00,7.370231e+00,6.674561e+00,6.313548e+00,7.156956e+00
7.051856e+00,7.261927e+00,6.805723e+00,4.852030e+00,7.099202e+00,6.579251e+00,6.921658e+00,6.951772e+00,6.546785e+00,5.407172e+00,6.996681e+00,6.523562e+00,5.986452e+00,6.347389e+00,6.812345e+00,7.375256e+00,6.674561e+00,6.313548e+00,7.080868e+00
6.988413e+00,7.277939e+00,6.857514e+00,4.672829e+00,7.105786e+00,6.595781e+00,6.922644e+00,6.853299e+00,6.630683e+00,4.406719e+00,6.994850e+00,6.535241e+00,6.154858e+00,6.347389e+00,6.812345e+00,7.471932e+00,6.674561e+00,6.298949e+00,7.002156e+00
6.869014e+00,7.250636e+00,7.013915e+00,4.624973e+00,7.109879e+00,6.595781e+00,6.922644e+00,6.822197e+00,6.661855e+00,4.477337e+00,7.033506e+00,6.535241e+00,6.200509e+00,6.347389e+00,6.785588e+00,7.504392e+00,6.513230e+00,6.298949e+00,6.865891e+00
6.899723e+00,7.226936e+00,7.055313e+00,4.624973e+00,7.072422e+00,6.655440e+00,6.922644e+00,6.793466e+00,6.654153e+00,4.820282e+00,7.149132e+00,6.535241e+00,6.200509e+00,6.347389e+00,6.746412e+00,7.515889e+00,6.363028e+00,6.265301e+00,6.760415e+00
6.902743e+00,7.243513e+00,7.070724e+00,4.624973e+00,6.981006e+00,6.779922e+00,6.922644e+00,6.450470e+00,6.785588e+00,4.820282e+00,7.412764e+00,6.535241e+00,6.200509e+00,6.304449e+00,6.746412e+00,7.586296e+00,6.361302e+00,6.375025e+00,6.760415e+00
6.894670e+00,7.244942e+00,7.075809e+00,4.418841e+00,6.883463e+00,6.906755e+00,6.922644e+00,6.406880e+00,6.746412e+00,4.804021e+00,7.283448e+00,6.535241e+00,6.276643e+00,6.322565e+00,6.746412e+00,7.586296e+00,6.317165e+00,6.375025e+00,6.742881e+00
6.891626e+00,7.242798e+00,7.023759e+00,4.912655e+00,6.879356e+00,6.923629e+00,6.922644e+00,6.270988e+00,6.831954e+00,4.804021e+00,7.242798e+00,6.535241e+00,6.226537e+00,6.393591e+00,6.744059e+00,7.586296e+00,6.202536e+00,6.308098e+00,6.763885e+00
6.841615e+00,7.225481e+00,7.085901e+00,4.672829e+00,6.860664e+00,6.948897e+00,6.943122e+00,6.267201e+00,6.834109e+00,4.897840e+00,7.195937e+00,6.455199e+00,6.146329e+00,6.405228e+00,6.744059e+00,7.567346e+00,6.202536e+00,6.327937e+00,6.763885e+00
6.726233e+00,7.185387e+00,7.274480e+00,4.189655e+00,6.722630e+00,7.095064e+00,6.943122e+00,6.267201e+00,6.834109e+00,5.236442e+00,7.158514e+00,6.278521e+00,6.089045e+00,6.396930e+00,6.748760e+00,7.440147e+00,6.202536e+00,6.401917e+00,6.768493e+00
6.490724e+00,7.309881e+00,7.274480e+00,4.189655e+00,6.606650e+00,7.165493e+00,6.946014e+00,6.218600e+00,6.853299e+00,5.402677e+00,7.159292e+00,6.263398e+00,6.033086e+00,6.318968e+00,6.804615e+00,7.440147e+00,6.234411e+00,6.403574e+00,6.685861e+00
6.437752e+00,7.332369e+00,7.274480e+00,4.189655e+00,6.559615e+00,7.191429e+00,6.817831e+00,6.440947e+00,6.852243e+00,6.216606e+00,7.132498e+00,6.226537e+00,5.774552e+00,6.385194e+00,6.835185e+00,7.286876e+00,6.259581e+00,6.405228e+00,6.302619e+00
6.336826e+00,7.370860e+00,7.257708e+00,4.499810e+00,6.431331e+00,7.252762e+00,6.728629e+00,6.558198e+00,6.853299e+00,6.177944e+00,7.167809e+00,6.226537e+00,5.774552e+00,6.357842e+00,6.853299e+00,7.268223e+00,6.329721e+00,6.405228e+00,6.297109e+00
6.733402e+00,7.388946e+00,7.256297e+00,4.521789e+00,6.431331e+00,7.252762e+00,6.603944e+00,6.688355e+00,6.828712e+00,6.142037e+00,6.951772e+00,6.226537e+00,5.774552e+00,6.386879e+00,6.752270e+00,7.261927e+00,5.869297e+00,6.405228e+00,6.287859e+00
6.781058e+00,7.388946e+00,7.256297e+00,4.521789e+00,6.403574e+00,7.264730e+00,6.563856e+00,6.723832e+00,6.809039e+00,6.142037e+00,6.961296e+00,6.118097e+00,5.774552e+00,6.386879e+00,6.908755e+00,7.097549e+00,5.777652e+00,6.300786e+00,6.270988e+00
6.697034e+00,7.446001e+00,7.178545e+00,5.288267e+00,6.280396e+00,7.312553e+00,6.546785e+00,6.629363e+00,6.900731e+00,6.133398e+00,6.914731e+00,6.006353e+00,5.774552e+00,6.390241e+00,6.909753e+00,7.094235e+00,5.805135e+00,6.298949e+00,6.270988e+00
6.801283e+00,7.431892e+00,7.139660e+00,5.631212e+00,6.234411e+00,7.328437e+00,6.442540e+00,6.570883e+00,7.007601e+00,6.163315e+00,6.914731e+00,5.945421e+00,5.774552e+00,6.432940e+00,6.910751e+00,6.855409e+00,5.971262e+00,6.274762e+00,6.270988e+00
6.810142e+00,7.412160e+00,7.093405e+00,5.913503e+00,6.234411e+00,7.325808e+00,6.432940e+00,6.561031e+00,7.022868e+00,6.274762e+00,6.914731e+00,6.212606e+00,5.774552e+00,6.144186e+00,6.900731e+00,6.813445e+00,5.991465e+00,6.210600e+00,6.270988e+00
6.809039e+00,7.367077e+00,7.153052e+00,5.913503e+00,6.163315e+00,7.319202e+00,6.381816e+00,6.655440e+00,7.028201e+00,6.416732e+00,6.926577e+00,6.208590e+00,5.774552e+00,6.150603e+00,6.899723e+00,6.800170e+00,5.991465e+00,6.175867e+00,6.270988e+00
6.805723e+00,7.372118e+00,7.130899e+00,5.986452e+00,6.163315e+00,7.312553e+00,6.398595e+00,6.563856e+00,7.086738e+00,6.424869e+00,6.939254e+00,6.340359e+00,5.774552e+00,6.146329e+00,6.852243e+00,6.791221e+00,5.247024e+00,6.133398e+00,6.261492e+00
6.803505e+00,7.373374e+00,7.118826e+00,6.023448e+00,6.163315e+00,7.181592e+00,6.561031e+00,6.556778e+00,7.153834e+00,6.569481e+00,7.034388e+00,6.483107e+00,5.774552e+00,5.921578e+00,6.501290e+00,6.660575e+00,5.247024e+00,5.899897e+00,6.261492e+00
6.803505e+00,7.370231e+00,7.106606e+00,6.070738e+00,6.163315e+00,7.176255e+00,6.559615e+00,6.559615e+00,7.153052e+00,6.722630e+00,7.130099e+00,6.525030e+00,5.774552e+00,5.883322e+00,6.308098e+00,6.613384e+00,5.579730e+00,5.897154e+00,6.037871e+00
6.858565e+00,7.352441e+00,7.120444e+00,6.095825e+00,6.163315e+00,7.155396e+00,6.556778e+00,6.599870e+00,7.153052e+00,6.723832e+00,7.130099e+00,6.525030e+00,5.774552e+00,5.874931e+00,6.291569e+00,6.561031e+00,5.537334e+00,5.834811e+00,6.037871e+00
6.916715e+00,7.294377e+00,7.162397e+00,6.171701e+00,6.163315e+00,7.044033e+00,6.685861e+00,6.594413e+00,7.185387e+00,6.726233e+00,7.130099e+00,6.760415e+00,5.752573e+00,5.874931e+00,6.378426e+00,6.542472e+00,5.786897e+00,5.541264e+00,6.037871e+00
6.942157e+00,7.264030e+00,7.069023e+00,6.458338e+00,6.163315e+00,6.938284e+00,6.817831e+00,6.548219e+00,7.163947e+00,6.919684e+00,7.130099e+00,6.802395e+00,6.202536e+00,5.811141e+00,6.311735e+00,6.542472e+00,5.786897e+00,5.017280e+00,5.676754e+00
6.942157e+00,7.173192e+00,7.100852e+00,6.584791e+00,6.163315e+00,6.915723e+00,6.835185e+00,6.556778e+00,7.164720e+00,6.928538e+00,7.037906e+00,6.902743e+00,6.434547e+00,5.811141e+00,6.263398e+00,6.693324e+00,5.950643e+00,5.010635e+00,5.662960e+00
6.935370e+00,7.175490e+00,7.144407e+00,6.584791e+00,6.150603e+00,6.768493e+00,6.971669e+00,6.568078e+00,7.100852e+00,6.950815e+00,7.056175e+00,6.831954e+00,6.434547e+00,5.894403e+00,6.126869e+00,6.874198e+00,5.950643e+00,5.010635e+00,5.468060e+00
6.870053e+00,7.231287e+00,7.114769e+00,6.635947e+00,6.037871e+00,6.824374e+00,6.971669e+00,6.568078e+00,7.088409e+00,6.967909e+00,6.996681e+00,6.917706e+00,6.410175e+00,5.916202e+00,6.120297e+00,7.023759e+00,5.950643e+00,5.010635e+00,5.327876e+00
6.881411e+00,7.256297e+00,7.022868e+00,6.804615e+00,5.950643e+00,6.861711e+00,6.971669e+00,6.504288e+00,7.124478e+00,7.031741e+00,6.996681e+00,6.889591e+00,6.104793e+00,6.049733e+00,6.120297e+00,7.023759e+00,5.921578e+00,5.429346e+00,5.327876e+00
7.173192e+00,7.221836e+00,7.067320e+00,6.805723e+00,5.849325e+00,6.899723e+00,6.895683e+00,6.614726e+00,7.085064e+00,7.014814e+00,6.996681e+00,6.889591e+00,6.104793e+00,6.056784e+00,6.120297e+00,7.023759e+00,5.921578e+00,5.552960e+00,5.327876e+00
7.145196e+00,7.180070e+00,7.143618e+00,6.805723e+00,5.849325e+00,6.899723e+00,6.721426e+00,6.806829e+00,7.078342e+00,7.014814e+00,6.995766e+00,6.890609e+00,6.104793e+00,6.139885e+00,6.084499e+00,6.880384e+00,5.921578e+00,5.505332e+00,5.332719e+00
7.144407e+00,7.087574e+00,7.232010e+00,6.805723e+00,4.882802e+00,7.095893e+00,6.652863e+00,6.865891e+00,7.027315e+00,7.217443e+00,6.950815e+00,6.929517e+00,6.095825e+00,6.295266e+00,6.084499e+00,6.846943e+00,5.921578e+00,5.786897e+00,5.247024e+00
7.144407e+00,7.051856e+00,7.261927e+00,6.805723e+00,4.852030e+00,7.099202e+00,6.579251e+00,6.921658e+00,6.951772e+00,7.292337e+00,6.991177e+00,7.000334e+00,6.091310e+00,6.298949e+00,6.084499e+00,6.828712e+00,6.006353e+00,5.786897e+00,5.181784e+00
7.144407e+00,6.988413e+00,7.277939e+00,6.857514e+00,4.672829e+00,7.105786e+00,6.595781e+00,6.922644e+00,6.853299e+00,7.347944e+00,6.991177e+00,7.013915e+00,5.910797e+00,6.496775e+00,6.084499e+00,6.709304e+00,6.593045e+00,5.786897e+00,5.463832e+00
7.144407e+00,6.869014e+00,7.250636e+00,7.013915e+00,4.624973e+00,7.109879e+00,6.595781e+00,6.922644e+00,6.822197e+00,7.338888e+00,6.949856e+00,7.024649e+00,5.849325e+00,6.862758e+00,6.084499e+00,6.651572e+00,6.594413e+00,5.786897e+00,5.572154e+00
7.109062e+00,6.899723e+00,7.226936e+00,7.055313e+00,4.624973e+00,7.072422e+00,6.655440e+00,6.922644e+00,6.793466e+00,7.418181e+00,6.806829e+00,7.107425e+00,5.874931e+00,6.874198e+00,6.084499e+00,6.625392e+00,6.594413e+00,5.786897e+00,5.993961e+00
7.072422e+00,6.902743e+00,7.243513e+00,7.070724e+00,4.624973e+00,6.981006e+00,6.779922e+00,6.922644e+00,6.450470e+00,7.466228e+00,6.152733e+00,7.130099e+00,6.226537e+00,7.095064e+00,6.084499e+00,6.429719e+00,6.594413e+00,5.572154e+00,6.030685e+00
7.072422e+00,6.894670e+00,7.244942e+00,7.075809e+00,4.418841e+00,6.883463e+00,6.906755e+00,6.922644e+00,6.406880e+00,7.466228e+00,6.150603e+00,7.153052e+00,6.159095e+00,7.086738e+00,6.118097e+00,6.429719e+00,6.594413e+00,5.572154e+00,6.159095e+00
7.072422e+00,6.891626e+00,7.242798e+00,7.023759e+00,4.912655e+00,6.879356e+00,6.923629e+00,6.922644e+00,6.270988e+00,7.466228e+00,6.150603e+00,7.153052e+00,6.159095e+00,7.051856e+00,6.150603e+00,6.429719e+00,6.594413e+00,5.572154e+00,6.030685e+00
7.072422e+00,6.841615e+00,7.225481e+00,7.085901e+00,4.672829e+00,6.860664e+00,6.948897e+00,6.943122e+00,6.267201e+00,7.459339e+00,6.150603e+00,7.153052e+00,6.159095e+00,7.037028e+00,6.150603e+00,6.519147e+00,6.594413e+00,5.463832e+00,6.486161e+00
6.991177e+00,6.726233e+00,7.185387e+00,7.274480e+00,4.189655e+00,6.722630e+00,7.095064e+00,6.943122e+00,6.267201e+00,7.427739e+00,6.150603e+00,7.153052e+00,6.159095e+00,6.980076e+00,6.142037e+00,6.675823e+00,6.594413e+00,5.929589e+00,6.369901e+00
7.086738e+00,6.490724e+00,7.309881e+00,7.274480e+00,4.189655e+00,6.606650e+00,7.165493e+00,6.946014e+00,6.218600e+00,7.420579e+00,6.148468e+00,7.147559e+00,6.159095e+00,6.961296e+00,6.267201e+00,6.677083e+00,6.572283e+00,6.186209e+00,6.368187e+00
7.091742e+00,6.437752e+00,7.332369e+00,7.274480e+00,4.189655e+00,6.559615e+00,7.191429e+00,6.817831e+00,6.440947e+00,7.237778e+00,6.148468e+00,7.132498e+00,6.159095e+00,6.949856e+00,6.343880e+00,6.683361e+00,6.553933e+00,6.196444e+00,6.368187e+00
7.095893e+00,6.336826e+00,7.370860e+00,7.257708e+00,4.499810e+00,6.431331e+00,7.252762e+00,6.728629e+00,6.558198e+00,7.237778e+00,6.013715e+00,7.132498e+00,6.159095e+00,6.949856e+00,6.282267e+00,6.683361e+00,6.498282e+00,6.280396e+00,6.368187e+00
6.815640e+00,6.733402e+00,7.388946e+00,7.256297e+00,4.521789e+00,6.431331e+00,7.252762e+00,6.603944e+00,6.688355e+00,7.237778e+00,6.013715e+00,7.132498e+00,6.177944e+00,6.931472e+00,6.472346e+00,6.894670e+00,6.492240e+00,6.280396e+00,6.368187e+00
6.769642e+00,6.781058e+00,7.388946e+00,7.256297e+00,4.521789e+00,6.403574e+00,7.264730e+00,6.563856e+00,6.723832e+00,7.237059e+00,5.869297e+00,7.113956e+00,6.444131e+00,6.931472e+00,6.251904e+00,6.889591e+00,6.469250e+00,6.393591e+00,6.373320e+00
6.741701e+00,6.697034e+00,7.446001e+00,7.178545e+00,5.288267e+00,6.280396e+00,7.312553e+00,6.546785e+00,6.629363e+00,7.237059e+00,5.786897e+00,7.113956e+00,6.444131e+00,6.929517e+00,6.300786e+00,6.859615e+00,6.453625e+00,6.401917e+00,6.373320e+00
6.621406e+00,6.801283e+00,7.431892e+00,7.139660e+00,5.631212e+00,6.234411e+00,7.328437e+00,6.442540e+00,6.570883e+00,7.226936e+00,5.789960e+00,7.113956e+00,6.444131e+00,6.896694e+00,6.352629e+00,6.859615e+00,6.354370e+00,6.439350e+00,6.373320e+00
6.647688e+00,6.810142e+00,7.412160e+00,7.093405e+00,5.913503e+00,6.234411e+00,7.325808e+00,6.432940e+00,6.561031e+00,7.185387e+00,6.489205e+00,7.117206e+00,6.489205e+00,7.026427e+00,6.342121e+00,6.859615e+00,6.340359e+00,6.483107e+00,6.373320e+00
6.648985e+00,6.809039e+00,7.367077e+00,7.153052e+00,5.913503e+00,6.163315e+00,7.319202e+00,6.381816e+00,6.655440e+00,7.122060e+00,6.632002e+00,7.122060e+00,6.489205e+00,7.023759e+00,6.354370e+00,6.859615e+00,6.340359e+00,6.484635e+00,6.373320e+00
6.642487e+00,6.805723e+00,7.372118e+00,7.130899e+00,5.986452e+00,6.163315e+00,7.312553e+00,6.398595e+00,6.563856e+00,7.118016e+00,6.654153e+00,7.062192e+00,6.489205e+00,7.023759e+00,6.357842e+00,6.870053e+00,6.340359e+00,6.922644e+00,6.478510e+00
6.642487e+00,6.803505e+00,7.373374e+00,7.118826e+00,6.023448e+00,6.163315e+00,7.181592e+00,6.561031e+00,6.556778e+00,7.037028e+00,6.511745e+00,6.985642e+00,6.489205e+00,7.023759e+00,6.563856e+00,6.870053e+00,6.340359e+00,6.948897e+00,6.520621e+00
6.642487e+00,6.803505e+00,7.370231e+00,7.106606e+00,6.070738e+00,6.163315e+00,7.176255e+00,6.559615e+00,6.559615e+00,6.927558e+00,6.327937e+00,6.959399e+00,6.489205e+00,7.023759e+00,6.566672e+00,6.870053e+00,6.198479e+00,7.037028e+00,6.520621e+00
6.573680e+00,6.858565e+00,7.352441e+00,7.120444e+00,6.095825e+00,6.163315e+00,7.155396e+00,6.556778e+00,6.599870e+00,6.929517e+00,6.413459e+00,6.962243e+00,6.489205e+00,7.023759e+00,6.677083e+00,6.873164e+00,6.340359e+00,7.046647e+00,6.520621e+00
6.490724e+00,6.916715e+00,7.294377e+00,7.162397e+00,6.171701e+00,6.163315e+00,7.044033e+00,6.685861e+00,6.594413e+00,6.927558e+00,6.480045e+00,6.774224e+00,6.489205e+00,7.023759e+00,6.661855e+00,7.047517e+00,6.204558e+00,7.059618e+00,6.520621e+00
6.565265e+00,6.942157e+00,7.264030e+00,7.069023e+00,6.458338e+00,6.163315e+00,6.938284e+00,6.817831e+00,6.548219e+00,6.765039e+00,6.480045e+00,6.728629e+00,6.171701e+00,7.023759e+00,6.656727e+00,7.057898e+00,6.302619e+00,7.059618e+00,6.519147e+00
6.591674e+00,6.942157e+00,7.173192e+00,7.100852e+00,6.584791e+00,6.163315e+00,6.915723e+00,6.835185e+00,6.556778e+00,6.777647e+00,6.480045e+00,6.463029e+00,5.857933e+00,7.023759e+00,6.613384e+00,6.956545e+00,6.190315e+00,7.059618e+00,6.487684e+00
6.520621e+00,6.935370e+00,7.175490e+00,7.144407e+00,6.584791e+00,6.150603e+00,6.768493e+00,6.971669e+00,6.568078e+00,6.756932e+00,6.447306e+00,6.463029e+00,5.857933e+00,6.997596e+00,6.927558e+00,6.821107e+00,6.192362e+00,7.059618e+00,6.487684e+00
6.504288e+00,6.870053e+00,7.231287e+00,7.114769e+00,6.635947e+00,6.037871e+00,6.824374e+00,6.971669e+00,6.568078e+00,6.735780e+00,6.447306e+00,6.289716e+00,5.857933e+00,6.990257e+00,6.929517e+00,6.684612e+00,6.276643e+00,7.059618e+00,6.487684e+00
6.380123e+00,6.881411e+00,7.256297e+00,7.022868e+00,6.804615e+00,5.950643e+00,6.861711e+00,6.971669e+00,6.504288e+00,6.648985e+00,6.447306e+00,6.249975e+00,5.857933e+00,6.940222e+00,6.931472e+00,6.684612e+00,6.361302e+00,6.990257e+00,6.487684e+00
5.545177e+00,7.173192e+00,7.221836e+00,7.067320e+00,6.805723e+00,5.849325e+00,6.899723e+00,6.895683e+00,6.614726e+00,6.647688e+00,6.447306e+00,6.285998e+00,5.945421e+00,7.042286e+00,6.931472e+00,6.687109e+00,6.431331e+00,6.962243e+00,6.487684e+00
5.541264e+00,7.145196e+00,7.180070e+00,7.143618e+00,6.805723e+00,5.849325e+00,6.899723e+00,6.721426e+00,6.806829e+00,6.647688e+00,6.444131e+00,6.483107e+00,5.961005e+00,7.013915e+00,6.931472e+00,6.687109e+00,6.472346e+00,6.961296e+00,6.486161e+00
5.743003e+00,7.144407e+00,7.087574e+00,7.232010e+00,6.805723e+00,4.882802e+00,7.095893e+00,6.652863e+00,6.865891e+00,6.267201e+00,6.442540e+00,6.429719e+00,5.961005e+00,6.936343e+00,6.931472e+00,6.690842e+00,6.473891e+00,6.882437e+00,6.486161e+00
5.743003e+00,7.144407e+00,7.051856e+00,7.261927e+00,6.805723e+00,4.852030e+00,7.099202e+00,6.579251e+00,6.921658e+00,6.073045e+00,6.354370e+00,6.331502e+00,5.961005e+00,6.966024e+00,6.931472e+00,6.690842e+00,6.445720e+00,6.882437e+00,6.486161e+00
5.743003e+00,7.144407e+00,6.988413e+00,7.277939e+00,6.857514e+00,4.672829e+00,7.105786e+00,6.595781e+00,6.922644e+00,5.880533e+00,6.354370e+00,6.289716e+00,5.961005e+00,6.932448e+00,7.023759e+00,6.583409e+00,5.908083e+00,6.898715e+00,6.393591e+00
6.171701e+00,7.144407e+00,6.869014e+00,7.250636e+00,7.013915e+00,4.624973e+00,7.109879e+00,6.595781e+00,6.922644e+00,5.880533e+00,6.373320e+00,6.308098e+00,5.966147e+00,6.609349e+00,7.023759e+00,6.569481e+00,5.940171e+00,6.951772e+00,6.345636e+00
6.192362e+00,7.109062e+00,6.899723e+00,7.226936e+00,7.055313e+00,4.624973e+00,7.072422e+00,6.655440e+00,6.922644e+00,5.214936e+00,6.390241e+00,6.115892e+00,5.991465e+00,6.594413e+00,7.023759e+00,6.813445e+00,6.018593e+00,7.009409e+00,6.068426e+00
6.272877e+00,7.072422e+00,6.902743e+00,7.243513e+00,7.070724e+00,4.624973e+00,6.981006e+00,6.779922e+00,6.922644e+00,4.770685e+00,6.418365e+00,6.056784e+00,5.521461e+00,6.198479e+00,7.054450e+00,6.815640e+00,6.317165e+00,7.011214e+00,6.033086e+00
6.272877e+00,7.072422e+00,6.894670e+00,7.244942e+00,7.075809e+00,4.418841e+00,6.883463e+00,6.906755e+00,6.922644e+00,5.159055e+00,6.480045e+00,6.122493e+00,5.497168e+00,6.198479e+00,7.041412e+00,6.995766e+00,6.533789e+00,7.038784e+00,5.849325e+00
6.272877e+00,7.072422e+00,6.891626e+00,7.242798e+00,7.023759e+00,4.912655e+00,6.879356e+00,6.923629e+00,6.922644e+00,5.262690e+00,6.715383e+00,6.122493e+00,5.652489e+00,6.198479e+00,7.092574e+00,7.004882e+00,6.558198e+00,7.038784e+00,5.846439e+00
6.298949e+00,7.072422e+00,6.841615e+00,7.225481e+00,7.085901e+00,4.672829e+00,6.860664e+00,6.948897e+00,6.943122e+00,5.942799e+00,6.735780e+00,6.122493e+00,5.910797e+00,6.198479e+00,7.224025e+00,6.967909e+00,6.700731e+00,7.090077e+00,4.564348e+00
6.308098e+00,6.991177e+00,6.726233e+00,7.185387e+00,7.274480e+00,4.189655e+00,6.722630e+00,7.095064e+00,6.943122e+00,6.445720e+00,6.735780e+00,6.122493e+00,5.988961e+00,6.200509e+00,7.257708e+00,6.853299e+00,6.731018e+00,6.947937e+00,4.564348e+00
6.086775e+00,7.086738e+00,6.490724e+00,7.309881e+00,7.274480e+00,4.189655e+00,6.606650e+00,7.165493e+00,6.946014e+00,6.411818e+00,6.735780e+00,6.122493e+00,5.988961e+00,6.161207e+00,7.177019e+00,6.852243e+00,6.800170e+00,6.835185e+00,4.564348e+00
6.073045e+00,7.091742e+00,6.437752e+00,7.332369e+00,7.274480e+00,4.189655e+00,6.559615e+00,7.191429e+00,6.817831e+00,6.418365e+00,6.735780e+00,6.232448e+00,6.016157e+00,6.218600e+00,7.123673e+00,6.900731e+00,6.801283e+00,6.828712e+00,4.564348e+00
6.061457e+00,7.095893e+00,6.336826e+00,7.370860e+00,7.257708e+00,4.499810e+00,6.431331e+00,7.252762e+00,6.728629e+00,6.517671e+00,6.735780e+00,6.238325e+00,6.175867e+00,6.244167e+00,7.148346e+00,6.900731e+00,6.801283e+00,6.875232e+00,4.564348e+00
6.040255e+00,6.815640e+00,6.733402e+00,7.388946e+00,7.256297e+00,4.521789e+00,6.431331e+00,7.252762e+00,6.603944e+00,6.525030e+00,6.735780e+00,6.249975e+00,6.440947e+00,6.244167e+00,7.015712e+00,6.690842e+00,6.801283e+00,6.875232e+00,5.620401e+00
6.040255e+00,6.769642e+00,6.781058e+00,7.388946e+00,7.256297e+00,4.521789e+00,6.403574e+00,7.264730e+00,6.563856e+00,6.525030e+00,6.735780e+00,6.285998e+00,6.248043e+00,6.244167e+00,6.999422e+00,6.886532e+00,6.838405e+00,6.822197e+00,5.872118e+00
6.052089e+00,6.741701e+00,6.697034e+00,7.446001e+00,7.178545e+00,5.288267e+00,6.280396e+00,7.312553e+00,6.546785e+00,6.526495e+00,6.736967e+00,6.311735e+00,6.248043e+00,6.244167e+00,6.974479e+00,7.012115e+00,6.852243e+00,6.816736e+00,5.918894e+00
6.165418e+00,6.621406e+00,6.801283e+00,7.431892e+00,7.139660e+00,5.631212e+00,6.234411e+00,7.328437e+00,6.442540e+00,6.526495e+00,6.735780e+00,6.311735e+00,6.249975e+00,6.242223e+00,6.946014e+00,7.103322e+00,6.854355e+00,6.864848e+00,6.093570e+00
6.102559e+00,6.647688e+00,6.810142e+00,7.412160e+00,7.093405e+00,5.913503e+00,6.234411e+00,7.325808e+00,6.432940e+00,6.526495e+00,6.236370e+00,6.040255e+00,6.196444e+00,5.765191e+00,6.941190e+00,7.107425e+00,6.858565e+00,6.883463e+00,6.324359e+00
6.100319e+00,6.648985e+00,6.809039e+00,7.367077e+00,7.153052e+00,5.913503e+00,6.163315e+00,7.319202e+00,6.381816e+00,6.526495e+00,5.986452e+00,6.025866e+00,6.196444e+00,5.820083e+00,6.934397e+00,7.107425e+00,6.858565e+00,6.888572e+00,6.470800e+00
6.100319e+00,6.642487e+00,6.805723e+00,7.372118e+00,7.130899e+00,5.986452e+00,6.163315e+00,7.312553e+00,6.398595e+00,6.526495e+00,5.908083e+00,6.052089e+00,6.196444e+00,5.828946e+00,6.932448e+00,7.099202e+00,6.858565e+00,6.431331e+00,6.398595e+00
6.100319e+00,6.642487e+00,6.803505e+00,7.373374e+00,7.118826e+00,6.023448e+00,6.163315e+00,7.181592e+00,6.561031e+00,6.526495e+00,5.908083e+00,6.122493e+00,6.196444e+00,5.828946e+00,6.803505e+00,7.099202e+00,6.858565e+00,6.499787e+00,6.391917e+00
6.100319e+00,6.642487e+00,6.803505e+00,7.370231e+00,7.106606e+00,6.070738e+00,6.163315e+00,7.176255e+00,6.559615e+00,6.526495e+00,5.905362e+00,6.169611e+00,6.196444e+00,5.913503e+00,6.806829e+00,7.138073e+00,6.858565e+00,6.350886e+00,6.527958e+00
6.100319e+00,6.573680e+00,6.858565e+00,7.352441e+00,7.120444e+00,6.095825e+00,6.163315e+00,7.155396e+00,6.556778e+00,6.522093e+00,5.758902e+00,6.313548e+00,6.196444e+00,6.206576e+00,6.710523e+00,7.141245e+00,6.771936e+00,6.331502e+00,6.535241e+00
6.122493e+00,6.490724e+00,6.916715e+00,7.294377e+00,7.162397e+00,6.171701e+00,6.163315e+00,7.044033e+00,6.685861e+00,6.522093e+00,5.616771e+00,6.436150e+00,6.196444e+00,6.309918e+00,6.664409e+00,6.983790e+00,6.771936e+00,6.359574e+00,6.535241e+00
5.937536e+00,6.565265e+00,6.942157e+00,7.264030e+00,7.069023e+00,6.458338e+00,6.163315e+00,6.938284e+00,6.817831e+00,6.484635e+00,5.634790e+00,6.469250e+00,6.196444e+00,6.364751e+00,6.708084e+00,7.056175e+00,6.711740e+00,6.386879e+00,6.535241e+00
5.886104e+00,6.591674e+00,6.942157e+00,7.173192e+00,7.100852e+00,6.584791e+00,6.163315e+00,6.915723e+00,6.835185e+00,6.572283e+00,5.777652e+00,6.426488e+00,6.196444e+00,6.364751e+00,6.708084e+00,7.068172e+00,6.711740e+00,6.386879e+00,6.535241e+00
5.886104e+00,6.520621e+00,6.935370e+00,7.175490e+00,7.144407e+00,6.584791e+00,6.150603e+00,6.768493e+00,6.971669e+00,6.616065e+00,5.948035e+00,6.629363e+00,6.196444e+00,6.390241e+00,6.293419e+00,7.044905e+00,6.726233e+00,6.386879e+00,6.535241e+00
5.924256e+00,6.504288e+00,6.870053e+00,7.231287e+00,7.114769e+00,6.635947e+00,6.037871e+00,6.824374e+00,6.971669e+00,6.622736e+00,6.049733e+00,6.614726e+00,6.196444e+00,6.555357e+00,6.315358e+00,7.010312e+00,6.673298e+00,6.388561e+00,6.535241e+00
5.926926e+00,6.380123e+00,6.881411e+00,7.256297e+00,7.022868e+00,6.804615e+00,5.950643e+00,6.861711e+00,6.971669e+00,6.664409e+00,6.167516e+00,6.610696e+00,6.196444e+00,6.856462e+00,6.313548e+00,7.010312e+00,6.720220e+00,6.478510e+00,6.535241e+00
5.926926e+00,5.545177e+00,7.173192e+00,7.221836e+00,7.067320e+00,6.805723e+00,5.849325e+00,6.899723e+00,6.895683e+00,6.839476e+00,6.175867e+00,6.584791e+00,6.129050e+00,6.769642e+00,6.393591e+00,7.036148e+00,6.679599e+00,6.771936e+00,6.535241e+00
5.926926e+00,5.541264e+00,7.145196e+00,7.180070e+00,7.143618e+00,6.805723e+00,5.849325e+00,6.899723e+00,6.721426e+00,6.902743e+00,6.175867e+00,6.466145e+00,6.115892e+00,6.807935e+00,6.423247e+00,7.036148e+00,6.841615e+00,7.079184e+00,6.535241e+00
5.762051e+00,5.743003e+00,7.144407e+00,7.087574e+00,7.232010e+00,6.805723e+00,4.882802e+00,7.095893e+00,6.652863e+00,6.897705e+00,6.180017e+00,6.458338e+00,6.115892e+00,7.136483e+00,6.423247e+00,7.044905e+00,6.850126e+00,7.210080e+00,6.535241e+00
5.762051e+00,5.743003e+00,7.144407e+00,7.051856e+00,7.261927e+00,6.805723e+00,4.852030e+00,7.099202e+00,6.579251e+00,6.884487e+00,6.165418e+00,6.393591e+00,6.115892e+00,7.244228e+00,6.423247e+00,7.044905e+00,6.834109e+00,7.256297e+00,6.535241e+00
5.762051e+00,5.743003e+00,7.144407e+00,6.988413e+00,7.277939e+00,6.857514e+00,4.672829e+00,7.105786e+00,6.595781e+00,6.876265e+00,6.165418e+00,6.572283e+00,6.115892e+00,7.259116e+00,6.270988e+00,7.032624e+00,6.765039e+00,7.275865e+00,6.535241e+00
5.017280e+00,6.171701e+00,7.144407e+00,6.869014e+00,7.250636e+00,7.013915e+00,4.624973e+00,7.109879e+00,6.595781e+00,6.883463e+00,6.142037e+00,6.569481e+00,6.159095e+00,7.252054e+00,6.272877e+00,7.037028e+00,6.749931e+00,7.475906e+00,6.535241e+00
5.940171e+00,6.192362e+00,7.109062e+00,6.899723e+00,7.226936e+00,7.055313e+00,4.624973e+00,7.072422e+00,6.655440e+00,6.884487e+00,6.120297e+00,6.624065e+00,6.154858e+00,7.252762e+00,6.272877e+00,6.846943e+00,6.712956e+00,7.492760e+00,6.535241e+00
5.863631e+00,6.272877e+00,7.072422e+00,6.902743e+00,7.243513e+00,7.070724e+00,4.624973e+00,6.981006e+00,6.779922e+00,6.867974e+00,6.082219e+00,6.624065e+00,6.248043e+00,7.253470e+00,6.204558e+00,7.001246e+00,6.617403e+00,7.524561e+00,6.535241e+00
5.863631e+00,6.272877e+00,7.072422e+00,6.894670e+00,7.244942e+00,7.075809e+00,4.418841e+00,6.883463e+00,6.906755e+00,6.833032e+00,6.200509e+00,6.543912e+00,6.555357e+00,7.255591e+00,6.251904e+00,6.858565e+00,6.426488e+00,7.616284e+00,6.535241e+00
5.863631e+00,6.272877e+00,7.072422e+00,6.891626e+00,7.242798e+00,7.023759e+00,4.912655e+00,6.879356e+00,6.923629e+00,6.831954e+00,5.823046e+00,6.569481e+00,6.508769e+00,7.289611e+00,6.095825e+00,6.985642e+00,6.418365e+00,7.663877e+00,6.535241e+00
5.823046e+00,6.298949e+00,7.072422e+00,6.841615e+00,7.225481e+00,7.085901e+00,4.672829e+00,6.860664e+00,6.948897e+00,6.605298e+00,5.996452e+00,6.641182e+00,6.472346e+00,7.409136e+00,5.616771e+00,6.978214e+00,6.579251e+00,7.643962e+00,6.535241e+00
5.808142e+00,6.308098e+00,6.991177e+00,6.726233e+00,7.185387e+00,7.274480e+00,4.189655e+00,6.722630e+00,7.095064e+00,6.194405e+00,6.154858e+00,6.732211e+00,6.461468e+00,7.439559e+00,5.429346e+00,7.028201e+00,6.545350e+00,7.643004e+00,6.535241e+00
5.808142e+00,6.086775e+00,7.086738e+00,6.490724e+00,7.309881e+00,7.274480e+00,4.189655e+00,6.606650e+00,7.165493e+00,6.192362e+00,6.257668e+00,6.742881e+00,6.461468e+00,7.450080e+00,5.424950e+00,7.033506e+00,6.455199e+00,7.644441e+00,6.576470e+00
5.808142e+00,6.073045e+00,7.091742e+00,6.437752e+00,7.332369e+00,7.274480e+00,4.189655e+00,6.559615e+00,7.191429e+00,6.184149e+00,6.304449e+00,6.678342e+00,6.444131e+00,7.418181e+00,5.416100e+00,7.094235e+00,6.496775e+00,7.644441e+00,6.711740e+00
6.006353e+00,6.061457e+00,7.095893e+00,6.336826e+00,7.370860e+00,7.257708e+00,4.499810e+00,6.431331e+00,7.252762e+00,6.042633e+00,6.304449e+00,6.726233e+00,6.324359e+00,7.447751e+00,5.509388e+00,7.163947e+00,6.502790e+00,7.604894e+00,6.935370e+00
6.013715e+00,6.040255e+00,6.815640e+00,6.733402e+00,7.388946e+00,7.256297e+00,4.521789e+00,6.431331e+00,7.252762e+00,6.030685e+00,6.313548e+00,6.719013e+00,5.998937e+00,7.461066e+00,5.874931e+00,7.237778e+00,6.502790e+00,7.604894e+00,6.744059e+00
6.232448e+00,6.040255e+00,6.769642e+00,6.781058e+00,7.388946e+00,7.256297e+00,4.521789e+00,6.403574e+00,7.264730e+00,6.047372e+00,6.313548e+00,6.697034e+00,5.902633e+00,7.526718e+00,6.218600e+00,7.147559e+00,6.455199e+00,7.619724e+00,6.658011e+00
6.421622e+00,6.052089e+00,6.741701e+00,6.697034e+00,7.446001e+00,7.178545e+00,5.288267e+00,6.280396e+00,7.312553e+00,6.045005e+00,6.329721e+00,6.735780e+00,5.902633e+00,7.542213e+00,6.224558e+00,7.057037e+00,6.487684e+00,7.634821e+00,6.801283e+00
6.383507e+00,6.165418e+00,6.621406e+00,6.801283e+00,7.431892e+00,7.139660e+00,5.631212e+00,6.234411e+00,7.328437e+00,6.045005e+00,6.329721e+00,6.747587e+00,5.899897e+00,7.636752e+00,6.224558e+00,6.961296e+00,6.517671e+00,7.609367e+00,6.738152e+00
6.436150e+00,6.102559e+00,6.647688e+00,6.810142e+00,7.412160e+00,7.093405e+00,5.913503e+00,6.234411e+00,7.325808e+00,6.184149e+00,6.333280e+00,6.747587e+00,5.894403e+00,7.644441e+00,6.222576e+00,6.956545e+00,6.538140e+00,7.586296e+00,6.620073e+00
6.436150e+00,6.100319e+00,6.648985e+00,6.809039e+00,7.367077e+00,7.153052e+00,5.913503e+00,6.163315e+00,7.319202e+00,6.184149e+00,6.350886e+00,6.749931e+00,5.942799e+00,7.636270e+00,6.267201e+00,7.085901e+00,6.538140e+00,7.583248e+00,6.599870e+00
6.522093e+00,6.100319e+00,6.642487e+00,6.805723e+00,7.372118e+00,7.130899e+00,5.986452e+00,6.163315e+00,7.312553e+00,6.336826e+00,6.350886e+00,6.736967e+00,5.942799e+00,7.654917e+00,6.267201e+00,7.128496e+00,6.538140e+00,7.583756e+00,6.575076e+00
6.536692e+00,6.100319e+00,6.642487e+00,6.803505e+00,7.373374e+00,7.118826e+00,6.023448e+00,6.163315e+00,7.181592e+00,6.363028e+00,6.350886e+00,6.698268e+00,6.035481e+00,7.667626e+00,6.253829e+00,7.132498e+00,6.541030e+00,7.570443e+00,6.541030e+00
6.536692e+00,6.100319e+00,6.642487e+00,6.803505e+00,7.370231e+00,7.106606e+00,6.070738e+00,6.163315e+00,7.176255e+00,6.363028e+00,6.472346e+00,6.670766e+00,6.035481e+00,7.675082e+00,6.244167e+00,7.115582e+00,6.541030e+00,7.578657e+00,6.415097e+00
6.536692e+00,6.100319e+00,6.573680e+00,6.858565e+00,7.352441e+00,7.120444e+00,6.095825e+00,6.163315e+00,7.155396e+00,6.442540e+00,6.499787e+00,6.572283e+00,6.206576e+00,7.662468e+00,6.244167e+00,7.111512e+00,6.548219e+00,7.593878e+00,6.421622e+00
6.522093e+00,6.122493e+00,6.490724e+00,6.916715e+00,7.294377e+00,7.162397e+00,6.171701e+00,6.163315e+00,7.044033e+00,6.455199e+00,6.522093e+00,6.478510e+00,6.318968e+00,7.640123e+00,6.244167e+00,7.118826e+00,6.551080e+00,7.578145e+00,6.421622e+00
6.522093e+00,5.937536e+00,6.565265e+00,6.942157e+00,7.264030e+00,7.069023e+00,6.458338e+00,6.163315e+00,6.938284e+00,6.543912e+00,6.514713e+00,6.609349e+00,6.329721e+00,7.625107e+00,6.173786e+00,7.040536e+00,6.551080e+00,7.569928e+00,6.421622e+00
6.716595e+00,5.886104e+00,6.591674e+00,6.942157e+00,7.173192e+00,7.100852e+00,6.584791e+00,6.163315e+00,6.915723e+00,6.546785e+00,6.448889e+00,6.597146e+00,6.333280e+00,7.625107e+00,6.173786e+00,7.055313e+00,6.558198e+00,7.570443e+00,6.445720e+00
6.723832e+00,5.886104e+00,6.520621e+00,6.935370e+00,7.175490e+00,7.144407e+00,6.584791e+00,6.150603e+00,6.768493e+00,6.630683e+00,6.349139e+00,6.386879e+00,6.333280e+00,7.617760e+00,6.171701e+00,7.066467e+00,6.545350e+00,7.570443e+00,6.511745e+00
6.752270e+00,5.924256e+00,6.504288e+00,6.870053e+00,7.231287e+00,7.114769e+00,6.635947e+00,6.037871e+00,6.824374e+00,6.661855e+00,6.289716e+00,6.408529e+00,6.333280e+00,7.592870e+00,6.142037e+00,7.124478e+00,6.545350e+00,7.569928e+00,6.514713e+00
6.751101e+00,5.926926e+00,6.380123e+00,6.881411e+00,7.256297e+00,7.022868e+00,6.804615e+00,5.950643e+00,6.861711e+00,6.654153e+00,6.186209e+00,6.428105e+00,6.336826e+00,7.462789e+00,6.282267e+00,7.210818e+00,6.419995e+00,7.540622e+00,6.514713e+00
6.771936e+00,5.926926e+00,5.545177e+00,7.173192e+00,7.221836e+00,7.067320e+00,6.805723e+00,5.849325e+00,6.899723e+00,6.785588e+00,6.177944e+00,6.444131e+00,6.383507e+00,7.456455e+00,6.202536e+00,7.290975e+00,6.419995e+00,7.415175e+00,6.514713e+00
6.771936e+00,5.926926e+00,5.541264e+00,7.145196e+00,7.180070e+00,7.143618e+00,6.805723e+00,5.849325e+00,6.899723e+00,6.746412e+00,6.253829e+00,6.383507e+00,6.383507e+00,7.436617e+00,6.238325e+00,7.290975e+00,6.152733e+00,7.205635e+00,6.514713e+00
6.794587e+00,5.762051e+00,5.743003e+00,7.144407e+00,7.087574e+00,7.232010e+00,6.805723e+00,4.882802e+00,7.095893e+00,6.831954e+00,6.249975e+00,6.383507e+00,6.436150e+00,7.248504e+00,6.311735e+00,7.346010e+00,6.150603e+00,7.074117e+00,6.514713e+00
6.842683e+00,5.762051e+00,5.743003e+00,7.144407e+00,7.051856e+00,7.261927e+00,6.805723e+00,4.852030e+00,7.099202e+00,6.834109e+00,6.295266e+00,6.423247e+00,6.511745e+00,7.113142e+00,6.415097e+00,7.387709e+00,6.150603e+00,7.074963e+00,6.514713e+00
6.852243e+00,5.762051e+00,5.743003e+00,7.144407e+00,6.988413e+00,7.277939e+00,6.857514e+00,4.672829e+00,7.105786e+00,6.834109e+00,6.343880e+00,6.212606e+00,6.575076e+00,7.023759e+00,6.447306e+00,7.408531e+00,6.175867e+00,7.037906e+00,6.542472e+00
6.852243e+00,5.017280e+00,6.171701e+00,7.144407e+00,6.869014e+00,7.250636e+00,7.013915e+00,4.624973e+00,7.109879e+00,6.853299e+00,6.385194e+00,6.175867e+00,6.543912e+00,7.031741e+00,6.447306e+00,7.404279e+00,6.175867e+00,6.639876e+00,6.610696e+00
6.573680e+00,5.940171e+00,6.192362e+00,7.109062e+00,6.899723e+00,7.226936e+00,7.055313e+00,4.624973e+00,7.072422e+00,6.852243e+00,6.385194e+00,6.086775e+00,6.522093e+00,7.039660e+00,6.569481e+00,7.403670e+00,6.175867e+00,6.526495e+00,6.741701e+00
6.561031e+00,5.863631e+00,6.272877e+00,7.072422e+00,6.902743e+00,7.243513e+00,7.070724e+00,4.624973e+00,6.981006e+00,6.853299e+00,6.385194e+00,6.082219e+00,6.519147e+00,7.042286e+00,6.679599e+00,7.301822e+00,6.023448e+00,6.436150e+00,6.776507e+00
6.716595e+00,5.863631e+00,6.272877e+00,7.072422e+00,6.894670e+00,7.244942e+00,7.075809e+00,4.418841e+00,6.883463e+00,6.828712e+00,6.212606e+00,6.124683e+00,6.216606e+00,7.097549e+00,6.669498e+00,7.315218e+00,6.028279e+00,6.028279e+00,6.777647e+00
7.054450e+00,5.863631e+00,6.272877e+00,7.072422e+00,6.891626e+00,7.242798e+00,7.023759e+00,4.912655e+00,6.879356e+00,6.809039e+00,6.408529e+00,6.113682e+00,6.198479e+00,7.080026e+00,6.685861e+00,7.250636e+00,6.025866e+00,5.755742e+00,6.884487e+00
7.107425e+00,5.823046e+00,6.298949e+00,7.072422e+00,6.841615e+00,7.225481e+00,7.085901e+00,4.672829e+00,6.860664e+00,6.900731e+00,6.428105e+00,5.988961e+00,6.068426e+00,6.912743e+00,6.699500e+00,7.211557e+00,5.398163e+00,5.690359e+00,6.889591e+00
7.132498e+00,5.808142e+00,6.308098e+00,6.991177e+00,6.726233e+00,7.185387e+00,7.274480e+00,4.189655e+00,6.722630e+00,7.007601e+00,6.501290e+00,5.786897e+00,6.013715e+00,6.859615e+00,6.752270e+00,7.172425e+00,5.420535e+00,5.613128e+00,6.889591e+00
7.146772e+00,5.808142e+00,6.086775e+00,7.086738e+00,6.490724e+00,7.309881e+00,7.274480e+00,4.189655e+00,6.606650e+00,7.022868e+00,6.508769e+00,5.758902e+00,6.013715e+00,6.840547e+00,6.800170e+00,7.167809e+00,5.420535e+00,5.680173e+00,6.859615e+00
7.224753e+00,5.808142e+00,6.073045e+00,7.091742e+00,6.437752e+00,7.332369e+00,7.274480e+00,4.189655e+00,6.559615e+00,7.028201e+00,6.504288e+00,5.758902e+00,6.013715e+00,6.840547e+00,6.800170e+00,7.113142e+00,5.298317e+00,5.680173e+00,6.744059e+00
7.246368e+00,6.006353e+00,6.061457e+00,7.095893e+00,6.336826e+00,7.370860e+00,7.257708e+00,4.499810e+00,6.431331e+00,7.086738e+00,6.504288e+00,5.616771e+00,6.013715e+00,6.770789e+00,6.738152e+00,7.126087e+00,5.505332e+00,5.673323e+00,6.469250e+00
7.280697e+00,6.013715e+00,6.040255e+00,6.815640e+00,6.733402e+00,7.388946e+00,7.256297e+00,4.521789e+00,6.431331e+00,7.153834e+00,6.549651e+00,5.616771e+00,6.013715e+00,6.744059e+00,6.572283e+00,7.059618e+00,5.556828e+00,5.673323e+00,6.467699e+00
7.313220e+00,6.232448e+00,6.040255e+00,6.769642e+00,6.781058e+00,7.388946e+00,7.256297e+00,4.521789e+00,6.403574e+00,7.153052e+00,6.549651e+00,5.613128e+00,6.013715e+00,6.594413e+00,6.331502e+00,7.012115e+00,5.743003e+00,5.638355e+00,6.463029e+00
7.252762e+00,6.421622e+00,6.052089e+00,6.741701e+00,6.697034e+00,7.446001e+00,7.178545e+00,5.288267e+00,6.280396e+00,7.153052e+00,6.535241e+00,5.429346e+00,6.013715e+00,6.553933e+00,6.326149e+00,7.124478e+00,5.673323e+00,5.541264e+00,6.347389e+00
7.239933e+00,6.383507e+00,6.165418e+00,6.621406e+00,6.801283e+00,7.431892e+00,7.139660e+00,5.631212e+00,6.234411e+00,7.185387e+00,6.535241e+00,5.384495e+00,6.028279e+00,6.244167e+00,6.326149e+00,7.151485e+00,6.040255e+00,5.631212e+00,6.530878e+00
7.216709e+00,6.436150e+00,6.102559e+00,6.647688e+00,6.810142e+00,7.412160e+00,7.093405e+00,5.913503e+00,6.234411e+00,7.163947e+00,6.532334e+00,5.384495e+00,6.070738e+00,6.222576e+00,6.326149e+00,7.162397e+00,6.543912e+00,5.799093e+00,6.570883e+00
7.216709e+00,6.436150e+00,6.100319e+00,6.648985e+00,6.809039e+00,7.367077e+00,7.153052e+00,5.913503e+00,6.163315e+00,7.164720e+00,6.517671e+00,5.375278e+00,6.308098e+00,6.222576e+00,6.284134e+00,7.074117e+00,6.704414e+00,5.837730e+00,6.464588e+00
7.174724e+00,6.522093e+00,6.100319e+00,6.642487e+00,6.805723e+00,7.372118e+00,7.130899e+00,5.986452e+00,6.163315e+00,7.100852e+00,6.517671e+00,5.375278e+00,6.473891e+00,6.150603e+00,6.284134e+00,7.131699e+00,6.741701e+00,5.872118e+00,6.467699e+00
7.167038e+00,6.536692e+00,6.100319e+00,6.642487e+00,6.803505e+00,7.373374e+00,7.118826e+00,6.023448e+00,6.163315e+00,7.088409e+00,6.535241e+00,5.375278e+00,6.416732e+00,6.171701e+00,6.282267e+00,7.141245e+00,6.745236e+00,5.739793e+00,6.467699e+00
7.167038e+00,6.536692e+00,6.100319e+00,6.642487e+00,6.803505e+00,7.370231e+00,7.106606e+00,6.070738e+00,6.163315e+00,7.124478e+00,6.522093e+00,5.605802e+00,6.416732e+00,6.079933e+00,6.282267e+00,7.130099e+00,6.745236e+00,5.686975e+00,6.459904e+00
7.167038e+00,6.536692e+00,6.100319e+00,6.573680e+00,6.858565e+00,7.352441e+00,7.120444e+00,6.095825e+00,6.163315e+00,7.085064e+00,6.502790e+00,5.874931e+00,6.280396e+00,5.823046e+00,6.282267e+00,7.128496e+00,6.761573e+00,5.579730e+00,6.624065e+00
7.167038e+00,6.522093e+00,6.122493e+00,6.490724e+00,6.916715e+00,7.294377e+00,7.162397e+00,6.171701e+00,6.163315e+00,7.078342e+00,6.492240e+00,6.086775e+00,6.163315e+00,5.802118e+00,6.282267e+00,7.147559e+00,6.887553e+00,5.669881e+00,6.692084e+00
7.167038e+00,6.522093e+00,5.937536e+00,6.565265e+00,6.942157e+00,7.264030e+00,7.069023e+00,6.458338e+00,6.163315e+00,7.027315e+00,6.522093e+00,5.840642e+00,6.167516e+00,5.802118e+00,6.285998e+00,7.148346e+00,7.039660e+00,5.945421e+00,6.725034e+00
7.047517e+00,6.716595e+00,5.886104e+00,6.591674e+00,6.942157e+00,7.173192e+00,7.100852e+00,6.584791e+00,6.163315e+00,6.951772e+00,6.522093e+00,5.840642e+00,6.352629e+00,5.958425e+00,6.285998e+00,7.122867e+00,7.035269e+00,5.950643e+00,6.818924e+00
7.042286e+00,6.723832e+00,5.886104e+00,6.520621e+00,6.935370e+00,7.175490e+00,7.144407e+00,6.584791e+00,6.150603e+00,6.853299e+00,6.522093e+00,5.840642e+00,6.375025e+00,6.021023e+00,6.313548e+00,7.112327e+00,7.031741e+00,5.950643e+00,6.897705e+00
7.008505e+00,6.752270e+00,5.924256e+00,6.504288e+00,6.870053e+00,7.231287e+00,7.114769e+00,6.635947e+00,6.037871e+00,6.822197e+00,6.510258e+00,5.846439e+00,6.375025e+00,6.236370e+00,6.335054e+00,7.053586e+00,7.031741e+00,5.953243e+00,6.895683e+00
7.008505e+00,6.751101e+00,5.926926e+00,6.380123e+00,6.881411e+00,7.256297e+00,7.022868e+00,6.804615e+00,5.950643e+00,6.793466e+00,6.510258e+00,5.899897e+00,6.410175e+00,6.232448e+00,6.200509e+00,6.952729e+00,7.037906e+00,5.953243e+00,6.897705e+00
6.992096e+00,6.771936e+00,5.926926e+00,5.545177e+00,7.173192e+00,7.221836e+00,7.067320e+00,6.805723e+00,5.849325e+00,6.450470e+00,6.510258e+00,5.996452e+00,6.364751e+00,6.261492e+00,6.206576e+00,6.805723e+00,7.054450e+00,5.966147e+00,6.957497e+00
6.992096e+00,6.771936e+00,5.926926e+00,5.541264e+00,7.145196e+00,7.180070e+00,7.143618e+00,6.805723e+00,5.849325e+00,6.406880e+00,6.452049e+00,6.037871e+00,6.371612e+00,6.272877e+00,6.304449e+00,6.869014e+00,7.183112e+00,5.973810e+00,7.045777e+00
6.993933e+00,6.794587e+00,5.762051e+00,5.743003e+00,7.144407e+00,7.087574e+00,7.232010e+00,6.805723e+00,4.882802e+00,6.270988e+00,6.464588e+00,6.037871e+00,6.315358e+00,6.349139e+00,6.230481e+00,6.822197e+00,7.298445e+00,6.177944e+00,7.083388e+00
6.953684e+00,6.842683e+00,5.762051e+00,5.743003e+00,7.144407e+00,7.051856e+00,7.261927e+00,6.805723e+00,4.852030e+00,6.267201e+00,6.469250e+00,5.978886e+00,6.376727e+00,6.428105e+00,6.206576e+00,6.784457e+00,7.351800e+00,6.246107e+00,7.090077e+00
6.946976e+00,6.852243e+00,5.762051e+00,5.743003e+00,7.144407e+00,6.988413e+00,7.277939e+00,6.857514e+00,4.672829e+00,6.267201e+00,6.444131e+00,6.018593e+00,6.340359e+00,6.436150e+00,6.411818e+00,6.749931e+00,7.388328e+00,6.259581e+00,7.074963e+00
7.010312e+00,6.852243e+00,5.017280e+00,6.171701e+00,7.144407e+00,6.869014e+00,7.250636e+00,7.013915e+00,4.624973e+00,6.218600e+00,6.406880e+00,6.018593e+00,6.340359e+00,6.630683e+00,6.637258e+00,6.767343e+00,7.390181e+00,6.259581e+00,7.057898e+00
7.013016e+00,6.573680e+00,5.940171e+00,6.192362e+00,7.109062e+00,6.899723e+00,7.226936e+00,7.055313e+00,4.624973e+00,6.440947e+00,6.461468e+00,6.018593e+00,6.336826e+00,6.734592e+00,6.523562e+00,6.767343e+00,7.393263e+00,6.240276e+00,6.964136e+00
7.010312e+00,6.561031e+00,5.863631e+00,6.272877e+00,7.072422e+00,6.902743e+00,7.243513e+00,7.070724e+00,4.624973e+00,6.558198e+00,6.556778e+00,6.070738e+00,6.255750e+00,6.774224e+00,6.393591e+00,6.768493e+00,7.397562e+00,6.238325e+00,6.947937e+00
6.896694e+00,6.716595e+00,5.863631e+00,6.272877e+00,7.072422e+00,6.894670e+00,7.244942e+00,7.075809e+00,4.418841e+00,6.688355e+00,6.580639e+00,6.089045e+00,6.255750e+00,6.954639e+00,6.366470e+00,6.852243e+00,7.398174e+00,6.238325e+00,6.955593e+00
6.487684e+00,7.054450e+00,5.863631e+00,6.272877e+00,7.072422e+00,6.891626e+00,7.242798e+00,7.023759e+00,4.912655e+00,6.723832e+00,6.388561e+00,6.059123e+00,6.257668e+00,7.210818e+00,6.343880e+00,6.844815e+00,7.391415e+00,6.297109e+00,6.994850e+00
6.413459e+00,7.107425e+00,5.823046e+00,6.298949e+00,7.072422e+00,6.841615e+00,7.225481e+00,7.085901e+00,4.672829e+00,6.629363e+00,6.218600e+00,6.070738e+00,6.257668e+00,7.242798e+00,6.324359e+00,6.854355e+00,7.377759e+00,6.380123e+00,7.063048e+00
6.363028e+00,7.132498e+00,5.808142e+00,6.308098e+00,6.991177e+00,6.726233e+00,7.185387e+00,7.274480e+00,4.189655e+00,6.570883e+00,5.955837e+00,6.070738e+00,6.257668e+00,7.334329e+00,6.242223e+00,7.044905e+00,7.421178e+00,6.450470e+00,7.122867e+00
6.502790e+00,7.146772e+00,5.808142e+00,6.086775e+00,7.086738e+00,6.490724e+00,7.309881e+00,7.274480e+00,4.189655e+00,6.561031e+00,5.817111e+00,6.184149e+00,6.287859e+00,7.334329e+00,6.156979e+00,7.237778e+00,7.421178e+00,6.415097e+00,7.199678e+00
6.376727e+00,7.224753e+00,5.808142e+00,6.073045e+00,7.091742e+00,6.437752e+00,7.332369e+00,7.274480e+00,4.189655e+00,6.655440e+00,5.749393e+00,6.184149e+00,6.356108e+00,7.334329e+00,6.156979e+00,7.202661e+00,7.433075e+00,6.415097e+00,7.215240e+00
6.302619e+00,7.246368e+00,6.006353e+00,6.061457e+00,7.095893e+00,6.336826e+00,7.370860e+00,7.257708e+00,4.499810e+00,6.563856e+00,5.749393e+00,6.186209e+00,6.357842e+00,7.334329e+00,6.156979e+00,7.122867e+00,7.403061e+00,6.442540e+00,7.237778e+00
6.208590e+00,7.280697e+00,6.013715e+00,6.040255e+00,6.815640e+00,6.733402e+00,7.388946e+00,7.256297e+00,4.521789e+00,6.556778e+00,5.627621e+00,6.248043e+00,6.492240e+00,7.334329e+00,6.156979e+00,7.107425e+00,7.419381e+00,6.499787e+00,7.237778e+00
5.963579e+00,7.313220e+00,6.232448e+00,6.040255e+00,6.769642e+00,6.781058e+00,7.388946e+00,7.256297e+00,4.521789e+00,6.559615e+00,5.627621e+00,6.248043e+00,6.526495e+00,7.334329e+00,6.156979e+00,7.108244e+00,7.387090e+00,6.522093e+00,7.231287e+00
5.905362e+00,7.252762e+00,6.421622e+00,6.052089e+00,6.741701e+00,6.697034e+00,7.446001e+00,7.178545e+00,5.288267e+00,6.599870e+00,5.627621e+00,6.276643e+00,6.555357e+00,7.334329e+00,6.156979e+00,7.006695e+00,7.379008e+00,6.514713e+00,7.181592e+00
6.018593e+00,7.239933e+00,6.383507e+00,6.165418e+00,6.621406e+00,6.801283e+00,7.431892e+00,7.139660e+00,5.631212e+00,6.594413e+00,5.765191e+00,6.287859e+00,6.803505e+00,7.334329e+00,6.156979e+00,6.975414e+00,7.280008e+00,6.453625e+00,7.076654e+00
6.063785e+00,7.216709e+00,6.436150e+00,6.102559e+00,6.647688e+00,6.810142e+00,7.412160e+00,7.093405e+00,5.913503e+00,6.548219e+00,5.765191e+00,6.359574e+00,6.956545e+00,7.331060e+00,6.156979e+00,6.962243e+00,7.054450e+00,6.378426e+00,7.034388e+00
6.063785e+00,7.216709e+00,6.436150e+00,6.100319e+00,6.648985e+00,6.809039e+00,7.367077e+00,7.153052e+00,5.913503e+00,6.556778e+00,5.765191e+00,6.359574e+00,6.924612e+00,7.331715e+00,6.156979e+00,6.927558e+00,6.944087e+00,6.366470e+00,7.039660e+00
6.073045e+00,7.174724e+00,6.522093e+00,6.100319e+00,6.642487e+00,6.805723e+00,7.372118e+00,7.130899e+00,5.986452e+00,6.568078e+00,5.765191e+00,6.359574e+00,6.892642e+00,7.327123e+00,6.156979e+00,6.800170e+00,6.913737e+00,6.376727e+00,7.040536e+00
6.104793e+00,7.167038e+00,6.536692e+00,6.100319e+00,6.642487e+00,6.803505e+00,7.373374e+00,7.118826e+00,6.023448e+00,6.568078e+00,5.726848e+00,6.359574e+00,6.933423e+00,7.308543e+00,6.228511e+00,6.781058e+00,6.908755e+00,6.383507e+00,7.063904e+00
6.280396e+00,7.167038e+00,6.536692e+00,6.100319e+00,6.642487e+00,6.803505e+00,7.370231e+00,7.106606e+00,6.070738e+00,6.504288e+00,5.509388e+00,6.257668e+00,6.983790e+00,7.305860e+00,6.248043e+00,6.766192e+00,6.908755e+00,6.380123e+00,7.124478e+00
6.483107e+00,7.167038e+00,6.536692e+00,6.100319e+00,6.573680e+00,6.858565e+00,7.352441e+00,7.120444e+00,6.095825e+00,6.614726e+00,5.924256e+00,6.244167e+00,7.019297e+00,7.305860e+00,6.248043e+00,6.769642e+00,6.889591e+00,6.408529e+00,7.023759e+00
6.526495e+00,7.167038e+00,6.522093e+00,6.122493e+00,6.490724e+00,6.916715e+00,7.294377e+00,7.162397e+00,6.171701e+00,6.806829e+00,5.924256e+00,6.240276e+00,7.027315e+00,7.305860e+00,6.248043e+00,6.746412e+00,6.762730e+00,6.366470e+00,7.056175e+00
6.536692e+00,7.167038e+00,6.522093e+00,5.937536e+00,6.565265e+00,6.942157e+00,7.264030e+00,7.069023e+00,6.458338e+00,6.865891e+00,5.869297e+00,6.226537e+00,7.072422e+00,7.324490e+00,6.333280e+00,6.760415e+00,6.558198e+00,6.194405e+00,7.113956e+00
6.542472e+00,7.047517e+00,6.716595e+00,5.886104e+00,6.591674e+00,6.942157e+00,7.173192e+00,7.100852e+00,6.584791e+00,6.921658e+00,5.940171e+00,6.476972e+00,6.990257e+00,7.317212e+00,6.373320e+00,6.766192e+00,6.558198e+00,6.188264e+00,7.037906e+00
6.617403e+00,7.042286e+00,6.723832e+00,5.886104e+00,6.520621e+00,6.935370e+00,7.175490e+00,7.144407e+00,6.584791e+00,6.922644e+00,5.958425e+00,6.476972e+00,6.978214e+00,7.313220e+00,6.350886e+00,6.860664e+00,6.577861e+00,6.188264e+00,6.928538e+00
6.688355e+00,7.008505e+00,6.752270e+00,5.924256e+00,6.504288e+00,6.870053e+00,7.231287e+00,7.114769e+00,6.635947e+00,6.922644e+00,5.958425e+00,6.453625e+00,6.978214e+00,7.224025e+00,6.349139e+00,6.943122e+00,6.588926e+00,6.186209e+00,6.928538e+00
6.688355e+00,7.008505e+00,6.751101e+00,5.926926e+00,6.380123e+00,6.881411e+00,7.256297e+00,7.022868e+00,6.804615e+00,6.922644e+00,5.958425e+00,6.410175e+00,6.956545e+00,7.223296e+00,6.476972e+00,7.024649e+00,6.577861e+00,6.186209e+00,6.926577e+00
6.703188e+00,6.992096e+00,6.771936e+00,5.926926e+00,5.545177e+00,7.173192e+00,7.221836e+00,7.067320e+00,6.805723e+00,6.922644e+00,5.958425e+00,6.331502e+00,6.977281e+00,7.194437e+00,6.552508e+00,7.080026e+00,6.538140e+00,6.186209e+00,6.869014e+00
6.703188e+00,6.992096e+00,6.771936e+00,5.926926e+00,5.541264e+00,7.145196e+00,7.180070e+00,7.143618e+00,6.805723e+00,6.922644e+00,5.968708e+00,6.300786e+00,6.984716e+00,7.183871e+00,6.476972e+00,7.066467e+00,6.234411e+00,6.272877e+00,6.765039e+00
6.675823e+00,6.993933e+00,6.794587e+00,5.762051e+00,5.743003e+00,7.144407e+00,7.087574e+00,7.232010e+00,6.805723e+00,6.922644e+00,5.950643e+00,6.300786e+00,7.004882e+00,7.123673e+00,6.642487e+00,7.090077e+00,5.831882e+00,6.265301e+00,6.712956e+00
6.674561e+00,6.953684e+00,6.842683e+00,5.762051e+00,5.743003e+00,7.144407e+00,7.051856e+00,7.261927e+00,6.805723e+00,6.943122e+00,5.877736e+00,6.300786e+00,6.933423e+00,7.100852e+00,6.655440e+00,7.094235e+00,5.560682e+00,6.159095e+00,6.703188e+00
6.672033e+00,6.946976e+00,6.852243e+00,5.762051e+00,5.743003e+00,7.144407e+00,6.988413e+00,7.277939e+00,6.857514e+00,6.943122e+00,5.846439e+00,6.272877e+00,6.923629e+00,7.153834e+00,6.464588e+00,7.087574e+00,5.293305e+00,6.284134e+00,6.701960e+00
6.582025e+00,7.010312e+00,6.852243e+00,5.017280e+00,6.171701e+00,7.144407e+00,6.869014e+00,7.250636e+00,7.013915e+00,6.946014e+00,5.843544e+00,6.269096e+00,6.924612e+00,7.048386e+00,6.188264e+00,7.074963e+00,5.648974e+00,6.284134e+00,6.665684e+00
6.614726e+00,7.013016e+00,6.573680e+00,5.940171e+00,6.192362e+00,7.109062e+00,6.899723e+00,7.226936e+00,7.055313e+00,6.817831e+00,5.739793e+00,6.272877e+00,6.924612e+00,6.964136e+00,6.188264e+00,7.074963e+00,5.680173e+00,6.284134e+00,6.665684e+00
6.659294e+00,7.010312e+00,6.561031e+00,5.863631e+00,6.272877e+00,7.072422e+00,6.902743e+00,7.243513e+00,7.070724e+00,6.728629e+00,5.509388e+00,6.263398e+00,6.955593e+00,6.927558e+00,6.194405e+00,7.074117e+00,5.655992e+00,6.284134e+00,6.648985e+00
6.898715e+00,6.896694e+00,6.716595e+00,5.863631e+00,6.272877e+00,7.072422e+00,6.894670e+00,7.244942e+00,7.075809e+00,6.603944e+00,5.438079e+00,6.214608e+00,6.994850e+00,6.661855e+00,6.196444e+00,6.957497e+00,5.631212e+00,6.284134e+00,6.637258e+00
6.901737e+00,6.487684e+00,7.054450e+00,5.863631e+00,6.272877e+00,7.072422e+00,6.891626e+00,7.242798e+00,7.023759e+00,6.563856e+00,5.438079e+00,6.246107e+00,6.994850e+00,6.309918e+00,6.196444e+00,6.943122e+00,5.686975e+00,6.224558e+00,6.432940e+00
6.885510e+00,6.413459e+00,7.107425e+00,5.823046e+00,6.298949e+00,7.072422e+00,6.841615e+00,7.225481e+00,7.085901e+00,6.546785e+00,5.438079e+00,6.240276e+00,6.994850e+00,6.335054e+00,6.196444e+00,6.995766e+00,5.686975e+00,6.126869e+00,6.291569e+00
6.955593e+00,6.363028e+00,7.132498e+00,5.808142e+00,6.308098e+00,6.991177e+00,6.726233e+00,7.185387e+00,7.274480e+00,6.442540e+00,5.438079e+00,6.240276e+00,6.994850e+00,6.079933e+00,6.204558e+00,6.906755e+00,5.389072e+00,6.082219e+00,6.148468e+00
6.990257e+00,6.502790e+00,7.146772e+00,5.808142e+00,6.086775e+00,7.086738e+00,6.490724e+00,7.309881e+00,7.274480e+00,6.432940e+00,5.411646e+00,6.133398e+00,6.980076e+00,6.082219e+00,6.293419e+00,6.732211e+00,5.389072e+00,6.148468e+00,5.910797e+00
7.173192e+00,6.376727e+00,7.224753e+00,5.808142e+00,6.073045e+00,7.091742e+00,6.437752e+00,7.332369e+00,7.274480e+00,6.381816e+00,5.411646e+00,6.133398e+00,6.948897e+00,6.082219e+00,6.302619e+00,6.810142e+00,5.393628e+00,6.251904e+00,5.852202e+00
7.125283e+00,6.302619e+00,7.246368e+00,6.006353e+00,6.061457e+00,7.095893e+00,6.336826e+00,7.370860e+00,7.257708e+00,6.398595e+00,5.416100e+00,6.131226e+00,6.986566e+00,6.093570e+00,6.383507e+00,6.862758e+00,5.513429e+00,6.308098e+00,5.768321e+00
7.122867e+00,6.208590e+00,7.280697e+00,6.013715e+00,6.040255e+00,6.815640e+00,6.733402e+00,7.388946e+00,7.256297e+00,6.561031e+00,5.505332e+00,6.061457e+00,6.965080e+00,6.098074e+00,6.408529e+00,6.892642e+00,5.707110e+00,6.242223e+00,5.768321e+00
7.090077e+00,5.963579e+00,7.313220e+00,6.232448e+00,6.040255e+00,6.769642e+00,6.781058e+00,7.388946e+00,7.256297e+00,6.559615e+00,5.552960e+00,6.061457e+00,6.943122e+00,6.098074e+00,6.768493e+00,6.894670e+00,5.710427e+00,6.144186e+00,5.768321e+00
7.089243e+00,5.905362e+00,7.252762e+00,6.421622e+00,6.052089e+00,6.741701e+00,6.697034e+00,7.446001e+00,7.178545e+00,6.556778e+00,5.598422e+00,6.171701e+00,6.928538e+00,6.098074e+00,6.829794e+00,6.858565e+00,5.963579e+00,6.144186e+00,5.768321e+00
7.043160e+00,6.018593e+00,7.239933e+00,6.383507e+00,6.165418e+00,6.621406e+00,6.801283e+00,7.431892e+00,7.139660e+00,6.685861e+00,5.433722e+00,6.249975e+00,6.705639e+00,6.098074e+00,6.887553e+00,6.858565e+00,5.963579e+00,6.146329e+00,5.768321e+00
7.026427e+00,6.063785e+00,7.216709e+00,6.436150e+00,6.102559e+00,6.647688e+00,6.810142e+00,7.412160e+00,7.093405e+00,6.817831e+00,5.476464e+00,6.385194e+00,6.476972e+00,6.098074e+00,6.919684e+00,7.042286e+00,6.018593e+00,6.135565e+00,5.768321e+00
7.026427e+00,6.063785e+00,7.216709e+00,6.436150e+00,6.100319e+00,6.648985e+00,6.809039e+00,7.367077e+00,7.153052e+00,6.835185e+00,5.476464e+00,6.587550e+00,6.308098e+00,6.093570e+00,7.100027e+00,7.044905e+00,6.070738e+00,6.122493e+00,5.746203e+00
7.022868e+00,6.073045e+00,7.174724e+00,6.522093e+00,6.100319e+00,6.642487e+00,6.805723e+00,7.372118e+00,7.130899e+00,6.971669e+00,5.480639e+00,6.613384e+00,6.177944e+00,6.093570e+00,7.103322e+00,7.044905e+00,6.093570e+00,6.079933e+00,5.730100e+00
7.010312e+00,6.104793e+00,7.167038e+00,6.536692e+00,6.100319e+00,6.642487e+00,6.803505e+00,7.373374e+00,7.118826e+00,6.971669e+00,6.066108e+00,6.614726e+00,6.086775e+00,6.073045e+00,7.074117e+00,7.044905e+00,6.236370e+00,6.073045e+00,5.638355e+00
6.929517e+00,6.280396e+00,7.167038e+00,6.536692e+00,6.100319e+00,6.642487e+00,6.803505e+00,7.370231e+00,7.106606e+00,6.971669e+00,6.095825e+00,6.614726e+00,5.958425e+00,6.073045e+00,7.065613e+00,7.053586e+00,6.366470e+00,6.084499e+00,5.337538e+00
6.804615e+00,6.483107e+00,7.167038e+00,6.536692e+00,6.100319e+00,6.573680e+00,6.858565e+00,7.352441e+00,7.120444e+00,6.895683e+00,5.826000e+00,6.501290e+00,5.852202e+00,6.073045e+00,7.065613e+00,7.050989e+00,6.369901e+00,6.054439e+00,5.318120e+00
6.771936e+00,6.526495e+00,7.167038e+00,6.522093e+00,6.122493e+00,6.490724e+00,6.916715e+00,7.294377e+00,7.162397e+00,6.721426e+00,6.056784e+00,6.405228e+00,5.826000e+00,6.073045e+00,7.099202e+00,7.039660e+00,6.551080e+00,6.124683e+00,4.736198e+00
6.763885e+00,6.536692e+00,7.167038e+00,6.522093e+00,5.937536e+00,6.565265e+00,6.942157e+00,7.264030e+00,7.069023e+00,6.652863e+00,6.070738e+00,6.411818e+00,5.631212e+00,6.006353e+00,7.150701e+00,7.028201e+00,6.565265e+00,6.236370e+00,2.890372e+00
6.784457e+00,6.542472e+00,7.047517e+00,6.716595e+00,5.886104e+00,6.591674e+00,6.942157e+00,7.173192e+00,7.100852e+00,6.579251e+00,6.033086e+00,6.265301e+00,5.609472e+00,5.888878e+00,7.231287e+00,7.023759e+00,6.565265e+00,6.364751e+00,2.397895e+00
6.721426e+00,6.617403e+00,7.042286e+00,6.723832e+00,5.886104e+00,6.520621e+00,6.935370e+00,7.175490e+00,7.144407e+00,6.595781e+00,6.100319e+00,6.324359e+00,5.609472e+00,5.834811e+00,7.229839e+00,6.957497e+00,6.545350e+00,6.461468e+00,2.995732e+00
6.652863e+00,6.688355e+00,7.008505e+00,6.752270e+00,5.924256e+00,6.504288e+00,6.870053e+00,7.231287e+00,7.114769e+00,6.595781e+00,6.100319e+00,6.324359e+00,5.680173e+00,5.749393e+00,7.257708e+00,6.887553e+00,6.533789e+00,6.579251e+00,3.784190e+00
6.652863e+00,6.688355e+00,7.008505e+00,6.751101e+00,5.926926e+00,6.380123e+00,6.881411e+00,7.256297e+00,7.022868e+00,6.655440e+00,6.100319e+00,6.318968e+00,5.680173e+00,5.743003e+00,7.268920e+00,6.828712e+00,6.530878e+00,6.597146e+00,3.784190e+00
6.637258e+00,6.703188e+00,6.992096e+00,6.771936e+00,5.926926e+00,5.545177e+00,7.173192e+00,7.221836e+00,7.067320e+00,6.779922e+00,6.100319e+00,6.318968e+00,5.609472e+00,5.743003e+00,7.245655e+00,6.755769e+00,6.587550e+00,6.610696e+00,3.688879e+00
6.654153e+00,6.703188e+00,6.992096e+00,6.771936e+00,5.926926e+00,5.541264e+00,7.145196e+00,7.180070e+00,7.143618e+00,6.906755e+00,6.091310e+00,6.318968e+00,5.676754e+00,5.743003e+00,7.292337e+00,6.705639e+00,6.625392e+00,6.545350e+00,3.637586e+00
6.727432e+00,6.675823e+00,6.993933e+00,6.794587e+00,5.762051e+00,5.743003e+00,7.144407e+00,7.087574e+00,7.232010e+00,6.923629e+00,6.089045e+00,6.342121e+00,5.602119e+00,5.655992e+00,7.307202e+00,6.612041e+00,6.625392e+00,6.415097e+00,3.637586e+00
6.727432e+00,6.674561e+00,6.953684e+00,6.842683e+00,5.762051e+00,5.743003e+00,7.144407e+00,7.051856e+00,7.261927e+00,6.948897e+00,6.139885e+00,6.342121e+00,5.602119e+00,5.587249e+00,7.284135e+00,6.561031e+00,6.625392e+00,6.336826e+00,3.637586e+00
6.817831e+00,6.672033e+00,6.946976e+00,6.852243e+00,5.762051e+00,5.743003e+00,7.144407e+00,6.988413e+00,7.277939e+00,7.095064e+00,6.186209e+00,6.340359e+00,5.749393e+00,5.288267e+00,7.277939e+00,6.591674e+00,6.738152e+00,6.202536e+00,4.077537e+00
6.983790e+00,6.582025e+00,7.010312e+00,6.852243e+00,5.017280e+00,6.171701e+00,7.144407e+00,6.869014e+00,7.250636e+00,7.165493e+00,6.244167e+00,6.340359e+00,5.746203e+00,5.780744e+00,7.277939e+00,6.645091e+00,6.693324e+00,6.302619e+00,4.094345e+00
6.976348e+00,6.614726e+00,7.013016e+00,6.573680e+00,5.940171e+00,6.192362e+00,7.109062e+00,6.899723e+00,7.226936e+00,7.191429e+00,6.257668e+00,6.336826e+00,5.746203e+00,5.902633e+00,7.277939e+00,6.645091e+00,6.677083e+00,6.403574e+00,4.110874e+00
6.991177e+00,6.659294e+00,7.010312e+00,6.561031e+00,5.863631e+00,6.272877e+00,7.072422e+00,6.902743e+00,7.243513e+00,7.252762e+00,6.513230e+00,6.306275e+00,5.638355e+00,5.905362e+00,7.275865e+00,6.709304e+00,6.839476e+00,6.526495e+00,4.382027e+00
6.824374e+00,6.898715e+00,6.896694e+00,6.716595e+00,5.863631e+00,6.272877e+00,7.072422e+00,6.894670e+00,7.244942e+00,7.252762e+00,6.513230e+00,6.315358e+00,5.438079e+00,5.897154e+00,7.275172e+00,6.799056e+00,6.842683e+00,6.612041e+00,5.638355e+00
6.821107e+00,6.901737e+00,6.487684e+00,7.054450e+00,5.863631e+00,6.272877e+00,7.072422e+00,6.891626e+00,7.242798e+00,7.264730e+00,6.514713e+00,6.297109e+00,5.459586e+00,5.568345e+00,7.275172e+00,6.773080e+00,6.825460e+00,6.634633e+00,5.774552e+00
6.821107e+00,6.885510e+00,6.413459e+00,7.107425e+00,5.823046e+00,6.298949e+00,7.072422e+00,6.841615e+00,7.225481e+00,7.312553e+00,6.532334e+00,6.298949e+00,5.484797e+00,5.796058e+00,7.292337e+00,6.712956e+00,6.825460e+00,6.634633e+00,5.897154e+00
6.740519e+00,6.955593e+00,6.363028e+00,7.132498e+00,5.808142e+00,6.308098e+00,6.991177e+00,6.726233e+00,7.185387e+00,7.328437e+00,6.538140e+00,6.309918e+00,5.583496e+00,5.774552e+00,7.299121e+00,6.624065e+00,6.824374e+00,6.613384e+00,6.206576e+00
6.556778e+00,6.990257e+00,6.502790e+00,7.146772e+00,5.808142e+00,6.086775e+00,7.086738e+00,6.490724e+00,7.309881e+00,7.325808e+00,6.635947e+00,6.317165e+00,5.583496e+00,5.771441e+00,7.267525e+00,6.588926e+00,6.843750e+00,6.612041e+00,6.437752e+00
6.137727e+00,7.173192e+00,6.376727e+00,7.224753e+00,5.808142e+00,6.073045e+00,7.091742e+00,6.437752e+00,7.332369e+00,7.319202e+00,6.711740e+00,6.327937e+00,5.572154e+00,5.771441e+00,7.264030e+00,6.507278e+00,6.820016e+00,6.561031e+00,6.437752e+00
6.240276e+00,7.125283e+00,6.302619e+00,7.246368e+00,6.006353e+00,6.061457e+00,7.095893e+00,6.336826e+00,7.370860e+00,7.312553e+00,6.723832e+00,6.327937e+00,5.429346e+00,5.755742e+00,7.231287e+00,6.504288e+00,6.791221e+00,6.542472e+00,6.429719e+00
6.572283e+00,7.122867e+00,6.208590e+00,7.280697e+00,6.013715e+00,6.040255e+00,6.815640e+00,6.733402e+00,7.388946e+00,7.181592e+00,6.705639e+00,6.350886e+00,5.123964e+00,5.758902e+00,7.220374e+00,6.562444e+00,6.680855e+00,6.539586e+00,6.437752e+00
6.666957e+00,7.090077e+00,5.963579e+00,7.313220e+00,6.232448e+00,6.040255e+00,6.769642e+00,6.781058e+00,7.388946e+00,7.176255e+00,6.690842e+00,6.386879e+00,5.541264e+00,5.758902e+00,7.007601e+00,6.630683e+00,6.675823e+00,6.538140e+00,6.439350e+00
6.699500e+00,7.089243e+00,5.905362e+00,7.252762e+00,6.421622e+00,6.052089e+00,6.741701e+00,6.697034e+00,7.446001e+00,7.155396e+00,6.675823e+00,6.270988e+00,5.525453e+00,5.758902e+00,6.956545e+00,6.659294e+00,6.559615e+00,6.538140e+00,6.442540e+00
6.760415e+00,7.043160e+00,6.018593e+00,7.239933e+00,6.383507e+00,6.165418e+00,6.621406e+00,6.801283e+00,7.431892e+00,7.044033e+00,6.675823e+00,6.182085e+00,5.525453e+00,5.758902e+00,6.994850e+00,6.746412e+00,6.590301e+00,6.536692e+00,6.444131e+00
6.793466e+00,7.026427e+00,6.063785e+00,7.216709e+00,6.436150e+00,6.102559e+00,6.647688e+00,6.810142e+00,7.412160e+00,6.938284e+00,6.663133e+00,5.910797e+00,5.525453e+00,5.758902e+00,6.965080e+00,6.575076e+00,6.559615e+00,6.536692e+00,6.447306e+00
6.915723e+00,7.026427e+00,6.063785e+00,7.216709e+00,6.436150e+00,6.100319e+00,6.648985e+00,6.809039e+00,7.367077e+00,6.915723e+00,6.663133e+00,5.463832e+00,5.525453e+00,5.758902e+00,6.755769e+00,6.583409e+00,6.527958e+00,6.536692e+00,6.447306e+00
6.925595e+00,7.022868e+00,6.073045e+00,7.174724e+00,6.522093e+00,6.100319e+00,6.642487e+00,6.805723e+00,7.372118e+00,6.768493e+00,6.661855e+00,5.379897e+00,5.525453e+00,5.758902e+00,6.751101e+00,6.677083e+00,6.514713e+00,6.536692e+00,6.447306e+00
6.925595e+00,7.010312e+00,6.104793e+00,7.167038e+00,6.536692e+00,6.100319e+00,6.642487e+00,6.803505e+00,7.373374e+00,6.824374e+00,6.381816e+00,5.375278e+00,5.525453e+00,5.758902e+00,6.993015e+00,6.708084e+00,6.413459e+00,6.565265e+00,6.447306e+00
6.929517e+00,6.929517e+00,6.280396e+00,7.167038e+00,6.536692e+00,6.100319e+00,6.642487e+00,6.803505e+00,7.370231e+00,6.861711e+00,6.350886e+00,5.375278e+00,5.669881e+00,5.758902e+00,7.127694e+00,6.703188e+00,6.289716e+00,6.565265e+00,6.447306e+00
6.961296e+00,6.804615e+00,6.483107e+00,7.167038e+00,6.536692e+00,6.100319e+00,6.573680e+00,6.858565e+00,7.352441e+00,6.899723e+00,6.381816e+00,5.375278e+00,5.891644e+00,5.758902e+00,7.207119e+00,6.827629e+00,6.285998e+00,6.562444e+00,6.448889e+00
7.115582e+00,6.771936e+00,6.526495e+00,7.167038e+00,6.522093e+00,6.122493e+00,6.490724e+00,6.916715e+00,7.294377e+00,6.899723e+00,6.246107e+00,5.231109e+00,5.981414e+00,5.758902e+00,7.221105e+00,7.034388e+00,6.040255e+00,6.558198e+00,6.453625e+00
7.134094e+00,6.763885e+00,6.536692e+00,7.167038e+00,6.522093e+00,5.937536e+00,6.565265e+00,6.942157e+00,7.264030e+00,7.095893e+00,6.234411e+00,5.247024e+00,6.093570e+00,5.758902e+00,7.138867e+00,7.062192e+00,6.013715e+00,6.539586e+00,6.453625e+00
7.116394e+00,6.784457e+00,6.542472e+00,7.047517e+00,6.716595e+00,5.886104e+00,6.591674e+00,6.942157e+00,7.173192e+00,7.099202e+00,6.214608e+00,4.859812e+00,6.102559e+00,5.758902e+00,7.029973e+00,7.105786e+00,6.016157e+00,6.473891e+00,6.484635e+00
7.131699e+00,6.721426e+00,6.617403e+00,7.042286e+00,6.723832e+00,5.886104e+00,6.520621e+00,6.935370e+00,7.175490e+00,7.105786e+00,6.452049e+00,4.663439e+00,6.102559e+00,5.758902e+00,7.029973e+00,7.154615e+00,6.184149e+00,6.378426e+00,6.470800e+00
7.131699e+00,6.652863e+00,6.688355e+00,7.008505e+00,6.752270e+00,5.924256e+00,6.504288e+00,6.870053e+00,7.231287e+00,7.109879e+00,6.575076e+00,4.663439e+00,6.056784e+00,5.996452e+00,6.984716e+00,7.173958e+00,6.333280e+00,6.263398e+00,6.432940e+00
7.135687e+00,6.652863e+00,6.688355e+00,7.008505e+00,6.751101e+00,5.926926e+00,6.380123e+00,6.881411e+00,7.256297e+00,7.072422e+00,6.580639e+00,5.087596e+00,6.056784e+00,6.082219e+00,6.893656e+00,7.148346e+00,6.349139e+00,6.289716e+00,6.440947e+00
7.190676e+00,6.637258e+00,6.703188e+00,6.992096e+00,6.771936e+00,5.926926e+00,5.545177e+00,7.173192e+00,7.221836e+00,6.981006e+00,6.643790e+00,5.214936e+00,6.052089e+00,6.082219e+00,6.866933e+00,7.158514e+00,6.318968e+00,6.297109e+00,6.444131e+00
7.213768e+00,6.654153e+00,6.703188e+00,6.992096e+00,6.771936e+00,5.926926e+00,5.541264e+00,7.145196e+00,7.180070e+00,6.883463e+00,6.690842e+00,5.241747e+00,5.976351e+00,6.086775e+00,6.753438e+00,7.247081e+00,6.267201e+00,6.455199e+00,6.444131e+00
7.169350e+00,6.727432e+00,6.675823e+00,6.993933e+00,6.794587e+00,5.762051e+00,5.743003e+00,7.144407e+00,7.087574e+00,6.879356e+00,6.774224e+00,5.424950e+00,5.973810e+00,6.086775e+00,6.576470e+00,7.244228e+00,6.484635e+00,6.455199e+00,6.444131e+00
7.174724e+00,6.727432e+00,6.674561e+00,6.953684e+00,6.842683e+00,5.762051e+00,5.743003e+00,7.144407e+00,7.051856e+00,6.860664e+00,6.864848e+00,5.529429e+00,5.953243e+00,6.154858e+00,6.542472e+00,7.244228e+00,6.577861e+00,6.455199e+00,6.444131e+00
7.117206e+00,6.817831e+00,6.672033e+00,6.946976e+00,6.852243e+00,5.762051e+00,5.743003e+00,7.144407e+00,6.988413e+00,6.722630e+00,6.856462e+00,5.529429e+00,5.796058e+00,6.150603e+00,6.541030e+00,7.228388e+00,6.469250e+00,6.455199e+00,6.410175e+00
6.973543e+00,6.983790e+00,6.582025e+00,7.010312e+00,6.852243e+00,5.017280e+00,6.171701e+00,7.144407e+00,6.869014e+00,6.606650e+00,6.962243e+00,5.529429e+00,5.796058e+00,6.045005e+00,6.541030e+00,7.198931e+00,6.393591e+00,6.369901e+00,6.408529e+00
6.946976e+00,6.976348e+00,6.614726e+00,7.013016e+00,6.573680e+00,5.940171e+00,6.192362e+00,7.109062e+00,6.899723e+00,6.559615e+00,7.006695e+00,5.529429e+00,6.028279e+00,6.013715e+00,6.541030e+00,7.211557e+00,6.391917e+00,6.278521e+00,6.476972e+00
6.896694e+00,6.991177e+00,6.659294e+00,7.010312e+00,6.561031e+00,5.863631e+00,6.272877e+00,7.072422e+00,6.902743e+00,6.431331e+00,6.884487e+00,5.529429e+00,6.033086e+00,6.013715e+00,6.541030e+00,7.186901e+00,6.200509e+00,6.159095e+00,6.796824e+00
6.851185e+00,6.824374e+00,6.898715e+00,6.896694e+00,6.716595e+00,5.863631e+00,6.272877e+00,7.072422e+00,6.894670e+00,6.431331e+00,6.884487e+00,5.572154e+00,6.115892e+00,6.013715e+00,6.541030e+00,7.201171e+00,6.220590e+00,6.023448e+00,6.695799e+00
6.884487e+00,6.821107e+00,6.901737e+00,6.487684e+00,7.054450e+00,5.863631e+00,6.272877e+00,7.072422e+00,6.891626e+00,6.403574e+00,6.883463e+00,5.579730e+00,6.248043e+00,6.016157e+00,6.541030e+00,7.226209e+00,6.263398e+00,5.981414e+00,6.684612e+00
6.997596e+00,6.821107e+00,6.885510e+00,6.413459e+00,7.107425e+00,5.823046e+00,6.298949e+00,7.072422e+00,6.841615e+00,6.280396e+00,6.871091e+00,5.762051e+00,6.265301e+00,5.641907e+00,6.504288e+00,7.262629e+00,6.263398e+00,5.996452e+00,6.793466e+00
7.013915e+00,6.740519e+00,6.955593e+00,6.363028e+00,7.132498e+00,5.808142e+00,6.308098e+00,6.991177e+00,6.726233e+00,6.234411e+00,6.866933e+00,5.828946e+00,6.238325e+00,5.641907e+00,6.483107e+00,7.261225e+00,6.263398e+00,6.135565e+00,6.752270e+00
7.013915e+00,6.556778e+00,6.990257e+00,6.502790e+00,7.146772e+00,5.808142e+00,6.086775e+00,7.086738e+00,6.490724e+00,6.234411e+00,6.790097e+00,5.834811e+00,6.270988e+00,5.641907e+00,6.483107e+00,7.225481e+00,6.228511e+00,6.070738e+00,6.591674e+00
7.054450e+00,6.137727e+00,7.173192e+00,6.376727e+00,7.224753e+00,5.808142e+00,6.073045e+00,7.091742e+00,6.437752e+00,6.163315e+00,6.720220e+00,5.817111e+00,6.267201e+00,5.641907e+00,6.483107e+00,7.273093e+00,6.226537e+00,6.037871e+00,6.661855e+00
7.010312e+00,6.240276e+00,7.125283e+00,6.302619e+00,7.246368e+00,6.006353e+00,6.061457e+00,7.095893e+00,6.336826e+00,6.163315e+00,6.706862e+00,5.817111e+00,6.259581e+00,5.652489e+00,6.483107e+00,7.280697e+00,6.222576e+00,5.942799e+00,6.700731e+00
6.821107e+00,6.572283e+00,7.122867e+00,6.208590e+00,7.280697e+00,6.013715e+00,6.040255e+00,6.815640e+00,6.733402e+00,6.163315e+00,6.703188e+00,5.777652e+00,6.259581e+00,5.641907e+00,6.483107e+00,7.232733e+00,6.336826e+00,5.978886e+00,6.700731e+00
6.747587e+00,6.666957e+00,7.090077e+00,5.963579e+00,7.313220e+00,6.232448e+00,6.040255e+00,6.769642e+00,6.781058e+00,6.163315e+00,6.712956e+00,5.710427e+00,6.077642e+00,5.641907e+00,6.481577e+00,7.193686e+00,6.388561e+00,6.236370e+00,6.703188e+00
6.788972e+00,6.699500e+00,7.089243e+00,5.905362e+00,7.252762e+00,6.421622e+00,6.052089e+00,6.741701e+00,6.697034e+00,6.163315e+00,6.740519e+00,5.710427e+00,6.075346e+00,5.641907e+00,6.481577e+00,7.177019e+00,6.478510e+00,6.318968e+00,6.700731e+00
6.835185e+00,6.760415e+00,7.043160e+00,6.018593e+00,7.239933e+00,6.383507e+00,6.165418e+00,6.621406e+00,6.801283e+00,6.163315e+00,6.752270e+00,5.710427e+00,6.075346e+00,5.641907e+00,6.371612e+00,7.197435e+00,6.511745e+00,6.651572e+00,6.703188e+00
6.831954e+00,6.793466e+00,7.026427e+00,6.063785e+00,7.216709e+00,6.436150e+00,6.102559e+00,6.647688e+00,6.810142e+00,6.163315e+00,6.818924e+00,5.834811e+00,6.075346e+00,5.641907e+00,6.470800e+00,7.192934e+00,6.565265e+00,6.668228e+00,6.830874e+00
6.698268e+00,6.915723e+00,7.026427e+00,6.063785e+00,7.216709e+00,6.436150e+00,6.100319e+00,6.648985e+00,6.809039e+00,6.163315e+00,6.826545e+00,5.948035e+00,6.075346e+00,5.641907e+00,6.559615e+00,7.195937e+00,6.659294e+00,6.668228e+00,6.831954e+00
6.685861e+00,6.925595e+00,7.022868e+00,6.073045e+00,7.174724e+00,6.522093e+00,6.100319e+00,6.642487e+00,6.805723e+00,6.150603e+00,6.826545e+00,5.948035e+00,6.093570e+00,5.641907e+00,6.562444e+00,7.141245e+00,6.660575e+00,6.668228e+00,6.882437e+00
6.688355e+00,6.925595e+00,7.010312e+00,6.104793e+00,7.167038e+00,6.536692e+00,6.100319e+00,6.642487e+00,6.803505e+00,6.037871e+00,6.826545e+00,6.006353e+00,6.156979e+00,5.641907e+00,6.272877e+00,7.141245e+00,6.656727e+00,6.642487e+00,6.948897e+00
6.753438e+00,6.929517e+00,6.929517e+00,6.280396e+00,7.167038e+00,6.536692e+00,6.100319e+00,6.642487e+00,6.803505e+00,5.950643e+00,6.826545e+00,6.152733e+00,6.244167e+00,5.641907e+00,6.070738e+00,7.144407e+00,6.660575e+00,6.635947e+00,6.948897e+00
6.715383e+00,6.961296e+00,6.804615e+00,6.483107e+00,7.167038e+00,6.536692e+00,6.100319e+00,6.573680e+00,6.858565e+00,5.849325e+00,6.776507e+00,6.165418e+00,6.100319e+00,5.641907e+00,5.799093e+00,7.057037e+00,6.660575e+00,6.664409e+00,7.020191e+00
6.545350e+00,7.115582e+00,6.771936e+00,6.526495e+00,7.167038e+00,6.522093e+00,6.122493e+00,6.490724e+00,6.916715e+00,5.849325e+00,6.809039e+00,6.165418e+00,6.021023e+00,5.645447e+00,5.602119e+00,6.858565e+00,6.661855e+00,6.670766e+00,7.023759e+00
6.511745e+00,7.134094e+00,6.763885e+00,6.536692e+00,7.167038e+00,6.522093e+00,5.937536e+00,6.565265e+00,6.942157e+00,4.882802e+00,6.809039e+00,6.131226e+00,6.242223e+00,5.648974e+00,5.587249e+00,6.824374e+00,6.661855e+00,6.650279e+00,7.023759e+00
6.529419e+00,7.116394e+00,6.784457e+00,6.542472e+00,7.047517e+00,6.716595e+00,5.886104e+00,6.591674e+00,6.942157e+00,4.852030e+00,6.809039e+00,6.137727e+00,6.234411e+00,5.648974e+00,5.587249e+00,6.766192e+00,6.756932e+00,6.650279e+00,7.005789e+00
6.513230e+00,7.131699e+00,6.721426e+00,6.617403e+00,7.042286e+00,6.723832e+00,5.886104e+00,6.520621e+00,6.935370e+00,4.672829e+00,6.601230e+00,6.120297e+00,6.234411e+00,5.648974e+00,5.587249e+00,6.969791e+00,6.665684e+00,6.650279e+00,7.007601e+00
6.513230e+00,7.131699e+00,6.652863e+00,6.688355e+00,7.008505e+00,6.752270e+00,5.924256e+00,6.504288e+00,6.870053e+00,4.624973e+00,6.481577e+00,6.335054e+00,6.234411e+00,5.308268e+00,5.587249e+00,6.991177e+00,6.561031e+00,6.629363e+00,7.015712e+00
6.505784e+00,7.135687e+00,6.652863e+00,6.688355e+00,7.008505e+00,6.751101e+00,5.926926e+00,6.380123e+00,6.881411e+00,4.624973e+00,6.525030e+00,6.342121e+00,6.234411e+00,5.659482e+00,5.686975e+00,7.018402e+00,6.548219e+00,6.594413e+00,7.126891e+00
6.393591e+00,7.190676e+00,6.637258e+00,6.703188e+00,6.992096e+00,6.771936e+00,5.926926e+00,5.545177e+00,7.173192e+00,4.624973e+00,6.453625e+00,6.300786e+00,6.295266e+00,5.700444e+00,5.793014e+00,7.023759e+00,6.514713e+00,6.568078e+00,7.233455e+00
6.573680e+00,7.213768e+00,6.654153e+00,6.703188e+00,6.992096e+00,6.771936e+00,5.926926e+00,5.541264e+00,7.145196e+00,4.418841e+00,6.393591e+00,6.311735e+00,6.333280e+00,5.786897e+00,5.973810e+00,6.963190e+00,6.514713e+00,6.428105e+00,7.260523e+00
6.584791e+00,7.169350e+00,6.727432e+00,6.675823e+00,6.993933e+00,6.794587e+00,5.762051e+00,5.743003e+00,7.144407e+00,4.912655e+00,6.269096e+00,6.214608e+00,6.343880e+00,5.913503e+00,6.003887e+00,7.097549e+00,6.329721e+00,6.428105e+00,7.260523e+00
6.593045e+00,7.174724e+00,6.727432e+00,6.674561e+00,6.953684e+00,6.842683e+00,5.762051e+00,5.743003e+00,7.144407e+00,4.672829e+00,6.253829e+00,6.163315e+00,6.343880e+00,6.249975e+00,6.063785e+00,7.097549e+00,6.208590e+00,6.428105e+00,7.260523e+00
6.616065e+00,7.117206e+00,6.817831e+00,6.672033e+00,6.946976e+00,6.852243e+00,5.762051e+00,5.743003e+00,7.144407e+00,4.189655e+00,6.248043e+00,6.163315e+00,6.347389e+00,6.263398e+00,6.142037e+00,7.097549e+00,6.156979e+00,6.529419e+00,7.279319e+00
6.616065e+00,6.973543e+00,6.983790e+00,6.582025e+00,7.010312e+00,6.852243e+00,5.017280e+00,6.171701e+00,7.144407e+00,4.189655e+00,5.945421e+00,6.163315e+00,6.347389e+00,6.068426e+00,6.144186e+00,7.160846e+00,6.148468e+00,6.529419e+00,7.325808e+00
6.616065e+00,6.946976e+00,6.976348e+00,6.614726e+00,7.013016e+00,6.573680e+00,5.940171e+00,6.192362e+00,7.109062e+00,4.189655e+00,5.789960e+00,6.300786e+00,6.259581e+00,5.998937e+00,6.210600e+00,7.147559e+00,6.249975e+00,6.519147e+00,7.296413e+00
6.616065e+00,6.896694e+00,6.991177e+00,6.659294e+00,7.010312e+00,6.561031e+00,5.863631e+00,6.272877e+00,7.072422e+00,4.499810e+00,5.710427e+00,6.342121e+00,6.287859e+00,5.996452e+00,6.620073e+00,7.133296e+00,6.177944e+00,6.493754e+00,7.099202e+00
6.616065e+00,6.851185e+00,6.824374e+00,6.898715e+00,6.896694e+00,6.716595e+00,5.863631e+00,6.272877e+00,7.072422e+00,4.521789e+00,5.758902e+00,6.326149e+00,6.220590e+00,5.996452e+00,6.695799e+00,7.053586e+00,6.226537e+00,6.496775e+00,7.000334e+00
6.572283e+00,6.884487e+00,6.821107e+00,6.901737e+00,6.487684e+00,7.054450e+00,5.863631e+00,6.272877e+00,7.072422e+00,4.521789e+00,5.758902e+00,6.336826e+00,6.218600e+00,5.993961e+00,6.706862e+00,7.023759e+00,6.295266e+00,6.504288e+00,6.974479e+00
6.393591e+00,6.997596e+00,6.821107e+00,6.885510e+00,6.413459e+00,7.107425e+00,5.823046e+00,6.298949e+00,7.072422e+00,5.288267e+00,5.758902e+00,6.408529e+00,6.542472e+00,5.993961e+00,6.706862e+00,6.964136e+00,6.302619e+00,6.541030e+00,6.842683e+00
6.361302e+00,7.013915e+00,6.740519e+00,6.955593e+00,6.363028e+00,7.132498e+00,5.808142e+00,6.308098e+00,6.991177e+00,5.631212e+00,6.056784e+00,6.380123e+00,6.793466e+00,6.003887e+00,6.706862e+00,6.928538e+00,6.311735e+00,6.439350e+00,6.734592e+00
6.361302e+00,7.013915e+00,6.556778e+00,6.990257e+00,6.502790e+00,7.146772e+00,5.808142e+00,6.086775e+00,7.086738e+00,5.913503e+00,6.068426e+00,6.369901e+00,6.776507e+00,6.023448e+00,6.706862e+00,6.920672e+00,6.311735e+00,6.439350e+00,6.732211e+00
6.276643e+00,7.054450e+00,6.137727e+00,7.173192e+00,6.376727e+00,7.224753e+00,5.808142e+00,6.073045e+00,7.091742e+00,5.913503e+00,6.068426e+00,6.369901e+00,6.776507e+00,6.023448e+00,6.706862e+00,6.834109e+00,6.311735e+00,6.514713e+00,6.666957e+00
6.276643e+00,7.010312e+00,6.240276e+00,7.125283e+00,6.302619e+00,7.246368e+00,6.006353e+00,6.061457e+00,7.095893e+00,5.986452e+00,6.068426e+00,6.369901e+00,6.891626e+00,6.016157e+00,6.709304e+00,6.769642e+00,6.317165e+00,6.523562e+00,6.626718e+00
6.255750e+00,6.821107e+00,6.572283e+00,7.122867e+00,6.208590e+00,7.280697e+00,6.013715e+00,6.040255e+00,6.815640e+00,6.023448e+00,6.322565e+00,6.369901e+00,6.891626e+00,6.113682e+00,6.709304e+00,6.768493e+00,6.361302e+00,6.511745e+00,6.620073e+00
6.244167e+00,6.747587e+00,6.666957e+00,7.090077e+00,5.963579e+00,7.313220e+00,6.232448e+00,6.040255e+00,6.769642e+00,6.070738e+00,6.347389e+00,6.517671e+00,6.899723e+00,6.139885e+00,6.725034e+00,6.768493e+00,6.309918e+00,6.388561e+00,6.616065e+00
6.115892e+00,6.788972e+00,6.699500e+00,7.089243e+00,5.905362e+00,7.252762e+00,6.421622e+00,6.052089e+00,6.741701e+00,6.095825e+00,6.306275e+00,6.641182e+00,6.899723e+00,6.214608e+00,6.767343e+00,6.781058e+00,6.202536e+00,6.311735e+00,6.616065e+00
5.886104e+00,6.835185e+00,6.760415e+00,7.043160e+00,6.018593e+00,7.239933e+00,6.383507e+00,6.165418e+00,6.621406e+00,6.171701e+00,6.287859e+00,6.641182e+00,6.899723e+00,6.214608e+00,6.734592e+00,6.668228e+00,6.109248e+00,5.805135e+00,6.612041e+00
5.971262e+00,6.831954e+00,6.793466e+00,7.026427e+00,6.063785e+00,7.216709e+00,6.436150e+00,6.102559e+00,6.647688e+00,6.458338e+00,6.775366e+00,6.587550e+00,6.899723e+00,6.226537e+00,6.659294e+00,6.658011e+00,6.082219e+00,5.765191e+00,6.447306e+00
6.035481e+00,6.698268e+00,6.915723e+00,7.026427e+00,6.063785e+00,7.216709e+00,6.436150e+00,6.100319e+00,6.648985e+00,6.584791e+00,6.767343e+00,6.529419e+00,6.899723e+00,6.352629e+00,6.579251e+00,6.645091e+00,5.963579e+00,5.789960e+00,6.445720e+00
6.047372e+00,6.685861e+00,6.925595e+00,7.022868e+00,6.073045e+00,7.174724e+00,6.522093e+00,6.100319e+00,6.642487e+00,6.584791e+00,6.811244e+00,6.529419e+00,6.891626e+00,6.710523e+00,6.717805e+00,6.665684e+00,6.013715e+00,5.908083e+00,6.366470e+00
6.079933e+00,6.688355e+00,6.925595e+00,7.010312e+00,6.104793e+00,7.167038e+00,6.536692e+00,6.100319e+00,6.642487e+00,6.635947e+00,6.865891e+00,6.495266e+00,6.861711e+00,6.994850e+00,6.647688e+00,6.633318e+00,6.159095e+00,5.910797e+00,6.244167e+00
5.937536e+00,6.753438e+00,6.929517e+00,6.929517e+00,6.280396e+00,7.167038e+00,6.536692e+00,6.100319e+00,6.642487e+00,6.804615e+00,7.042286e+00,6.583409e+00,6.771936e+00,6.994850e+00,6.566672e+00,6.620073e+00,6.152733e+00,5.905362e+00,6.244167e+00
5.934894e+00,6.715383e+00,6.961296e+00,6.804615e+00,6.483107e+00,7.167038e+00,6.536692e+00,6.100319e+00,6.573680e+00,6.805723e+00,7.082549e+00,6.580639e+00,6.768493e+00,7.021976e+00,6.566672e+00,6.617403e+00,6.381816e+00,5.837730e+00,6.079933e+00
5.802118e+00,6.545350e+00,7.115582e+00,6.771936e+00,6.526495e+00,7.167038e+00,6.522093e+00,6.122493e+00,6.490724e+00,6.805723e+00,7.056175e+00,6.582025e+00,6.768493e+00,7.054450e+00,6.588926e+00,6.613384e+00,6.386879e+00,5.739793e+00,6.063785e+00
5.802118e+00,6.511745e+00,7.134094e+00,6.763885e+00,6.536692e+00,7.167038e+00,6.522093e+00,5.937536e+00,6.565265e+00,6.805723e+00,7.067320e+00,6.602588e+00,6.580639e+00,7.053586e+00,6.605298e+00,6.613384e+00,6.386879e+00,5.655992e+00,6.063785e+00
5.786897e+00,6.529419e+00,7.116394e+00,6.784457e+00,6.542472e+00,7.047517e+00,6.716595e+00,5.886104e+00,6.591674e+00,6.805723e+00,7.087574e+00,6.598509e+00,6.580639e+00,7.128496e+00,6.613384e+00,6.613384e+00,6.259581e+00,5.560682e+00,6.063785e+00
5.771441e+00,6.513230e+00,7.131699e+00,6.721426e+00,6.617403e+00,7.042286e+00,6.723832e+00,5.886104e+00,6.520621e+00,6.857514e+00,7.128496e+00,6.597146e+00,6.580639e+00,7.128496e+00,6.628041e+00,6.161207e+00,6.322565e+00,5.560682e+00,6.104793e+00
5.799093e+00,6.513230e+00,7.131699e+00,6.652863e+00,6.688355e+00,7.008505e+00,6.752270e+00,5.924256e+00,6.504288e+00,7.013915e+00,7.233455e+00,6.436150e+00,6.580639e+00,7.126087e+00,6.642487e+00,6.028279e+00,6.380123e+00,5.560682e+00,6.118097e+00
5.905362e+00,6.505784e+00,7.135687e+00,6.652863e+00,6.688355e+00,7.008505e+00,6.751101e+00,5.926926e+00,6.380123e+00,7.055313e+00,7.232733e+00,6.333280e+00,6.580639e+00,7.023759e+00,6.605298e+00,5.953243e+00,6.381816e+00,5.556828e+00,5.910797e+00
5.955837e+00,6.393591e+00,7.190676e+00,6.637258e+00,6.703188e+00,6.992096e+00,6.771936e+00,5.926926e+00,5.545177e+00,7.070724e+00,7.232733e+00,6.333280e+00,6.535241e+00,7.013016e+00,6.566672e+00,5.902633e+00,6.408529e+00,5.680173e+00,6.131226e+00
5.673323e+00,6.573680e+00,7.213768e+00,6.654153e+00,6.703188e+00,6.992096e+00,6.771936e+00,5.926926e+00,5.541264e+00,7.075809e+00,7.304516e+00,6.679599e+00,6.504288e+00,7.072422e+00,6.470800e+00,5.743003e+00,6.436150e+00,5.680173e+00,6.063785e+00
5.869297e+00,6.584791e+00,7.169350e+00,6.727432e+00,6.675823e+00,6.993933e+00,6.794587e+00,5.762051e+00,5.743003e+00,7.023759e+00,7.321189e+00,6.679599e+00,6.514713e+00,7.034388e+00,6.452049e+00,5.056246e+00,6.628041e+00,5.755742e+00,6.066108e+00
5.831882e+00,6.593045e+00,7.174724e+00,6.727432e+00,6.674561e+00,6.953684e+00,6.842683e+00,5.762051e+00,5.743003e+00,7.085901e+00,7.264030e+00,6.679599e+00,6.514713e+00,6.862758e+00,6.411818e+00,5.056246e+00,6.628041e+00,5.755742e+00,6.315358e+00
5.762051e+00,6.616065e+00,7.117206e+00,6.817831e+00,6.672033e+00,6.946976e+00,6.852243e+00,5.762051e+00,5.743003e+00,7.274480e+00,7.291656e+00,6.679599e+00,6.511745e+00,6.855409e+00,6.352629e+00,5.068904e+00,6.628041e+00,5.521461e+00,6.265301e+00
5.799093e+00,6.616065e+00,6.973543e+00,6.983790e+00,6.582025e+00,7.010312e+00,6.852243e+00,5.017280e+00,6.171701e+00,7.274480e+00,7.291656e+00,6.679599e+00,6.561031e+00,6.891626e+00,6.350886e+00,4.499810e+00,6.628041e+00,5.652489e+00,6.240276e+00
5.843544e+00,6.616065e+00,6.946976e+00,6.976348e+00,6.614726e+00,7.013016e+00,6.573680e+00,5.940171e+00,6.192362e+00,7.274480e+00,7.291656e+00,6.648985e+00,6.505784e+00,6.912743e+00,6.326149e+00,4.762174e+00,6.645091e+00,5.981414e+00,6.240276e+00
5.843544e+00,6.616065e+00,6.896694e+00,6.991177e+00,6.659294e+00,7.010312e+00,6.561031e+00,5.863631e+00,6.272877e+00,7.257708e+00,7.293018e+00,6.618739e+00,6.565265e+00,6.929517e+00,5.945421e+00,4.762174e+00,6.695799e+00,6.093570e+00,6.240276e+00
6.340359e+00,6.616065e+00,6.851185e+00,6.824374e+00,6.898715e+00,6.896694e+00,6.716595e+00,5.863631e+00,6.272877e+00,7.256297e+00,7.283448e+00,6.606650e+00,6.563856e+00,6.952729e+00,5.811141e+00,4.762174e+00,6.904751e+00,6.188264e+00,6.238325e+00
6.481577e+00,6.572283e+00,6.884487e+00,6.821107e+00,6.901737e+00,6.487684e+00,7.054450e+00,5.863631e+00,6.272877e+00,7.256297e+00,7.283448e+00,6.630683e+00,6.461468e+00,6.952729e+00,6.133398e+00,4.762174e+00,6.845880e+00,6.190315e+00,6.238325e+00
6.489205e+00,6.393591e+00,6.997596e+00,6.821107e+00,6.885510e+00,6.413459e+00,7.107425e+00,5.823046e+00,6.298949e+00,7.178545e+00,7.283448e+00,6.492240e+00,6.070738e+00,6.952729e+00,6.133398e+00,5.337538e+00,6.841615e+00,6.248043e+00,6.429719e+00
6.489205e+00,6.361302e+00,7.013915e+00,6.740519e+00,6.955593e+00,6.363028e+00,7.132498e+00,5.808142e+00,6.308098e+00,7.139660e+00,7.204893e+00,6.475433e+00,5.411646e+00,7.030857e+00,6.142037e+00,5.402677e+00,6.836259e+00,6.291569e+00,6.429719e+00
6.489205e+00,6.361302e+00,7.013915e+00,6.556778e+00,6.990257e+00,6.502790e+00,7.146772e+00,5.808142e+00,6.086775e+00,7.093405e+00,7.201171e+00,6.475433e+00,5.402677e+00,7.023759e+00,6.190315e+00,5.402677e+00,6.843750e+00,6.291569e+00,6.442540e+00
6.489205e+00,6.276643e+00,7.054450e+00,6.137727e+00,7.173192e+00,6.376727e+00,7.224753e+00,5.808142e+00,6.073045e+00,7.153052e+00,7.201171e+00,6.475433e+00,5.686975e+00,7.057037e+00,6.222576e+00,5.874931e+00,6.853299e+00,6.196444e+00,6.442540e+00
6.489205e+00,6.276643e+00,7.010312e+00,6.240276e+00,7.125283e+00,6.302619e+00,7.246368e+00,6.006353e+00,6.061457e+00,7.130899e+00,7.201171e+00,6.475433e+00,5.337538e+00,7.057037e+00,6.248043e+00,5.897154e+00,6.850126e+00,6.184149e+00,6.467699e+00
6.614726e+00,6.255750e+00,6.821107e+00,6.572283e+00,7.122867e+00,6.208590e+00,7.280697e+00,6.013715e+00,6.040255e+00,7.118826e+00,7.100852e+00,6.475433e+00,5.700444e+00,7.021084e+00,6.259581e+00,5.897154e+00,6.754604e+00,6.198479e+00,6.516193e+00
6.614726e+00,6.244167e+00,6.747587e+00,6.666957e+00,7.090077e+00,5.963579e+00,7.313220e+00,6.232448e+00,6.040255e+00,7.106606e+00,7.082549e+00,6.320768e+00,5.673323e+00,7.010312e+00,6.234411e+00,5.897154e+00,6.753438e+00,6.711740e+00,6.522093e+00
6.714171e+00,6.115892e+00,6.788972e+00,6.699500e+00,7.089243e+00,5.905362e+00,7.252762e+00,6.421622e+00,6.052089e+00,7.120444e+00,7.160846e+00,6.148468e+00,5.673323e+00,7.122867e+00,6.161207e+00,5.866468e+00,6.753438e+00,6.711740e+00,6.595781e+00
6.734592e+00,5.886104e+00,6.835185e+00,6.760415e+00,7.043160e+00,6.018593e+00,7.239933e+00,6.383507e+00,6.165418e+00,7.162397e+00,7.198931e+00,6.148468e+00,5.673323e+00,7.122867e+00,6.165418e+00,6.501290e+00,6.753438e+00,6.711740e+00,6.628041e+00
6.728629e+00,5.971262e+00,6.831954e+00,6.793466e+00,7.026427e+00,6.063785e+00,7.216709e+00,6.436150e+00,6.102559e+00,7.069023e+00,6.846943e+00,6.148468e+00,5.673323e+00,7.118016e+00,6.165418e+00,6.519147e+00,6.723832e+00,6.711740e+00,6.647688e+00
6.697034e+00,6.035481e+00,6.698268e+00,6.915723e+00,7.026427e+00,6.063785e+00,7.216709e+00,6.436150e+00,6.100319e+00,7.100852e+00,6.846943e+00,6.148468e+00,5.673323e+00,7.114769e+00,6.165418e+00,6.617403e+00,6.698268e+00,6.701960e+00,6.652863e+00
6.690842e+00,6.047372e+00,6.685861e+00,6.925595e+00,7.022868e+00,6.073045e+00,7.174724e+00,6.522093e+00,6.100319e+00,7.144407e+00,6.924612e+00,6.148468e+00,5.720312e+00,6.890609e+00,5.905362e+00,6.597146e+00,6.670766e+00,6.650279e+00,6.654153e+00
6.740519e+00,6.079933e+00,6.688355e+00,6.925595e+00,7.010312e+00,6.104793e+00,7.167038e+00,6.536692e+00,6.100319e+00,7.114769e+00,7.015712e+00,6.148468e+00,5.786897e+00,6.569481e+00,5.905362e+00,6.597146e+00,6.586172e+00,6.646391e+00,6.654153e+00
6.742881e+00,5.937536e+00,6.753438e+00,6.929517e+00,6.929517e+00,6.280396e+00,7.167038e+00,6.536692e+00,6.100319e+00,7.022868e+00,6.834109e+00,5.837730e+00,5.786897e+00,6.569481e+00,5.905362e+00,6.597146e+00,6.586172e+00,6.658011e+00,6.654153e+00
6.742881e+00,5.934894e+00,6.715383e+00,6.961296e+00,6.804615e+00,6.483107e+00,7.167038e+00,6.536692e+00,6.100319e+00,7.067320e+00,6.800170e+00,5.826000e+00,5.789960e+00,6.526495e+00,5.905362e+00,6.597146e+00,6.408529e+00,6.700731e+00,6.654153e+00
6.775366e+00,5.802118e+00,6.545350e+00,7.115582e+00,6.771936e+00,6.526495e+00,7.167038e+00,6.522093e+00,6.122493e+00,7.143618e+00,6.778785e+00,5.823046e+00,6.047372e+00,6.469250e+00,5.860786e+00,6.597146e+00,6.401917e+00,6.699500e+00,6.654153e+00
6.775366e+00,5.802118e+00,6.511745e+00,7.134094e+00,6.763885e+00,6.536692e+00,7.167038e+00,6.522093e+00,5.937536e+00,7.232010e+00,6.763885e+00,5.777652e+00,6.047372e+00,6.469250e+00,5.826000e+00,6.597146e+00,6.411818e+00,6.699500e+00,6.654153e+00
6.767343e+00,5.786897e+00,6.529419e+00,7.116394e+00,6.784457e+00,6.542472e+00,7.047517e+00,6.716595e+00,5.886104e+00,7.261927e+00,6.735780e+00,5.777652e+00,6.095825e+00,6.318968e+00,5.808142e+00,6.597146e+00,6.413459e+00,6.699500e+00,6.654153e+00
7.011214e+00,5.771441e+00,6.513230e+00,7.131699e+00,6.721426e+00,6.617403e+00,7.042286e+00,6.723832e+00,5.886104e+00,7.277939e+00,6.838405e+00,5.783825e+00,6.095825e+00,6.318968e+00,5.774552e+00,6.597146e+00,6.426488e+00,6.699500e+00,6.638568e+00
7.003065e+00,5.799093e+00,6.513230e+00,7.131699e+00,6.652863e+00,6.688355e+00,7.008505e+00,6.752270e+00,5.924256e+00,7.250636e+00,6.688355e+00,5.786897e+00,6.095825e+00,6.318968e+00,5.739793e+00,6.629363e+00,6.371612e+00,6.835185e+00,6.618739e+00
6.968850e+00,5.905362e+00,6.505784e+00,7.135687e+00,6.652863e+00,6.688355e+00,7.008505e+00,6.751101e+00,5.926926e+00,7.226936e+00,6.661855e+00,5.786897e+00,6.095825e+00,6.318968e+00,5.739793e+00,6.673298e+00,6.369901e+00,6.931472e+00,6.573680e+00
6.950815e+00,5.955837e+00,6.393591e+00,7.190676e+00,6.637258e+00,6.703188e+00,6.992096e+00,6.771936e+00,5.926926e+00,7.243513e+00,6.661855e+00,5.929589e+00,6.095825e+00,6.318968e+00,5.799093e+00,6.673298e+00,6.342121e+00,6.898715e+00,6.184149e+00
6.884487e+00,5.673323e+00,6.573680e+00,7.213768e+00,6.654153e+00,6.703188e+00,6.992096e+00,6.771936e+00,5.926926e+00,7.244942e+00,6.523562e+00,5.811141e+00,6.095825e+00,6.126869e+00,5.799093e+00,6.673298e+00,6.311735e+00,6.923629e+00,6.167516e+00
6.809039e+00,5.869297e+00,6.584791e+00,7.169350e+00,6.727432e+00,6.675823e+00,6.993933e+00,6.794587e+00,5.762051e+00,7.242798e+00,6.486161e+00,5.971262e+00,6.066108e+00,6.182085e+00,5.799093e+00,6.675823e+00,6.003887e+00,6.959399e+00,6.242223e+00
6.809039e+00,5.831882e+00,6.593045e+00,7.174724e+00,6.727432e+00,6.674561e+00,6.953684e+00,6.842683e+00,5.762051e+00,7.225481e+00,6.464588e+00,6.122493e+00,6.182085e+00,6.259581e+00,5.828946e+00,6.675823e+00,6.186209e+00,6.959399e+00,6.016157e+00
6.981935e+00,5.762051e+00,6.616065e+00,7.117206e+00,6.817831e+00,6.672033e+00,6.946976e+00,6.852243e+00,5.762051e+00,7.185387e+00,6.381816e+00,6.224558e+00,6.375025e+00,6.308098e+00,6.011267e+00,6.673298e+00,6.575076e+00,6.959399e+00,6.016157e+00
7.050123e+00,5.799093e+00,6.616065e+00,6.973543e+00,6.983790e+00,6.582025e+00,7.010312e+00,6.852243e+00,5.017280e+00,7.309881e+00,6.381816e+00,6.224558e+00,6.342121e+00,6.285998e+00,6.198479e+00,6.660575e+00,6.575076e+00,6.925595e+00,5.869297e+00
7.037028e+00,5.843544e+00,6.616065e+00,6.946976e+00,6.976348e+00,6.614726e+00,7.013016e+00,6.573680e+00,5.940171e+00,7.332369e+00,6.381816e+00,6.200509e+00,6.406880e+00,6.415097e+00,6.161207e+00,6.625392e+00,6.797940e+00,6.810142e+00,5.869297e+00
7.037028e+00,5.843544e+00,6.616065e+00,6.896694e+00,6.991177e+00,6.659294e+00,7.010312e+00,6.561031e+00,5.863631e+00,7.370860e+00,6.410175e+00,6.228511e+00,6.306275e+00,6.386879e+00,6.028279e+00,6.648985e+00,6.783325e+00,6.754604e+00,5.869297e+00
6.820016e+00,6.340359e+00,6.616065e+00,6.851185e+00,6.824374e+00,6.898715e+00,6.896694e+00,6.716595e+00,5.863631e+00,7.388946e+00,6.436150e+00,6.632002e+00,6.306275e+00,6.345636e+00,6.006353e+00,6.834109e+00,6.502790e+00,6.929517e+00,5.869297e+00
6.768493e+00,6.481577e+00,6.572283e+00,6.884487e+00,6.821107e+00,6.901737e+00,6.487684e+00,7.054450e+00,5.863631e+00,7.388946e+00,6.437752e+00,6.648985e+00,6.434547e+00,6.345636e+00,5.598422e+00,6.842683e+00,6.787845e+00,6.967909e+00,6.016157e+00
6.796824e+00,6.489205e+00,6.393591e+00,6.997596e+00,6.821107e+00,6.885510e+00,6.413459e+00,7.107425e+00,5.823046e+00,7.446001e+00,6.444131e+00,6.742881e+00,6.508769e+00,6.345636e+00,5.598422e+00,6.740519e+00,6.824374e+00,6.910751e+00,5.707110e+00
6.796824e+00,6.489205e+00,6.361302e+00,7.013915e+00,6.740519e+00,6.955593e+00,6.363028e+00,7.132498e+00,5.808142e+00,7.431892e+00,6.444131e+00,6.742881e+00,6.543912e+00,6.175867e+00,5.613128e+00,6.723832e+00,7.069874e+00,6.887553e+00,5.749393e+00
6.802395e+00,6.489205e+00,6.361302e+00,7.013915e+00,6.556778e+00,6.990257e+00,6.502790e+00,7.146772e+00,5.808142e+00,7.412160e+00,6.444131e+00,6.742881e+00,6.558198e+00,6.175867e+00,6.142037e+00,6.749931e+00,7.096721e+00,6.887553e+00,5.826000e+00
6.874198e+00,6.489205e+00,6.276643e+00,7.054450e+00,6.137727e+00,7.173192e+00,6.376727e+00,7.224753e+00,5.808142e+00,7.367077e+00,6.444131e+00,6.742881e+00,6.452049e+00,6.093570e+00,6.107023e+00,6.580639e+00,7.099202e+00,6.887553e+00,5.874931e+00
6.878326e+00,6.489205e+00,6.276643e+00,7.010312e+00,6.240276e+00,7.125283e+00,6.302619e+00,7.246368e+00,6.006353e+00,7.372118e+00,6.444131e+00,6.742881e+00,6.419995e+00,6.093570e+00,6.077642e+00,6.632002e+00,7.105786e+00,7.081709e+00,5.886104e+00
6.783325e+00,6.614726e+00,6.255750e+00,6.821107e+00,6.572283e+00,7.122867e+00,6.208590e+00,7.280697e+00,6.013715e+00,7.373374e+00,6.444131e+00,6.742881e+00,6.259581e+00,6.091310e+00,6.261492e+00,6.946014e+00,7.191429e+00,7.070724e+00,6.049733e+00
6.783325e+00,6.614726e+00,6.244167e+00,6.747587e+00,6.666957e+00,7.090077e+00,5.963579e+00,7.313220e+00,6.232448e+00,7.370231e+00,6.444131e+00,6.742881e+00,6.259581e+00,6.091310e+00,6.287859e+00,7.052721e+00,7.218177e+00,6.695799e+00,6.042633e+00
6.690842e+00,6.714171e+00,6.115892e+00,6.788972e+00,6.699500e+00,7.089243e+00,5.905362e+00,7.252762e+00,6.421622e+00,7.352441e+00,6.276643e+00,6.741701e+00,6.259581e+00,5.613128e+00,6.293419e+00,7.060476e+00,7.245655e+00,6.714171e+00,5.968708e+00
6.694562e+00,6.734592e+00,5.886104e+00,6.835185e+00,6.760415e+00,7.043160e+00,6.018593e+00,7.239933e+00,6.383507e+00,7.294377e+00,6.177944e+00,6.741701e+00,6.259581e+00,5.638355e+00,6.289716e+00,6.742881e+00,7.254885e+00,6.714171e+00,6.118097e+00
6.639876e+00,6.728629e+00,5.971262e+00,6.831954e+00,6.793466e+00,7.026427e+00,6.063785e+00,7.216709e+00,6.436150e+00,7.264030e+00,6.177944e+00,6.741701e+00,6.263398e+00,5.638355e+00,6.329721e+00,6.726233e+00,7.254885e+00,6.714171e+00,6.297109e+00
6.641182e+00,6.697034e+00,6.035481e+00,6.698268e+00,6.915723e+00,7.026427e+00,6.063785e+00,7.216709e+00,6.436150e+00,7.173192e+00,6.177944e+00,6.863803e+00,6.493754e+00,5.379897e+00,6.329721e+00,6.709304e+00,7.254885e+00,6.714171e+00,6.291569e+00
6.723832e+00,6.690842e+00,6.047372e+00,6.685861e+00,6.925595e+00,7.022868e+00,6.073045e+00,7.174724e+00,6.522093e+00,7.175490e+00,5.905362e+00,6.863803e+00,6.572283e+00,5.379897e+00,6.329721e+00,6.791221e+00,7.254885e+00,6.714171e+00,6.289716e+00
6.709304e+00,6.740519e+00,6.079933e+00,6.688355e+00,6.925595e+00,7.010312e+00,6.104793e+00,7.167038e+00,6.536692e+00,7.231287e+00,5.389072e+00,6.931472e+00,6.584791e+00,5.446737e+00,6.329721e+00,6.794587e+00,7.254885e+00,6.714171e+00,6.289716e+00
6.710523e+00,6.742881e+00,5.937536e+00,6.753438e+00,6.929517e+00,6.929517e+00,6.280396e+00,7.167038e+00,6.536692e+00,7.256297e+00,5.389072e+00,6.931472e+00,6.654153e+00,5.971262e+00,6.329721e+00,6.794587e+00,7.254885e+00,6.716595e+00,6.289716e+00
6.710523e+00,6.742881e+00,5.934894e+00,6.715383e+00,6.961296e+00,6.804615e+00,6.483107e+00,7.167038e+00,6.536692e+00,7.221836e+00,5.407172e+00,6.931472e+00,6.652863e+00,5.971262e+00,6.329721e+00,6.794587e+00,7.252762e+00,6.674561e+00,6.289716e+00
6.675823e+00,6.775366e+00,5.802118e+00,6.545350e+00,7.115582e+00,6.771936e+00,6.526495e+00,7.167038e+00,6.522093e+00,7.180070e+00,5.407172e+00,6.934397e+00,6.520621e+00,5.971262e+00,6.335054e+00,6.812345e+00,7.353722e+00,6.674561e+00,6.313548e+00
6.675823e+00,6.775366e+00,5.802118e+00,6.511745e+00,7.134094e+00,6.763885e+00,6.536692e+00,7.167038e+00,6.522093e+00,7.087574e+00,5.407172e+00,6.981006e+00,6.520621e+00,5.981414e+00,6.343880e+00,6.812345e+00,7.370231e+00,6.674561e+00,6.313548e+00
6.675823e+00,6.767343e+00,5.786897e+00,6.529419e+00,7.116394e+00,6.784457e+00,6.542472e+00,7.047517e+00,6.716595e+00,7.051856e+00,5.407172e+00,6.996681e+00,6.523562e+00,5.986452e+00,6.347389e+00,6.812345e+00,7.375256e+00,6.674561e+00,6.313548e+00
6.432940e+00,7.011214e+00,5.771441e+00,6.513230e+00,7.131699e+00,6.721426e+00,6.617403e+00,7.042286e+00,6.723832e+00,6.988413e+00,4.406719e+00,6.994850e+00,6.535241e+00,6.154858e+00,6.347389e+00,6.812345e+00,7.471932e+00,6.674561e+00,6.298949e+00
6.685861e+00,7.003065e+00,5.799093e+00,6.513230e+00,7.131699e+00,6.652863e+00,6.688355e+00,7.008505e+00,6.752270e+00,6.869014e+00,4.477337e+00,7.033506e+00,6.535241e+00,6.200509e+00,6.347389e+00,6.785588e+00,7.504392e+00,6.513230e+00,6.298949e+00
6.749931e+00,6.968850e+00,5.905362e+00,6.505784e+00,7.135687e+00,6.652863e+00,6.688355e+00,7.008505e+00,6.751101e+00,6.899723e+00,4.820282e+00,7.149132e+00,6.535241e+00,6.200509e+00,6.347389e+00,6.746412e+00,7.515889e+00,6.363028e+00,6.265301e+00
6.749931e+00,6.950815e+00,5.955837e+00,6.393591e+00,7.190676e+00,6.637258e+00,6.703188e+00,6.992096e+00,6.771936e+00,6.902743e+00,4.820282e+00,7.412764e+00,6.535241e+00,6.200509e+00,6.304449e+00,6.746412e+00,7.586296e+00,6.361302e+00,6.375025e+00
6.749931e+00,6.884487e+00,5.673323e+00,6.573680e+00,7.213768e+00,6.654153e+00,6.703188e+00,6.992096e+00,6.771936e+00,6.894670e+00,4.804021e+00,7.283448e+00,6.535241e+00,6.276643e+00,6.322565e+00,6.746412e+00,7.586296e+00,6.317165e+00,6.375025e+00
6.749931e+00,6.809039e+00,5.869297e+00,6.584791e+00,7.169350e+00,6.727432e+00,6.675823e+00,6.993933e+00,6.794587e+00,6.891626e+00,4.804021e+00,7.242798e+00,6.535241e+00,6.226537e+00,6.393591e+00,6.744059e+00,7.586296e+00,6.202536e+00,6.308098e+00
6.767343e+00,6.809039e+00,5.831882e+00,6.593045e+00,7.174724e+00,6.727432e+00,6.674561e+00,6.953684e+00,6.842683e+00,6.841615e+00,4.897840e+00,7.195937e+00,6.455199e+00,6.146329e+00,6.405228e+00,6.744059e+00,7.567346e+00,6.202536e+00,6.327937e+00
6.556778e+00,6.981935e+00,5.762051e+00,6.616065e+00,7.117206e+00,6.817831e+00,6.672033e+00,6.946976e+00,6.852243e+00,6.726233e+00,5.236442e+00,7.158514e+00,6.278521e+00,6.089045e+00,6.396930e+00,6.748760e+00,7.440147e+00,6.202536e+00,6.401917e+00
6.536692e+00,7.050123e+00,5.799093e+00,6.616065e+00,6.973543e+00,6.983790e+00,6.582025e+00,7.010312e+00,6.852243e+00,6.490724e+00,5.402677e+00,7.159292e+00,6.263398e+00,6.033086e+00,6.318968e+00,6.804615e+00,7.440147e+00,6.234411e+00,6.403574e+00
6.806829e+00,7.037028e+00,5.843544e+00,6.616065e+00,6.946976e+00,6.976348e+00,6.614726e+00,7.013016e+00,6.573680e+00,6.437752e+00,6.216606e+00,7.132498e+00,6.226537e+00,5.774552e+00,6.385194e+00,6.835185e+00,7.286876e+00,6.259581e+00,6.405228e+00
6.806829e+00,7.037028e+00,5.843544e+00,6.616065e+00,6.896694e+00,6.991177e+00,6.659294e+00,7.010312e+00,6.561031e+00,6.336826e+00,6.177944e+00,7.167809e+00,6.226537e+00,5.774552e+00,6.357842e+00,6.853299e+00,7.268223e+00,6.329721e+00,6.405228e+00
6.806829e+00,6.820016e+00,6.340359e+00,6.616065e+00,6.851185e+00,6.824374e+00,6.898715e+00,6.896694e+00,6.716595e+00,6.733402e+00,6.142037e+00,6.951772e+00,6.226537e+00,5.774552e+00,6.386879e+00,6.752270e+00,7.261927e+00,5.869297e+00,6.405228e+00
6.761573e+00,6.768493e+00,6.481577e+00,6.572283e+00,6.884487e+00,6.821107e+00,6.901737e+00,6.487684e+00,7.054450e+00,6.781058e+00,6.142037e+00,6.961296e+00,6.118097e+00,5.774552e+00,6.386879e+00,6.908755e+00,7.097549e+00,5.777652e+00,6.300786e+00
6.778785e+00,6.796824e+00,6.489205e+00,6.393591e+00,6.997596e+00,6.821107e+00,6.885510e+00,6.413459e+00,7.107425e+00,6.697034e+00,6.133398e+00,6.914731e+00,6.006353e+00,5.774552e+00,6.390241e+00,6.909753e+00,7.094235e+00,5.805135e+00,6.298949e+00
6.778785e+00,6.796824e+00,6.489205e+00,6.361302e+00,7.013915e+00,6.740519e+00,6.955593e+00,6.363028e+00,7.132498e+00,6.801283e+00,6.163315e+00,6.914731e+00,5.945421e+00,5.774552e+00,6.432940e+00,6.910751e+00,6.855409e+00,5.971262e+00,6.274762e+00
6.773080e+00,6.802395e+00,6.489205e+00,6.361302e+00,7.013915e+00,6.556778e+00,6.990257e+00,6.502790e+00,7.146772e+00,6.810142e+00,6.274762e+00,6.914731e+00,6.212606e+00,5.774552e+00,6.144186e+00,6.900731e+00,6.813445e+00,5.991465e+00,6.210600e+00
6.719013e+00,6.874198e+00,6.489205e+00,6.276643e+00,7.054450e+00,6.137727e+00,7.173192e+00,6.376727e+00,7.224753e+00,6.809039e+00,6.416732e+00,6.926577e+00,6.208590e+00,5.774552e+00,6.150603e+00,6.899723e+00,6.800170e+00,5.991465e+00,6.175867e+00
6.776507e+00,6.878326e+00,6.489205e+00,6.276643e+00,7.010312e+00,6.240276e+00,7.125283e+00,6.302619e+00,7.246368e+00,6.805723e+00,6.424869e+00,6.939254e+00,6.340359e+00,5.774552e+00,6.146329e+00,6.852243e+00,6.791221e+00,5.247024e+00,6.133398e+00
6.779922e+00,6.783325e+00,6.614726e+00,6.255750e+00,6.821107e+00,6.572283e+00,7.122867e+00,6.208590e+00,7.280697e+00,6.803505e+00,6.569481e+00,7.034388e+00,6.483107e+00,5.774552e+00,5.921578e+00,6.501290e+00,6.660575e+00,5.247024e+00,5.899897e+00
6.779922e+00,6.783325e+00,6.614726e+00,6.244167e+00,6.747587e+00,6.666957e+00,7.090077e+00,5.963579e+00,7.313220e+00,6.803505e+00,6.722630e+00,7.130099e+00,6.525030e+00,5.774552e+00,5.883322e+00,6.308098e+00,6.613384e+00,5.579730e+00,5.897154e+00
6.788972e+00,6.690842e+00,6.714171e+00,6.115892e+00,6.788972e+00,6.699500e+00,7.089243e+00,5.905362e+00,7.252762e+00,6.858565e+00,6.723832e+00,7.130099e+00,6.525030e+00,5.774552e+00,5.874931e+00,6.291569e+00,6.561031e+00,5.537334e+00,5.834811e+00
6.767343e+00,6.694562e+00,6.734592e+00,5.886104e+00,6.835185e+00,6.760415e+00,7.043160e+00,6.018593e+00,7.239933e+00,6.916715e+00,6.726233e+00,7.130099e+00,6.760415e+00,5.752573e+00,5.874931e+00,6.378426e+00,6.542472e+00,5.786897e+00,5.541264e+00
6.762730e+00,6.639876e+00,6.728629e+00,5.971262e+00,6.831954e+00,6.793466e+00,7.026427e+00,6.063785e+00,7.216709e+00,6.942157e+00,6.919684e+00,7.130099e+00,6.802395e+00,6.202536e+00,5.811141e+00,6.311735e+00,6.542472e+00,5.786897e+00,5.017280e+00
6.761573e+00,6.641182e+00,6.697034e+00,6.035481e+00,6.698268e+00,6.915723e+00,7.026427e+00,6.063785e+00,7.216709e+00,6.942157e+00,6.928538e+00,7.037906e+00,6.902743e+00,6.434547e+00,5.811141e+00,6.263398e+00,6.693324e+00,5.950643e+00,5.010635e+00
6.732211e+00,6.723832e+00,6.690842e+00,6.047372e+00,6.685861e+00,6.925595e+00,7.022868e+00,6.073045e+00,7.174724e+00,6.935370e+00,6.950815e+00,7.056175e+00,6.831954e+00,6.434547e+00,5.894403e+00,6.126869e+00,6.874198e+00,5.950643e+00,5.010635e+00
6.699500e+00,6.709304e+00,6.740519e+00,6.079933e+00,6.688355e+00,6.925595e+00,7.010312e+00,6.104793e+00,7.167038e+00,6.870053e+00,6.967909e+00,6.996681e+00,6.917706e+00,6.410175e+00,5.916202e+00,6.120297e+00,7.023759e+00,5.950643e+00,5.010635e+00
6.695799e+00,6.710523e+00,6.742881e+00,5.937536e+00,6.753438e+00,6.929517e+00,6.929517e+00,6.280396e+00,7.167038e+00,6.881411e+00,7.031741e+00,6.996681e+00,6.889591e+00,6.104793e+00,6.049733e+00,6.120297e+00,7.023759e+00,5.921578e+00,5.429346e+00
6.826545e+00,6.710523e+00,6.742881e+00,5.934894e+00,6.715383e+00,6.961296e+00,6.804615e+00,6.483107e+00,7.167038e+00,7.173192e+00,7.014814e+00,6.996681e+00,6.889591e+00,6.104793e+00,6.056784e+00,6.120297e+00,7.023759e+00,5.921578e+00,5.552960e+00
6.826545e+00,6.675823e+00,6.775366e+00,5.802118e+00,6.545350e+00,7.115582e+00,6.771936e+00,6.526495e+00,7.167038e+00,7.145196e+00,7.014814e+00,6.995766e+00,6.890609e+00,6.104793e+00,6.139885e+00,6.084499e+00,6.880384e+00,5.921578e+00,5.505332e+00
6.846943e+00,6.675823e+00,6.775366e+00,5.802118e+00,6.511745e+00,7.134094e+00,6.763885e+00,6.536692e+00,7.167038e+00,7.144407e+00,7.217443e+00,6.950815e+00,6.929517e+00,6.095825e+00,6.295266e+00,6.084499e+00,6.846943e+00,5.921578e+00,5.786897e+00
6.849066e+00,6.675823e+00,6.767343e+00,5.786897e+00,6.529419e+00,7.116394e+00,6.784457e+00,6.542472e+00,7.047517e+00,7.144407e+00,7.292337e+00,6.991177e+00,7.000334e+00,6.091310e+00,6.298949e+00,6.084499e+00,6.828712e+00,6.006353e+00,5.786897e+00
6.769642e+00,6.432940e+00,7.011214e+00,5.771441e+00,6.513230e+00,7.131699e+00,6.721426e+00,6.617403e+00,7.042286e+00,7.144407e+00,7.347944e+00,6.991177e+00,7.013915e+00,5.910797e+00,6.496775e+00,6.084499e+00,6.709304e+00,6.593045e+00,5.786897e+00
6.539586e+00,6.685861e+00,7.003065e+00,5.799093e+00,6.513230e+00,7.131699e+00,6.652863e+00,6.688355e+00,7.008505e+00,7.144407e+00,7.338888e+00,6.949856e+00,7.024649e+00,5.849325e+00,6.862758e+00,6.084499e+00,6.651572e+00,6.594413e+00,5.786897e+00
6.459904e+00,6.749931e+00,6.968850e+00,5.905362e+00,6.505784e+00,7.135687e+00,6.652863e+00,6.688355e+00,7.008505e+00,7.109062e+00,7.418181e+00,6.806829e+00,7.107425e+00,5.874931e+00,6.874198e+00,6.084499e+00,6.625392e+00,6.594413e+00,5.786897e+00
6.459904e+00,6.749931e+00,6.950815e+00,5.955837e+00,6.393591e+00,7.190676e+00,6.637258e+00,6.703188e+00,6.992096e+00,7.072422e+00,7.466228e+00,6.152733e+00,7.130099e+00,6.226537e+00,7.095064e+00,6.084499e+00,6.429719e+00,6.594413e+00,5.572154e+00
6.459904e+00,6.749931e+00,6.884487e+00,5.673323e+00,6.573680e+00,7.213768e+00,6.654153e+00,6.703188e+00,6.992096e+00,7.072422e+00,7.466228e+00,6.150603e+00,7.153052e+00,6.159095e+00,7.086738e+00,6.118097e+00,6.429719e+00,6.594413e+00,5.572154e+00
6.459904e+00,6.749931e+00,6.809039e+00,5.869297e+00,6.584791e+00,7.169350e+00,6.727432e+00,6.675823e+00,6.993933e+00,7.072422e+00,7.466228e+00,6.150603e+00,7.153052e+00,6.159095e+00,7.051856e+00,6.150603e+00,6.429719e+00,6.594413e+00,5.572154e+00
6.440947e+00,6.767343e+00,6.809039e+00,5.831882e+00,6.593045e+00,7.174724e+00,6.727432e+00,6.674561e+00,6.953684e+00,7.072422e+00,7.459339e+00,6.150603e+00,7.153052e+00,6.159095e+00,7.037028e+00,6.150603e+00,6.519147e+00,6.594413e+00,5.463832e+00
6.529419e+00,6.556778e+00,6.981935e+00,5.762051e+00,6.616065e+00,7.117206e+00,6.817831e+00,6.672033e+00,6.946976e+00,6.991177e+00,7.427739e+00,6.150603e+00,7.153052e+00,6.159095e+00,6.980076e+00,6.142037e+00,6.675823e+00,6.594413e+00,5.929589e+00
6.532334e+00,6.536692e+00,7.050123e+00,5.799093e+00,6.616065e+00,6.973543e+00,6.983790e+00,6.582025e+00,7.010312e+00,7.086738e+00,7.420579e+00,6.148468e+00,7.147559e+00,6.159095e+00,6.961296e+00,6.267201e+00,6.677083e+00,6.572283e+00,6.186209e+00
6.159095e+00,6.806829e+00,7.037028e+00,5.843544e+00,6.616065e+00,6.946976e+00,6.976348e+00,6.614726e+00,7.013016e+00,7.091742e+00,7.237778e+00,6.148468e+00,7.132498e+00,6.159095e+00,6.949856e+00,6.343880e+00,6.683361e+00,6.553933e+00,6.196444e+00
6.526495e+00,6.806829e+00,7.037028e+00,5.843544e+00,6.616065e+00,6.896694e+00,6.991177e+00,6.659294e+00,7.010312e+00,7.095893e+00,7.237778e+00,6.013715e+00,7.132498e+00,6.159095e+00,6.949856e+00,6.282267e+00,6.683361e+00,6.498282e+00,6.280396e+00
6.608001e+00,6.806829e+00,6.820016e+00,6.340359e+00,6.616065e+00,6.851185e+00,6.824374e+00,6.898715e+00,6.896694e+00,6.815640e+00,7.237778e+00,6.013715e+00,7.132498e+00,6.177944e+00,6.931472e+00,6.472346e+00,6.894670e+00,6.492240e+00,6.280396e+00
6.630683e+00,6.761573e+00,6.768493e+00,6.481577e+00,6.572283e+00,6.884487e+00,6.821107e+00,6.901737e+00,6.487684e+00,6.769642e+00,7.237059e+00,5.869297e+00,7.113956e+00,6.444131e+00,6.931472e+00,6.251904e+00,6.889591e+00,6.469250e+00,6.393591e+00
6.569481e+00,6.778785e+00,6.796824e+00,6.489205e+00,6.393591e+00,6.997596e+00,6.821107e+00,6.885510e+00,6.413459e+00,6.741701e+00,7.237059e+00,5.786897e+00,7.113956e+00,6.444131e+00,6.929517e+00,6.300786e+00,6.859615e+00,6.453625e+00,6.401917e+00
6.569481e+00,6.778785e+00,6.796824e+00,6.489205e+00,6.361302e+00,7.013915e+00,6.740519e+00,6.955593e+00,6.363028e+00,6.621406e+00,7.226936e+00,5.789960e+00,7.113956e+00,6.444131e+00,6.896694e+00,6.352629e+00,6.859615e+00,6.354370e+00,6.439350e+00
6.569481e+00,6.773080e+00,6.802395e+00,6.489205e+00,6.361302e+00,7.013915e+00,6.556778e+00,6.990257e+00,6.502790e+00,6.647688e+00,7.185387e+00,6.489205e+00,7.117206e+00,6.489205e+00,7.026427e+00,6.342121e+00,6.859615e+00,6.340359e+00,6.483107e+00
6.561031e+00,6.719013e+00,6.874198e+00,6.489205e+00,6.276643e+00,7.054450e+00,6.137727e+00,7.173192e+00,6.376727e+00,6.648985e+00,7.122060e+00,6.632002e+00,7.122060e+00,6.489205e+00,7.023759e+00,6.354370e+00,6.859615e+00,6.340359e+00,6.484635e+00
6.963190e+00,6.776507e+00,6.878326e+00,6.489205e+00,6.276643e+00,7.010312e+00,6.240276e+00,7.125283e+00,6.302619e+00,6.642487e+00,7.118016e+00,6.654153e+00,7.062192e+00,6.489205e+00,7.023759e+00,6.357842e+00,6.870053e+00,6.340359e+00,6.922644e+00
7.156956e+00,6.779922e+00,6.783325e+00,6.614726e+00,6.255750e+00,6.821107e+00,6.572283e+00,7.122867e+00,6.208590e+00,6.642487e+00,7.037028e+00,6.511745e+00,6.985642e+00,6.489205e+00,7.023759e+00,6.563856e+00,6.870053e+00,6.340359e+00,6.948897e+00
7.156956e+00,6.779922e+00,6.783325e+00,6.614726e+00,6.244167e+00,6.747587e+00,6.666957e+00,7.090077e+00,5.963579e+00,6.642487e+00,6.927558e+00,6.327937e+00,6.959399e+00,6.489205e+00,7.023759e+00,6.566672e+00,6.870053e+00,6.198479e+00,7.037028e+00
7.150701e+00,6.788972e+00,6.690842e+00,6.714171e+00,6.115892e+00,6.788972e+00,6.699500e+00,7.089243e+00,5.905362e+00,6.573680e+00,6.929517e+00,6.413459e+00,6.962243e+00,6.489205e+00,7.023759e+00,6.677083e+00,6.873164e+00,6.340359e+00,7.046647e+00
7.149917e+00,6.767343e+00,6.694562e+00,6.734592e+00,5.886104e+00,6.835185e+00,6.760415e+00,7.043160e+00,6.018593e+00,6.490724e+00,6.927558e+00,6.480045e+00,6.774224e+00,6.489205e+00,7.023759e+00,6.661855e+00,7.047517e+00,6.204558e+00,7.059618e+00
7.145196e+00,6.762730e+00,6.639876e+00,6.728629e+00,5.971262e+00,6.831954e+00,6.793466e+00,7.026427e+00,6.063785e+00,6.565265e+00,6.765039e+00,6.480045e+00,6.728629e+00,6.171701e+00,7.023759e+00,6.656727e+00,7.057898e+00,6.302619e+00,7.059618e+00
7.145196e+00,6.761573e+00,6.641182e+00,6.697034e+00,6.035481e+00,6.698268e+00,6.915723e+00,7.026427e+00,6.063785e+00,6.591674e+00,6.777647e+00,6.480045e+00,6.463029e+00,5.857933e+00,7.023759e+00,6.613384e+00,6.956545e+00,6.190315e+00,7.059618e+00
7.112327e+00,6.732211e+00,6.723832e+00,6.690842e+00,6.047372e+00,6.685861e+00,6.925595e+00,7.022868e+00,6.073045e+00,6.520621e+00,6.756932e+00,6.447306e+00,6.463029e+00,5.857933e+00,6.997596e+00,6.927558e+00,6.821107e+00,6.192362e+00,7.059618e+00
7.097549e+00,6.699500e+00,6.709304e+00,6.740519e+00,6.079933e+00,6.688355e+00,6.925595e+00,7.010312e+00,6.104793e+00,6.504288e+00,6.735780e+00,6.447306e+00,6.289716e+00,5.857933e+00,6.990257e+00,6.929517e+00,6.684612e+00,6.276643e+00,7.059618e+00
7.097549e+00,6.695799e+00,6.710523e+00,6.742881e+00,5.937536e+00,6.753438e+00,6.929517e+00,6.929517e+00,6.280396e+00,6.380123e+00,6.648985e+00,6.447306e+00,6.249975e+00,5.857933e+00,6.940222e+00,6.931472e+00,6.684612e+00,6.361302e+00,6.990257e+00
6.999422e+00,6.826545e+00,6.710523e+00,6.742881e+00,5.934894e+00,6.715383e+00,6.961296e+00,6.804615e+00,6.483107e+00,5.545177e+00,6.647688e+00,6.447306e+00,6.285998e+00,5.945421e+00,7.042286e+00,6.931472e+00,6.687109e+00,6.431331e+00,6.962243e+00
7.003065e+00,6.826545e+00,6.675823e+00,6.775366e+00,5.802118e+00,6.545350e+00,7.115582e+00,6.771936e+00,6.526495e+00,5.541264e+00,6.647688e+00,6.444131e+00,6.483107e+00,5.961005e+00,7.013915e+00,6.931472e+00,6.687109e+00,6.472346e+00,6.961296e+00
6.985642e+00,6.846943e+00,6.675823e+00,6.775366e+00,5.802118e+00,6.511745e+00,7.134094e+00,6.763885e+00,6.536692e+00,5.743003e+00,6.267201e+00,6.442540e+00,6.429719e+00,5.961005e+00,6.936343e+00,6.931472e+00,6.690842e+00,6.473891e+00,6.882437e+00
6.983790e+00,6.849066e+00,6.675823e+00,6.767343e+00,5.786897e+00,6.529419e+00,7.116394e+00,6.784457e+00,6.542472e+00,5.743003e+00,6.073045e+00,6.354370e+00,6.331502e+00,5.961005e+00,6.966024e+00,6.931472e+00,6.690842e+00,6.445720e+00,6.882437e+00
6.983790e+00,6.769642e+00,6.432940e+00,7.011214e+00,5.771441e+00,6.513230e+00,7.131699e+00,6.721426e+00,6.617403e+00,5.743003e+00,5.880533e+00,6.354370e+00,6.289716e+00,5.961005e+00,6.932448e+00,7.023759e+00,6.583409e+00,5.908083e+00,6.898715e+00
6.983790e+00,6.539586e+00,6.685861e+00,7.003065e+00,5.799093e+00,6.513230e+00,7.131699e+00,6.652863e+00,6.688355e+00,6.171701e+00,5.880533e+00,6.373320e+00,6.308098e+00,5.966147e+00,6.609349e+00,7.023759e+00,6.569481e+00,5.940171e+00,6.951772e+00
6.983790e+00,6.459904e+00,6.749931e+00,6.968850e+00,5.905362e+00,6.505784e+00,7.135687e+00,6.652863e+00,6.688355e+00,6.192362e+00,5.214936e+00,6.390241e+00,6.115892e+00,5.991465e+00,6.594413e+00,7.023759e+00,6.813445e+00,6.018593e+00,7.009409e+00
6.983790e+00,6.459904e+00,6.749931e+00,6.950815e+00,5.955837e+00,6.393591e+00,7.190676e+00,6.637258e+00,6.703188e+00,6.272877e+00,4.770685e+00,6.418365e+00,6.056784e+00,5.521461e+00,6.198479e+00,7.054450e+00,6.815640e+00,6.317165e+00,7.011214e+00
7.051856e+00,6.459904e+00,6.749931e+00,6.884487e+00,5.673323e+00,6.573680e+00,7.213768e+00,6.654153e+00,6.703188e+00,6.272877e+00,5.159055e+00,6.480045e+00,6.122493e+00,5.497168e+00,6.198479e+00,7.041412e+00,6.995766e+00,6.533789e+00,7.038784e+00
7.133296e+00,6.459904e+00,6.749931e+00,6.809039e+00,5.869297e+00,6.584791e+00,7.169350e+00,6.727432e+00,6.675823e+00,6.272877e+00,5.262690e+00,6.715383e+00,6.122493e+00,5.652489e+00,6.198479e+00,7.092574e+00,7.004882e+00,6.558198e+00,7.038784e+00
7.171657e+00,6.440947e+00,6.767343e+00,6.809039e+00,5.831882e+00,6.593045e+00,7.174724e+00,6.727432e+00,6.674561e+00,6.298949e+00,5.942799e+00,6.735780e+00,6.122493e+00,5.910797e+00,6.198479e+00,7.224025e+00,6.967909e+00,6.700731e+00,7.090077e+00
7.142037e+00,6.529419e+00,6.556778e+00,6.981935e+00,5.762051e+00,6.616065e+00,7.117206e+00,6.817831e+00,6.672033e+00,6.308098e+00,6.445720e+00,6.735780e+00,6.122493e+00,5.988961e+00,6.200509e+00,7.257708e+00,6.853299e+00,6.731018e+00,6.947937e+00
7.081709e+00,6.532334e+00,6.536692e+00,7.050123e+00,5.799093e+00,6.616065e+00,6.973543e+00,6.983790e+00,6.582025e+00,6.086775e+00,6.411818e+00,6.735780e+00,6.122493e+00,5.988961e+00,6.161207e+00,7.177019e+00,6.852243e+00,6.800170e+00,6.835185e+00
7.136483e+00,6.159095e+00,6.806829e+00,7.037028e+00,5.843544e+00,6.616065e+00,6.946976e+00,6.976348e+00,6.614726e+00,6.073045e+00,6.418365e+00,6.735780e+00,6.232448e+00,6.016157e+00,6.218600e+00,7.123673e+00,6.900731e+00,6.801283e+00,6.828712e+00
6.994850e+00,6.526495e+00,6.806829e+00,7.037028e+00,5.843544e+00,6.616065e+00,6.896694e+00,6.991177e+00,6.659294e+00,6.061457e+00,6.517671e+00,6.735780e+00,6.238325e+00,6.175867e+00,6.244167e+00,7.148346e+00,6.900731e+00,6.801283e+00,6.875232e+00
6.940222e+00,6.608001e+00,6.806829e+00,6.820016e+00,6.340359e+00,6.616065e+00,6.851185e+00,6.824374e+00,6.898715e+00,6.040255e+00,6.525030e+00,6.735780e+00,6.249975e+00,6.440947e+00,6.244167e+00,7.015712e+00,6.690842e+00,6.801283e+00,6.875232e+00
6.970730e+00,6.630683e+00,6.761573e+00,6.768493e+00,6.481577e+00,6.572283e+00,6.884487e+00,6.821107e+00,6.901737e+00,6.040255e+00,6.525030e+00,6.735780e+00,6.285998e+00,6.248043e+00,6.244167e+00,6.999422e+00,6.886532e+00,6.838405e+00,6.822197e+00
6.970730e+00,6.569481e+00,6.778785e+00,6.796824e+00,6.489205e+00,6.393591e+00,6.997596e+00,6.821107e+00,6.885510e+00,6.052089e+00,6.526495e+00,6.736967e+00,6.311735e+00,6.248043e+00,6.244167e+00,6.974479e+00,7.012115e+00,6.852243e+00,6.816736e+00
6.970730e+00,6.569481e+00,6.778785e+00,6.796824e+00,6.489205e+00,6.361302e+00,7.013915e+00,6.740519e+00,6.955593e+00,6.165418e+00,6.526495e+00,6.735780e+00,6.311735e+00,6.249975e+00,6.242223e+00,6.946014e+00,7.103322e+00,6.854355e+00,6.864848e+00
6.970730e+00,6.569481e+00,6.773080e+00,6.802395e+00,6.489205e+00,6.361302e+00,7.013915e+00,6.556778e+00,6.990257e+00,6.102559e+00,6.526495e+00,6.236370e+00,6.040255e+00,6.196444e+00,5.765191e+00,6.941190e+00,7.107425e+00,6.858565e+00,6.883463e+00
6.958448e+00,6.561031e+00,6.719013e+00,6.874198e+00,6.489205e+00,6.276643e+00,7.054450e+00,6.137727e+00,7.173192e+00,6.100319e+00,6.526495e+00,5.986452e+00,6.025866e+00,6.196444e+00,5.820083e+00,6.934397e+00,7.107425e+00,6.858565e+00,6.888572e+00
6.475433e+00,6.963190e+00,6.776507e+00,6.878326e+00,6.489205e+00,6.276643e+00,7.010312e+00,6.240276e+00,7.125283e+00,6.100319e+00,6.526495e+00,5.908083e+00,6.052089e+00,6.196444e+00,5.828946e+00,6.932448e+00,7.099202e+00,6.858565e+00,6.431331e+00
6.040255e+00,7.156956e+00,6.779922e+00,6.783325e+00,6.614726e+00,6.255750e+00,6.821107e+00,6.572283e+00,7.122867e+00,6.100319e+00,6.526495e+00,5.908083e+00,6.122493e+00,6.196444e+00,5.828946e+00,6.803505e+00,7.099202e+00,6.858565e+00,6.499787e+00
6.059123e+00,7.156956e+00,6.779922e+00,6.783325e+00,6.614726e+00,6.244167e+00,6.747587e+00,6.666957e+00,7.090077e+00,6.100319e+00,6.526495e+00,5.905362e+00,6.169611e+00,6.196444e+00,5.913503e+00,6.806829e+00,7.138073e+00,6.858565e+00,6.350886e+00
6.196444e+00,7.150701e+00,6.788972e+00,6.690842e+00,6.714171e+00,6.115892e+00,6.788972e+00,6.699500e+00,7.089243e+00,6.100319e+00,6.522093e+00,5.758902e+00,6.313548e+00,6.196444e+00,6.206576e+00,6.710523e+00,7.141245e+00,6.771936e+00,6.331502e+00
6.196444e+00,7.149917e+00,6.767343e+00,6.694562e+00,6.734592e+00,5.886104e+00,6.835185e+00,6.760415e+00,7.043160e+00,6.122493e+00,6.522093e+00,5.616771e+00,6.436150e+00,6.196444e+00,6.309918e+00,6.664409e+00,6.983790e+00,6.771936e+00,6.359574e+00
6.196444e+00,7.145196e+00,6.762730e+00,6.639876e+00,6.728629e+00,5.971262e+00,6.831954e+00,6.793466e+00,7.026427e+00,5.937536e+00,6.484635e+00,5.634790e+00,6.469250e+00,6.196444e+00,6.364751e+00,6.708084e+00,7.056175e+00,6.711740e+00,6.386879e+00
6.196444e+00,7.145196e+00,6.761573e+00,6.641182e+00,6.697034e+00,6.035481e+00,6.698268e+00,6.915723e+00,7.026427e+00,5.886104e+00,6.572283e+00,5.777652e+00,6.426488e+00,6.196444e+00,6.364751e+00,6.708084e+00,7.068172e+00,6.711740e+00,6.386879e+00
6.196444e+00,7.112327e+00,6.732211e+00,6.723832e+00,6.690842e+00,6.047372e+00,6.685861e+00,6.925595e+00,7.022868e+00,5.886104e+00,6.616065e+00,5.948035e+00,6.629363e+00,6.196444e+00,6.390241e+00,6.293419e+00,7.044905e+00,6.726233e+00,6.386879e+00
6.234411e+00,7.097549e+00,6.699500e+00,6.709304e+00,6.740519e+00,6.079933e+00,6.688355e+00,6.925595e+00,7.010312e+00,5.924256e+00,6.622736e+00,6.049733e+00,6.614726e+00,6.196444e+00,6.555357e+00,6.315358e+00,7.010312e+00,6.673298e+00,6.388561e+00
6.234411e+00,7.097549e+00,6.695799e+00,6.710523e+00,6.742881e+00,5.937536e+00,6.753438e+00,6.929517e+00,6.929517e+00,5.926926e+00,6.664409e+00,6.167516e+00,6.610696e+00,6.196444e+00,6.856462e+00,6.313548e+00,7.010312e+00,6.720220e+00,6.478510e+00
6.236370e+00,6.999422e+00,6.826545e+00,6.710523e+00,6.742881e+00,5.934894e+00,6.715383e+00,6.961296e+00,6.804615e+00,5.926926e+00,6.839476e+00,6.175867e+00,6.584791e+00,6.129050e+00,6.769642e+00,6.393591e+00,7.036148e+00,6.679599e+00,6.771936e+00
6.244167e+00,7.003065e+00,6.826545e+00,6.675823e+00,6.775366e+00,5.802118e+00,6.545350e+00,7.115582e+00,6.771936e+00,5.926926e+00,6.902743e+00,6.175867e+00,6.466145e+00,6.115892e+00,6.807935e+00,6.423247e+00,7.036148e+00,6.841615e+00,7.079184e+00
6.244167e+00,6.985642e+00,6.846943e+00,6.675823e+00,6.775366e+00,5.802118e+00,6.511745e+00,7.134094e+00,6.763885e+00,5.762051e+00,6.897705e+00,6.180017e+00,6.458338e+00,6.115892e+00,7.136483e+00,6.423247e+00,7.044905e+00,6.850126e+00,7.210080e+00
6.244167e+00,6.983790e+00,6.849066e+00,6.675823e+00,6.767343e+00,5.786897e+00,6.529419e+00,7.116394e+00,6.784457e+00,5.762051e+00,6.884487e+00,6.165418e+00,6.393591e+00,6.115892e+00,7.244228e+00,6.423247e+00,7.044905e+00,6.834109e+00,7.256297e+00
6.520621e+00,6.983790e+00,6.769642e+00,6.432940e+00,7.011214e+00,5.771441e+00,6.513230e+00,7.131699e+00,6.721426e+00,5.762051e+00,6.876265e+00,6.165418e+00,6.572283e+00,6.115892e+00,7.259116e+00,6.270988e+00,7.032624e+00,6.765039e+00,7.275865e+00
6.525030e+00,6.983790e+00,6.539586e+00,6.685861e+00,7.003065e+00,5.799093e+00,6.513230e+00,7.131699e+00,6.652863e+00,5.017280e+00,6.883463e+00,6.142037e+00,6.569481e+00,6.159095e+00,7.252054e+00,6.272877e+00,7.037028e+00,6.749931e+00,7.475906e+00
6.553933e+00,6.983790e+00,6.459904e+00,6.749931e+00,6.968850e+00,5.905362e+00,6.505784e+00,7.135687e+00,6.652863e+00,5.940171e+00,6.884487e+00,6.120297e+00,6.624065e+00,6.154858e+00,7.252762e+00,6.272877e+00,6.846943e+00,6.712956e+00,7.492760e+00
6.633318e+00,6.983790e+00,6.459904e+00,6.749931e+00,6.950815e+00,5.955837e+00,6.393591e+00,7.190676e+00,6.637258e+00,5.863631e+00,6.867974e+00,6.082219e+00,6.624065e+00,6.248043e+00,7.253470e+00,6.204558e+00,7.001246e+00,6.617403e+00,7.524561e+00
6.598509e+00,7.051856e+00,6.459904e+00,6.749931e+00,6.884487e+00,5.673323e+00,6.573680e+00,7.213768e+00,6.654153e+00,5.863631e+00,6.833032e+00,6.200509e+00,6.543912e+00,6.555357e+00,7.255591e+00,6.251904e+00,6.858565e+00,6.426488e+00,7.616284e+00
6.535241e+00,7.133296e+00,6.459904e+00,6.749931e+00,6.809039e+00,5.869297e+00,6.584791e+00,7.169350e+00,6.727432e+00,5.863631e+00,6.831954e+00,5.823046e+00,6.569481e+00,6.508769e+00,7.289611e+00,6.095825e+00,6.985642e+00,6.418365e+00,7.663877e+00
6.456770e+00,7.171657e+00,6.440947e+00,6.767343e+00,6.809039e+00,5.831882e+00,6.593045e+00,7.174724e+00,6.727432e+00,5.823046e+00,6.605298e+00,5.996452e+00,6.641182e+00,6.472346e+00,7.409136e+00,5.616771e+00,6.978214e+00,6.579251e+00,7.643962e+00
6.415097e+00,7.142037e+00,6.529419e+00,6.556778e+00,6.981935e+00,5.762051e+00,6.616065e+00,7.117206e+00,6.817831e+00,5.808142e+00,6.194405e+00,6.154858e+00,6.732211e+00,6.461468e+00,7.439559e+00,5.429346e+00,7.028201e+00,6.545350e+00,7.643004e+00
6.411818e+00,7.081709e+00,6.532334e+00,6.536692e+00,7.050123e+00,5.799093e+00,6.616065e+00,6.973543e+00,6.983790e+00,5.808142e+00,6.192362e+00,6.257668e+00,6.742881e+00,6.461468e+00,7.450080e+00,5.424950e+00,7.033506e+00,6.455199e+00,7.644441e+00
6.295266e+00,7.136483e+00,6.159095e+00,6.806829e+00,7.037028e+00,5.843544e+00,6.616065e+00,6.946976e+00,6.976348e+00,5.808142e+00,6.184149e+00,6.304449e+00,6.678342e+00,6.444131e+00,7.418181e+00,5.416100e+00,7.094235e+00,6.496775e+00,7.644441e+00
6.224558e+00,6.994850e+00,6.526495e+00,6.806829e+00,7.037028e+00,5.843544e+00,6.616065e+00,6.896694e+00,6.991177e+00,6.006353e+00,6.042633e+00,6.304449e+00,6.726233e+00,6.324359e+00,7.447751e+00,5.509388e+00,7.163947e+00,6.502790e+00,7.604894e+00
6.226537e+00,6.940222e+00,6.608001e+00,6.806829e+00,6.820016e+00,6.340359e+00,6.616065e+00,6.851185e+00,6.824374e+00,6.013715e+00,6.030685e+00,6.313548e+00,6.719013e+00,5.998937e+00,7.461066e+00,5.874931e+00,7.237778e+00,6.502790e+00,7.604894e+00
6.124683e+00,6.970730e+00,6.630683e+00,6.761573e+00,6.768493e+00,6.481577e+00,6.572283e+00,6.884487e+00,6.821107e+00,6.232448e+00,6.047372e+00,6.313548e+00,6.697034e+00,5.902633e+00,7.526718e+00,6.218600e+00,7.147559e+00,6.455199e+00,7.619724e+00
6.343880e+00,6.970730e+00,6.569481e+00,6.778785e+00,6.796824e+00,6.489205e+00,6.393591e+00,6.997596e+00,6.821107e+00,6.421622e+00,6.045005e+00,6.329721e+00,6.735780e+00,5.902633e+00,7.542213e+00,6.224558e+00,7.057037e+00,6.487684e+00,7.634821e+00
6.426488e+00,6.970730e+00,6.569481e+00,6.778785e+00,6.796824e+00,6.489205e+00,6.361302e+00,7.013915e+00,6.740519e+00,6.383507e+00,6.045005e+00,6.329721e+00,6.747587e+00,5.899897e+00,7.636752e+00,6.224558e+00,6.961296e+00,6.517671e+00,7.609367e+00
6.504288e+00,6.970730e+00,6.569481e+00,6.773080e+00,6.802395e+00,6.489205e+00,6.361302e+00,7.013915e+00,6.556778e+00,6.436150e+00,6.184149e+00,6.333280e+00,6.747587e+00,5.894403e+00,7.644441e+00,6.222576e+00,6.956545e+00,6.538140e+00,7.586296e+00
6.513230e+00,6.958448e+00,6.561031e+00,6.719013e+00,6.874198e+00,6.489205e+00,6.276643e+00,7.054450e+00,6.137727e+00,6.436150e+00,6.184149e+00,6.350886e+00,6.749931e+00,5.942799e+00,7.636270e+00,6.267201e+00,7.085901e+00,6.538140e+00,7.583248e+00
6.513230e+00,6.475433e+00,6.963190e+00,6.776507e+00,6.878326e+00,6.489205e+00,6.276643e+00,7.010312e+00,6.240276e+00,6.522093e+00,6.336826e+00,6.350886e+00,6.736967e+00,5.942799e+00,7.654917e+00,6.267201e+00,7.128496e+00,6.538140e+00,7.583756e+00
6.513230e+00,6.040255e+00,7.156956e+00,6.779922e+00,6.783325e+00,6.614726e+00,6.255750e+00,6.821107e+00,6.572283e+00,6.536692e+00,6.363028e+00,6.350886e+00,6.698268e+00,6.035481e+00,7.667626e+00,6.253829e+00,7.132498e+00,6.541030e+00,7.570443e+00
6.507278e+00,6.059123e+00,7.156956e+00,6.779922e+00,6.783325e+00,6.614726e+00,6.244167e+00,6.747587e+00,6.666957e+00,6.536692e+00,6.363028e+00,6.472346e+00,6.670766e+00,6.035481e+00,7.675082e+00,6.244167e+00,7.115582e+00,6.541030e+00,7.578657e+00
6.452049e+00,6.196444e+00,7.150701e+00,6.788972e+00,6.690842e+00,6.714171e+00,6.115892e+00,6.788972e+00,6.699500e+00,6.536692e+00,6.442540e+00,6.499787e+00,6.572283e+00,6.206576e+00,7.662468e+00,6.244167e+00,7.111512e+00,6.548219e+00,7.593878e+00
6.452049e+00,6.196444e+00,7.149917e+00,6.767343e+00,6.694562e+00,6.734592e+00,5.886104e+00,6.835185e+00,6.760415e+00,6.522093e+00,6.455199e+00,6.522093e+00,6.478510e+00,6.318968e+00,7.640123e+00,6.244167e+00,7.118826e+00,6.551080e+00,7.578145e+00
6.461468e+00,6.196444e+00,7.145196e+00,6.762730e+00,6.639876e+00,6.728629e+00,5.971262e+00,6.831954e+00,6.793466e+00,6.522093e+00,6.543912e+00,6.514713e+00,6.609349e+00,6.329721e+00,7.625107e+00,6.173786e+00,7.040536e+00,6.551080e+00,7.569928e+00
6.464588e+00,6.196444e+00,7.145196e+00,6.761573e+00,6.641182e+00,6.697034e+00,6.035481e+00,6.698268e+00,6.915723e+00,6.716595e+00,6.546785e+00,6.448889e+00,6.597146e+00,6.333280e+00,7.625107e+00,6.173786e+00,7.055313e+00,6.558198e+00,7.570443e+00
6.473891e+00,6.196444e+00,7.112327e+00,6.732211e+00,6.723832e+00,6.690842e+00,6.047372e+00,6.685861e+00,6.925595e+00,6.723832e+00,6.630683e+00,6.349139e+00,6.386879e+00,6.333280e+00,7.617760e+00,6.171701e+00,7.066467e+00,6.545350e+00,7.570443e+00
6.487684e+00,6.234411e+00,7.097549e+00,6.699500e+00,6.709304e+00,6.740519e+00,6.079933e+00,6.688355e+00,6.925595e+00,6.752270e+00,6.661855e+00,6.289716e+00,6.408529e+00,6.333280e+00,7.592870e+00,6.142037e+00,7.124478e+00,6.545350e+00,7.569928e+00
6.579251e+00,6.234411e+00,7.097549e+00,6.695799e+00,6.710523e+00,6.742881e+00,5.937536e+00,6.753438e+00,6.929517e+00,6.751101e+00,6.654153e+00,6.186209e+00,6.428105e+00,6.336826e+00,7.462789e+00,6.282267e+00,7.210818e+00,6.419995e+00,7.540622e+00
6.591674e+00,6.236370e+00,6.999422e+00,6.826545e+00,6.710523e+00,6.742881e+00,5.934894e+00,6.715383e+00,6.961296e+00,6.771936e+00,6.785588e+00,6.177944e+00,6.444131e+00,6.383507e+00,7.456455e+00,6.202536e+00,7.290975e+00,6.419995e+00,7.415175e+00
6.602588e+00,6.244167e+00,7.003065e+00,6.826545e+00,6.675823e+00,6.775366e+00,5.802118e+00,6.545350e+00,7.115582e+00,6.771936e+00,6.746412e+00,6.253829e+00,6.383507e+00,6.383507e+00,7.436617e+00,6.238325e+00,7.290975e+00,6.152733e+00,7.205635e+00
6.602588e+00,6.244167e+00,6.985642e+00,6.846943e+00,6.675823e+00,6.775366e+00,5.802118e+00,6.511745e+00,7.134094e+00,6.794587e+00,6.831954e+00,6.249975e+00,6.383507e+00,6.436150e+00,7.248504e+00,6.311735e+00,7.346010e+00,6.150603e+00,7.074117e+00
6.602588e+00,6.244167e+00,6.983790e+00,6.849066e+00,6.675823e+00,6.767343e+00,5.786897e+00,6.529419e+00,7.116394e+00,6.842683e+00,6.834109e+00,6.295266e+00,6.423247e+00,6.511745e+00,7.113142e+00,6.415097e+00,7.387709e+00,6.150603e+00,7.074963e+00
6.350886e+00,6.520621e+00,6.983790e+00,6.769642e+00,6.432940e+00,7.011214e+00,5.771441e+00,6.513230e+00,7.131699e+00,6.852243e+00,6.834109e+00,6.343880e+00,6.212606e+00,6.575076e+00,7.023759e+00,6.447306e+00,7.408531e+00,6.175867e+00,7.037906e+00
6.345636e+00,6.525030e+00,6.983790e+00,6.539586e+00,6.685861e+00,7.003065e+00,5.799093e+00,6.513230e+00,7.131699e+00,6.852243e+00,6.853299e+00,6.385194e+00,6.175867e+00,6.543912e+00,7.031741e+00,6.447306e+00,7.404279e+00,6.175867e+00,6.639876e+00
6.309918e+00,6.553933e+00,6.983790e+00,6.459904e+00,6.749931e+00,6.968850e+00,5.905362e+00,6.505784e+00,7.135687e+00,6.573680e+00,6.852243e+00,6.385194e+00,6.086775e+00,6.522093e+00,7.039660e+00,6.569481e+00,7.403670e+00,6.175867e+00,6.526495e+00
6.267201e+00,6.633318e+00,6.983790e+00,6.459904e+00,6.749931e+00,6.950815e+00,5.955837e+00,6.393591e+00,7.190676e+00,6.561031e+00,6.853299e+00,6.385194e+00,6.082219e+00,6.519147e+00,7.042286e+00,6.679599e+00,7.301822e+00,6.023448e+00,6.436150e+00
6.315358e+00,6.598509e+00,7.051856e+00,6.459904e+00,6.749931e+00,6.884487e+00,5.673323e+00,6.573680e+00,7.213768e+00,6.716595e+00,6.828712e+00,6.212606e+00,6.124683e+00,6.216606e+00,7.097549e+00,6.669498e+00,7.315218e+00,6.028279e+00,6.028279e+00
6.230481e+00,6.535241e+00,7.133296e+00,6.459904e+00,6.749931e+00,6.809039e+00,5.869297e+00,6.584791e+00,7.169350e+00,7.054450e+00,6.809039e+00,6.408529e+00,6.113682e+00,6.198479e+00,7.080026e+00,6.685861e+00,7.250636e+00,6.025866e+00,5.755742e+00
6.329721e+00,6.456770e+00,7.171657e+00,6.440947e+00,6.767343e+00,6.809039e+00,5.831882e+00,6.593045e+00,7.174724e+00,7.107425e+00,6.900731e+00,6.428105e+00,5.988961e+00,6.068426e+00,6.912743e+00,6.699500e+00,7.211557e+00,5.398163e+00,5.690359e+00
6.483107e+00,6.415097e+00,7.142037e+00,6.529419e+00,6.556778e+00,6.981935e+00,5.762051e+00,6.616065e+00,7.117206e+00,7.132498e+00,7.007601e+00,6.501290e+00,5.786897e+00,6.013715e+00,6.859615e+00,6.752270e+00,7.172425e+00,5.420535e+00,5.613128e+00
6.656727e+00,6.411818e+00,7.081709e+00,6.532334e+00,6.536692e+00,7.050123e+00,5.799093e+00,6.616065e+00,6.973543e+00,7.146772e+00,7.022868e+00,6.508769e+00,5.758902e+00,6.013715e+00,6.840547e+00,6.800170e+00,7.167809e+00,5.420535e+00,5.680173e+00
6.742881e+00,6.295266e+00,7.136483e+00,6.159095e+00,6.806829e+00,7.037028e+00,5.843544e+00,6.616065e+00,6.946976e+00,7.224753e+00,7.028201e+00,6.504288e+00,5.758902e+00,6.013715e+00,6.840547e+00,6.800170e+00,7.113142e+00,5.298317e+00,5.680173e+00
6.735780e+00,6.224558e+00,6.994850e+00,6.526495e+00,6.806829e+00,7.037028e+00,5.843544e+00,6.616065e+00,6.896694e+00,7.246368e+00,7.086738e+00,6.504288e+00,5.616771e+00,6.013715e+00,6.770789e+00,6.738152e+00,7.126087e+00,5.505332e+00,5.673323e+00
6.734592e+00,6.226537e+00,6.940222e+00,6.608001e+00,6.806829e+00,6.820016e+00,6.340359e+00,6.616065e+00,6.851185e+00,7.280697e+00,7.153834e+00,6.549651e+00,5.616771e+00,6.013715e+00,6.744059e+00,6.572283e+00,7.059618e+00,5.556828e+00,5.673323e+00
6.749931e+00,6.124683e+00,6.970730e+00,6.630683e+00,6.761573e+00,6.768493e+00,6.481577e+00,6.572283e+00,6.884487e+00,7.313220e+00,7.153052e+00,6.549651e+00,5.613128e+00,6.013715e+00,6.594413e+00,6.331502e+00,7.012115e+00,5.743003e+00,5.638355e+00
6.610696e+00,6.343880e+00,6.970730e+00,6.569481e+00,6.778785e+00,6.796824e+00,6.489205e+00,6.393591e+00,6.997596e+00,7.252762e+00,7.153052e+00,6.535241e+00,5.429346e+00,6.013715e+00,6.553933e+00,6.326149e+00,7.124478e+00,5.673323e+00,5.541264e+00
6.542472e+00,6.426488e+00,6.970730e+00,6.569481e+00,6.778785e+00,6.796824e+00,6.489205e+00,6.361302e+00,7.013915e+00,7.239933e+00,7.185387e+00,6.535241e+00,5.384495e+00,6.028279e+00,6.244167e+00,6.326149e+00,7.151485e+00,6.040255e+00,5.631212e+00
6.467699e+00,6.504288e+00,6.970730e+00,6.569481e+00,6.773080e+00,6.802395e+00,6.489205e+00,6.361302e+00,7.013915e+00,7.216709e+00,7.163947e+00,6.532334e+00,5.384495e+00,6.070738e+00,6.222576e+00,6.326149e+00,7.162397e+00,6.543912e+00,5.799093e+00
6.455199e+00,6.513230e+00,6.958448e+00,6.561031e+00,6.719013e+00,6.874198e+00,6.489205e+00,6.276643e+00,7.054450e+00,7.216709e+00,7.164720e+00,6.517671e+00,5.375278e+00,6.308098e+00,6.222576e+00,6.284134e+00,7.074117e+00,6.704414e+00,5.837730e+00
6.463029e+00,6.513230e+00,6.475433e+00,6.963190e+00,6.776507e+00,6.878326e+00,6.489205e+00,6.276643e+00,7.010312e+00,7.174724e+00,7.100852e+00,6.517671e+00,5.375278e+00,6.473891e+00,6.150603e+00,6.284134e+00,7.131699e+00,6.741701e+00,5.872118e+00
6.463029e+00,6.513230e+00,6.040255e+00,7.156956e+00,6.779922e+00,6.783325e+00,6.614726e+00,6.255750e+00,6.821107e+00,7.167038e+00,7.088409e+00,6.535241e+00,5.375278e+00,6.416732e+00,6.171701e+00,6.282267e+00,7.141245e+00,6.745236e+00,5.739793e+00
6.456770e+00,6.507278e+00,6.059123e+00,7.156956e+00,6.779922e+00,6.783325e+00,6.614726e+00,6.244167e+00,6.747587e+00,7.167038e+00,7.124478e+00,6.522093e+00,5.605802e+00,6.416732e+00,6.079933e+00,6.282267e+00,7.130099e+00,6.745236e+00,5.686975e+00
6.456770e+00,6.452049e+00,6.196444e+00,7.150701e+00,6.788972e+00,6.690842e+00,6.714171e+00,6.115892e+00,6.788972e+00,7.167038e+00,7.085064e+00,6.502790e+00,5.874931e+00,6.280396e+00,5.823046e+00,6.282267e+00,7.128496e+00,6.761573e+00,5.579730e+00
6.466145e+00,6.452049e+00,6.196444e+00,7.149917e+00,6.767343e+00,6.694562e+00,6.734592e+00,5.886104e+00,6.835185e+00,7.167038e+00,7.078342e+00,6.492240e+00,6.086775e+00,6.163315e+00,5.802118e+00,6.282267e+00,7.147559e+00,6.887553e+00,5.669881e+00
6.464588e+00,6.461468e+00,6.196444e+00,7.145196e+00,6.762730e+00,6.639876e+00,6.728629e+00,5.971262e+00,6.831954e+00,7.167038e+00,7.027315e+00,6.522093e+00,5.840642e+00,6.167516e+00,5.802118e+00,6.285998e+00,7.148346e+00,7.039660e+00,5.945421e+00
6.493754e+00,6.464588e+00,6.196444e+00,7.145196e+00,6.761573e+00,6.641182e+00,6.697034e+00,6.035481e+00,6.698268e+00,7.047517e+00,6.951772e+00,6.522093e+00,5.840642e+00,6.352629e+00,5.958425e+00,6.285998e+00,7.122867e+00,7.035269e+00,5.950643e+00
6.487684e+00,6.473891e+00,6.196444e+00,7.112327e+00,6.732211e+00,6.723832e+00,6.690842e+00,6.047372e+00,6.685861e+00,7.042286e+00,6.853299e+00,6.522093e+00,5.840642e+00,6.375025e+00,6.021023e+00,6.313548e+00,7.112327e+00,7.031741e+00,5.950643e+00
6.445720e+00,6.487684e+00,6.234411e+00,7.097549e+00,6.699500e+00,6.709304e+00,6.740519e+00,6.079933e+00,6.688355e+00,7.008505e+00,6.822197e+00,6.510258e+00,5.846439e+00,6.375025e+00,6.236370e+00,6.335054e+00,7.053586e+00,7.031741e+00,5.953243e+00
6.340359e+00,6.579251e+00,6.234411e+00,7.097549e+00,6.695799e+00,6.710523e+00,6.742881e+00,5.937536e+00,6.753438e+00,7.008505e+00,6.793466e+00,6.510258e+00,5.899897e+00,6.410175e+00,6.232448e+00,6.200509e+00,6.952729e+00,7.037906e+00,5.953243e+00
6.322565e+00,6.591674e+00,6.236370e+00,6.999422e+00,6.826545e+00,6.710523e+00,6.742881e+00,5.934894e+00,6.715383e+00,6.992096e+00,6.450470e+00,6.510258e+00,5.996452e+00,6.364751e+00,6.261492e+00,6.206576e+00,6.805723e+00,7.054450e+00,5.966147e+00
6.293419e+00,6.602588e+00,6.244167e+00,7.003065e+00,6.826545e+00,6.675823e+00,6.775366e+00,5.802118e+00,6.545350e+00,6.992096e+00,6.406880e+00,6.452049e+00,6.037871e+00,6.371612e+00,6.272877e+00,6.304449e+00,6.869014e+00,7.183112e+00,5.973810e+00
6.293419e+00,6.602588e+00,6.244167e+00,6.985642e+00,6.846943e+00,6.675823e+00,6.775366e+00,5.802118e+00,6.511745e+00,6.993933e+00,6.270988e+00,6.464588e+00,6.037871e+00,6.315358e+00,6.349139e+00,6.230481e+00,6.822197e+00,7.298445e+00,6.177944e+00
6.293419e+00,6.602588e+00,6.244167e+00,6.983790e+00,6.849066e+00,6.675823e+00,6.767343e+00,5.786897e+00,6.529419e+00,6.953684e+00,6.267201e+00,6.469250e+00,5.978886e+00,6.376727e+00,6.428105e+00,6.206576e+00,6.784457e+00,7.351800e+00,6.246107e+00
6.293419e+00,6.350886e+00,6.520621e+00,6.983790e+00,6.769642e+00,6.432940e+00,7.011214e+00,5.771441e+00,6.513230e+00,6.946976e+00,6.267201e+00,6.444131e+00,6.018593e+00,6.340359e+00,6.436150e+00,6.411818e+00,6.749931e+00,7.388328e+00,6.259581e+00
6.293419e+00,6.345636e+00,6.525030e+00,6.983790e+00,6.539586e+00,6.685861e+00,7.003065e+00,5.799093e+00,6.513230e+00,7.010312e+00,6.218600e+00,6.406880e+00,6.018593e+00,6.340359e+00,6.630683e+00,6.637258e+00,6.767343e+00,7.390181e+00,6.259581e+00
6.293419e+00,6.309918e+00,6.553933e+00,6.983790e+00,6.459904e+00,6.749931e+00,6.968850e+00,5.905362e+00,6.505784e+00,7.013016e+00,6.440947e+00,6.461468e+00,6.018593e+00,6.336826e+00,6.734592e+00,6.523562e+00,6.767343e+00,7.393263e+00,6.240276e+00
6.253829e+00,6.267201e+00,6.633318e+00,6.983790e+00,6.459904e+00,6.749931e+00,6.950815e+00,5.955837e+00,6.393591e+00,7.010312e+00,6.558198e+00,6.556778e+00,6.070738e+00,6.255750e+00,6.774224e+00,6.393591e+00,6.768493e+00,7.397562e+00,6.238325e+00
6.095825e+00,6.315358e+00,6.598509e+00,7.051856e+00,6.459904e+00,6.749931e+00,6.884487e+00,5.673323e+00,6.573680e+00,6.896694e+00,6.688355e+00,6.580639e+00,6.089045e+00,6.255750e+00,6.954639e+00,6.366470e+00,6.852243e+00,7.398174e+00,6.238325e+00
6.077642e+00,6.230481e+00,6.535241e+00,7.133296e+00,6.459904e+00,6.749931e+00,6.809039e+00,5.869297e+00,6.584791e+00,6.487684e+00,6.723832e+00,6.388561e+00,6.059123e+00,6.257668e+00,7.210818e+00,6.343880e+00,6.844815e+00,7.391415e+00,6.297109e+00
5.948035e+00,6.329721e+00,6.456770e+00,7.171657e+00,6.440947e+00,6.767343e+00,6.809039e+00,5.831882e+00,6.593045e+00,6.413459e+00,6.629363e+00,6.218600e+00,6.070738e+00,6.257668e+00,7.242798e+00,6.324359e+00,6.854355e+00,7.377759e+00,6.380123e+00
5.669881e+00,6.483107e+00,6.415097e+00,7.142037e+00,6.529419e+00,6.556778e+00,6.981935e+00,5.762051e+00,6.616065e+00,6.363028e+00,6.570883e+00,5.955837e+00,6.070738e+00,6.257668e+00,7.334329e+00,6.242223e+00,7.044905e+00,7.421178e+00,6.450470e+00
5.129899e+00,6.656727e+00,6.411818e+00,7.081709e+00,6.532334e+00,6.536692e+00,7.050123e+00,5.799093e+00,6.616065e+00,6.502790e+00,6.561031e+00,5.817111e+00,6.184149e+00,6.287859e+00,7.334329e+00,6.156979e+00,7.237778e+00,7.421178e+00,6.415097e+00
4.595120e+00,6.742881e+00,6.295266e+00,7.136483e+00,6.159095e+00,6.806829e+00,7.037028e+00,5.843544e+00,6.616065e+00,6.376727e+00,6.655440e+00,5.749393e+00,6.184149e+00,6.356108e+00,7.334329e+00,6.156979e+00,7.202661e+00,7.433075e+00,6.415097e+00
4.584967e+00,6.735780e+00,6.224558e+00,6.994850e+00,6.526495e+00,6.806829e+00,7.037028e+00,5.843544e+00,6.616065e+00,6.302619e+00,6.563856e+00,5.749393e+00,6.186209e+00,6.357842e+00,7.334329e+00,6.156979e+00,7.122867e+00,7.403061e+00,6.442540e+00
4.584967e+00,6.734592e+00,6.226537e+00,6.940222e+00,6.608001e+00,6.806829e+00,6.820016e+00,6.340359e+00,6.616065e+00,6.208590e+00,6.556778e+00,5.627621e+00,6.248043e+00,6.492240e+00,7.334329e+00,6.156979e+00,7.107425e+00,7.419381e+00,6.499787e+00
4.442651e+00,6.749931e+00,6.124683e+00,6.970730e+00,6.630683e+00,6.761573e+00,6.768493e+00,6.481577e+00,6.572283e+00,5.963579e+00,6.559615e+00,5.627621e+00,6.248043e+00,6.526495e+00,7.334329e+00,6.156979e+00,7.108244e+00,7.387090e+00,6.522093e+00
4.430817e+00,6.610696e+00,6.343880e+00,6.970730e+00,6.569481e+00,6.778785e+00,6.796824e+00,6.489205e+00,6.393591e+00,5.905362e+00,6.599870e+00,5.627621e+00,6.276643e+00,6.555357e+00,7.334329e+00,6.156979e+00,7.006695e+00,7.379008e+00,6.514713e+00
4.430817e+00,6.542472e+00,6.426488e+00,6.970730e+00,6.569481e+00,6.778785e+00,6.796824e+00,6.489205e+00,6.361302e+00,6.018593e+00,6.594413e+00,5.765191e+00,6.287859e+00,6.803505e+00,7.334329e+00,6.156979e+00,6.975414e+00,7.280008e+00,6.453625e+00
4.430817e+00,6.467699e+00,6.504288e+00,6.970730e+00,6.569481e+00,6.773080e+00,6.802395e+00,6.489205e+00,6.361302e+00,6.063785e+00,6.548219e+00,5.765191e+00,6.359574e+00,6.956545e+00,7.331060e+00,6.156979e+00,6.962243e+00,7.054450e+00,6.378426e+00
4.430817e+00,6.455199e+00,6.513230e+00,6.958448e+00,6.561031e+00,6.719013e+00,6.874198e+00,6.489205e+00,6.276643e+00,6.063785e+00,6.556778e+00,5.765191e+00,6.359574e+00,6.924612e+00,7.331715e+00,6.156979e+00,6.927558e+00,6.944087e+00,6.366470e+00
4.477337e+00,6.463029e+00,6.513230e+00,6.475433e+00,6.963190e+00,6.776507e+00,6.878326e+00,6.489205e+00,6.276643e+00,6.073045e+00,6.568078e+00,5.765191e+00,6.359574e+00,6.892642e+00,7.327123e+00,6.156979e+00,6.800170e+00,6.913737e+00,6.376727e+00
4.477337e+00,6.463029e+00,6.513230e+00,6.040255e+00,7.156956e+00,6.779922e+00,6.783325e+00,6.614726e+00,6.255750e+00,6.104793e+00,6.568078e+00,5.726848e+00,6.359574e+00,6.933423e+00,7.308543e+00,6.228511e+00,6.781058e+00,6.908755e+00,6.383507e+00
4.477337e+00,6.456770e+00,6.507278e+00,6.059123e+00,7.156956e+00,6.779922e+00,6.783325e+00,6.614726e+00,6.244167e+00,6.280396e+00,6.504288e+00,5.509388e+00,6.257668e+00,6.983790e+00,7.305860e+00,6.248043e+00,6.766192e+00,6.908755e+00,6.380123e+00
4.394449e+00,6.456770e+00,6.452049e+00,6.196444e+00,7.150701e+00,6.788972e+00,6.690842e+00,6.714171e+00,6.115892e+00,6.483107e+00,6.614726e+00,5.924256e+00,6.244167e+00,7.019297e+00,7.305860e+00,6.248043e+00,6.769642e+00,6.889591e+00,6.408529e+00
5.572154e+00,6.466145e+00,6.452049e+00,6.196444e+00,7.149917e+00,6.767343e+00,6.694562e+00,6.734592e+00,5.886104e+00,6.526495e+00,6.806829e+00,5.924256e+00,6.240276e+00,7.027315e+00,7.305860e+00,6.248043e+00,6.746412e+00,6.762730e+00,6.366470e+00
5.899897e+00,6.464588e+00,6.461468e+00,6.196444e+00,7.145196e+00,6.762730e+00,6.639876e+00,6.728629e+00,5.971262e+00,6.536692e+00,6.865891e+00,5.869297e+00,6.226537e+00,7.072422e+00,7.324490e+00,6.333280e+00,6.760415e+00,6.558198e+00,6.194405e+00
5.874931e+00,6.493754e+00,6.464588e+00,6.196444e+00,7.145196e+00,6.761573e+00,6.641182e+00,6.697034e+00,6.035481e+00,6.542472e+00,6.921658e+00,5.940171e+00,6.476972e+00,6.990257e+00,7.317212e+00,6.373320e+00,6.766192e+00,6.558198e+00,6.188264e+00
5.869297e+00,6.487684e+00,6.473891e+00,6.196444e+00,7.112327e+00,6.732211e+00,6.723832e+00,6.690842e+00,6.047372e+00,6.617403e+00,6.922644e+00,5.958425e+00,6.476972e+00,6.978214e+00,7.313220e+00,6.350886e+00,6.860664e+00,6.577861e+00,6.188264e+00
5.942799e+00,6.445720e+00,6.487684e+00,6.234411e+00,7.097549e+00,6.699500e+00,6.709304e+00,6.740519e+00,6.079933e+00,6.688355e+00,6.922644e+00,5.958425e+00,6.453625e+00,6.978214e+00,7.224025e+00,6.349139e+00,6.943122e+00,6.588926e+00,6.186209e+00
6.620073e+00,6.340359e+00,6.579251e+00,6.234411e+00,7.097549e+00,6.695799e+00,6.710523e+00,6.742881e+00,5.937536e+00,6.688355e+00,6.922644e+00,5.958425e+00,6.410175e+00,6.956545e+00,7.223296e+00,6.476972e+00,7.024649e+00,6.577861e+00,6.186209e+00
6.620073e+00,6.322565e+00,6.591674e+00,6.236370e+00,6.999422e+00,6.826545e+00,6.710523e+00,6.742881e+00,5.934894e+00,6.703188e+00,6.922644e+00,5.958425e+00,6.331502e+00,6.977281e+00,7.194437e+00,6.552508e+00,7.080026e+00,6.538140e+00,6.186209e+00
6.620073e+00,6.293419e+00,6.602588e+00,6.244167e+00,7.003065e+00,6.826545e+00,6.675823e+00,6.775366e+00,5.802118e+00,6.703188e+00,6.922644e+00,5.968708e+00,6.300786e+00,6.984716e+00,7.183871e+00,6.476972e+00,7.066467e+00,6.234411e+00,6.272877e+00
6.620073e+00,6.293419e+00,6.602588e+00,6.244167e+00,6.985642e+00,6.846943e+00,6.675823e+00,6.775366e+00,5.802118e+00,6.675823e+00,6.922644e+00,5.950643e+00,6.300786e+00,7.004882e+00,7.123673e+00,6.642487e+00,7.090077e+00,5.831882e+00,6.265301e+00
6.620073e+00,6.293419e+00,6.602588e+00,6.244167e+00,6.983790e+00,6.849066e+00,6.675823e+00,6.767343e+00,5.786897e+00,6.674561e+00,6.943122e+00,5.877736e+00,6.300786e+00,6.933423e+00,7.100852e+00,6.655440e+00,7.094235e+00,5.560682e+00,6.159095e+00
6.620073e+00,6.293419e+00,6.350886e+00,6.520621e+00,6.983790e+00,6.769642e+00,6.432940e+00,7.011214e+00,5.771441e+00,6.672033e+00,6.943122e+00,5.846439e+00,6.272877e+00,6.923629e+00,7.153834e+00,6.464588e+00,7.087574e+00,5.293305e+00,6.284134e+00
6.620073e+00,6.293419e+00,6.345636e+00,6.525030e+00,6.983790e+00,6.539586e+00,6.685861e+00,7.003065e+00,5.799093e+00,6.582025e+00,6.946014e+00,5.843544e+00,6.269096e+00,6.924612e+00,7.048386e+00,6.188264e+00,7.074963e+00,5.648974e+00,6.284134e+00
6.620073e+00,6.293419e+00,6.309918e+00,6.553933e+00,6.983790e+00,6.459904e+00,6.749931e+00,6.968850e+00,5.905362e+00,6.614726e+00,6.817831e+00,5.739793e+00,6.272877e+00,6.924612e+00,6.964136e+00,6.188264e+00,7.074963e+00,5.680173e+00,6.284134e+00
6.601230e+00,6.253829e+00,6.267201e+00,6.633318e+00,6.983790e+00,6.459904e+00,6.749931e+00,6.950815e+00,5.955837e+00,6.659294e+00,6.728629e+00,5.509388e+00,6.263398e+00,6.955593e+00,6.927558e+00,6.194405e+00,7.074117e+00,5.655992e+00,6.284134e+00
6.601230e+00,6.095825e+00,6.315358e+00,6.598509e+00,7.051856e+00,6.459904e+00,6.749931e+00,6.884487e+00,5.673323e+00,6.898715e+00,6.603944e+00,5.438079e+00,6.214608e+00,6.994850e+00,6.661855e+00,6.196444e+00,6.957497e+00,5.631212e+00,6.284134e+00
6.638568e+00,6.077642e+00,6.230481e+00,6.535241e+00,7.133296e+00,6.459904e+00,6.749931e+00,6.809039e+00,5.869297e+00,6.901737e+00,6.563856e+00,5.438079e+00,6.246107e+00,6.994850e+00,6.309918e+00,6.196444e+00,6.943122e+00,5.686975e+00,6.224558e+00
6.647688e+00,5.948035e+00,6.329721e+00,6.456770e+00,7.171657e+00,6.440947e+00,6.767343e+00,6.809039e+00,5.831882e+00,6.885510e+00,6.546785e+00,5.438079e+00,6.240276e+00,6.994850e+00,6.335054e+00,6.196444e+00,6.995766e+00,5.686975e+00,6.126869e+00
6.656727e+00,5.669881e+00,6.483107e+00,6.415097e+00,7.142037e+00,6.529419e+00,6.556778e+00,6.981935e+00,5.762051e+00,6.955593e+00,6.442540e+00,5.438079e+00,6.240276e+00,6.994850e+00,6.079933e+00,6.204558e+00,6.906755e+00,5.389072e+00,6.082219e+00
6.652863e+00,5.129899e+00,6.656727e+00,6.411818e+00,7.081709e+00,6.532334e+00,6.536692e+00,7.050123e+00,5.799093e+00,6.990257e+00,6.432940e+00,5.411646e+00,6.133398e+00,6.980076e+00,6.082219e+00,6.293419e+00,6.732211e+00,5.389072e+00,6.148468e+00
6.652863e+00,4.595120e+00,6.742881e+00,6.295266e+00,7.136483e+00,6.159095e+00,6.806829e+00,7.037028e+00,5.843544e+00,7.173192e+00,6.381816e+00,5.411646e+00,6.133398e+00,6.948897e+00,6.082219e+00,6.302619e+00,6.810142e+00,5.393628e+00,6.251904e+00
6.666957e+00,4.584967e+00,6.735780e+00,6.224558e+00,6.994850e+00,6.526495e+00,6.806829e+00,7.037028e+00,5.843544e+00,7.125283e+00,6.398595e+00,5.416100e+00,6.131226e+00,6.986566e+00,6.093570e+00,6.383507e+00,6.862758e+00,5.513429e+00,6.308098e+00
6.666957e+00,4.584967e+00,6.734592e+00,6.226537e+00,6.940222e+00,6.608001e+00,6.806829e+00,6.820016e+00,6.340359e+00,7.122867e+00,6.561031e+00,5.505332e+00,6.061457e+00,6.965080e+00,6.098074e+00,6.408529e+00,6.892642e+00,5.707110e+00,6.242223e+00
6.788972e+00,4.442651e+00,6.749931e+00,6.124683e+00,6.970730e+00,6.630683e+00,6.761573e+00,6.768493e+00,6.481577e+00,7.090077e+00,6.559615e+00,5.552960e+00,6.061457e+00,6.943122e+00,6.098074e+00,6.768493e+00,6.894670e+00,5.710427e+00,6.144186e+00
6.948897e+00,4.430817e+00,6.610696e+00,6.343880e+00,6.970730e+00,6.569481e+00,6.778785e+00,6.796824e+00,6.489205e+00,7.089243e+00,6.556778e+00,5.598422e+00,6.171701e+00,6.928538e+00,6.098074e+00,6.829794e+00,6.858565e+00,5.963579e+00,6.144186e+00
6.968850e+00,4.430817e+00,6.542472e+00,6.426488e+00,6.970730e+00,6.569481e+00,6.778785e+00,6.796824e+00,6.489205e+00,7.043160e+00,6.685861e+00,5.433722e+00,6.249975e+00,6.705639e+00,6.098074e+00,6.887553e+00,6.858565e+00,5.963579e+00,6.146329e+00
6.987490e+00,4.430817e+00,6.467699e+00,6.504288e+00,6.970730e+00,6.569481e+00,6.773080e+00,6.802395e+00,6.489205e+00,7.026427e+00,6.817831e+00,5.476464e+00,6.385194e+00,6.476972e+00,6.098074e+00,6.919684e+00,7.042286e+00,6.018593e+00,6.135565e+00
6.990257e+00,4.430817e+00,6.455199e+00,6.513230e+00,6.958448e+00,6.561031e+00,6.719013e+00,6.874198e+00,6.489205e+00,7.026427e+00,6.835185e+00,5.476464e+00,6.587550e+00,6.308098e+00,6.093570e+00,7.100027e+00,7.044905e+00,6.070738e+00,6.122493e+00
6.981935e+00,4.477337e+00,6.463029e+00,6.513230e+00,6.475433e+00,6.963190e+00,6.776507e+00,6.878326e+00,6.489205e+00,7.022868e+00,6.971669e+00,5.480639e+00,6.613384e+00,6.177944e+00,6.093570e+00,7.103322e+00,7.044905e+00,6.093570e+00,6.079933e+00
6.984716e+00,4.477337e+00,6.463029e+00,6.513230e+00,6.040255e+00,7.156956e+00,6.779922e+00,6.783325e+00,6.614726e+00,7.010312e+00,6.971669e+00,6.066108e+00,6.614726e+00,6.086775e+00,6.073045e+00,7.074117e+00,7.044905e+00,6.236370e+00,6.073045e+00
7.045777e+00,4.477337e+00,6.456770e+00,6.507278e+00,6.059123e+00,7.156956e+00,6.779922e+00,6.783325e+00,6.614726e+00,6.929517e+00,6.971669e+00,6.095825e+00,6.614726e+00,5.958425e+00,6.073045e+00,7.065613e+00,7.053586e+00,6.366470e+00,6.084499e+00
7.037906e+00,4.394449e+00,6.456770e+00,6.452049e+00,6.196444e+00,7.150701e+00,6.788972e+00,6.690842e+00,6.714171e+00,6.804615e+00,6.895683e+00,5.826000e+00,6.501290e+00,5.852202e+00,6.073045e+00,7.065613e+00,7.050989e+00,6.369901e+00,6.054439e+00
6.857514e+00,5.572154e+00,6.466145e+00,6.452049e+00,6.196444e+00,7.149917e+00,6.767343e+00,6.694562e+00,6.734592e+00,6.771936e+00,6.721426e+00,6.056784e+00,6.405228e+00,5.826000e+00,6.073045e+00,7.099202e+00,7.039660e+00,6.551080e+00,6.124683e+00
6.742881e+00,5.899897e+00,6.464588e+00,6.461468e+00,6.196444e+00,7.145196e+00,6.762730e+00,6.639876e+00,6.728629e+00,6.763885e+00,6.652863e+00,6.070738e+00,6.411818e+00,5.631212e+00,6.006353e+00,7.150701e+00,7.028201e+00,6.565265e+00,6.236370e+00
6.729824e+00,5.874931e+00,6.493754e+00,6.464588e+00,6.196444e+00,7.145196e+00,6.761573e+00,6.641182e+00,6.697034e+00,6.784457e+00,6.579251e+00,6.033086e+00,6.265301e+00,5.609472e+00,5.888878e+00,7.231287e+00,7.023759e+00,6.565265e+00,6.364751e+00
6.729824e+00,5.869297e+00,6.487684e+00,6.473891e+00,6.196444e+00,7.112327e+00,6.732211e+00,6.723832e+00,6.690842e+00,6.721426e+00,6.595781e+00,6.100319e+00,6.324359e+00,5.609472e+00,5.834811e+00,7.229839e+00,6.957497e+00,6.545350e+00,6.461468e+00
6.727432e+00,5.942799e+00,6.445720e+00,6.487684e+00,6.234411e+00,7.097549e+00,6.699500e+00,6.709304e+00,6.740519e+00,6.652863e+00,6.595781e+00,6.100319e+00,6.324359e+00,5.680173e+00,5.749393e+00,7.257708e+00,6.887553e+00,6.533789e+00,6.579251e+00
6.184149e+00,6.620073e+00,6.340359e+00,6.579251e+00,6.234411e+00,7.097549e+00,6.695799e+00,6.710523e+00,6.742881e+00,6.652863e+00,6.655440e+00,6.100319e+00,6.318968e+00,5.680173e+00,5.743003e+00,7.268920e+00,6.828712e+00,6.530878e+00,6.597146e+00
6.184149e+00,6.620073e+00,6.322565e+00,6.591674e+00,6.236370e+00,6.999422e+00,6.826545e+00,6.710523e+00,6.742881e+00,6.637258e+00,6.779922e+00,6.100319e+00,6.318968e+00,5.609472e+00,5.743003e+00,7.245655e+00,6.755769e+00,6.587550e+00,6.610696e+00
6.184149e+00,6.620073e+00,6.293419e+00,6.602588e+00,6.244167e+00,7.003065e+00,6.826545e+00,6.675823e+00,6.775366e+00,6.654153e+00,6.906755e+00,6.091310e+00,6.318968e+00,5.676754e+00,5.743003e+00,7.292337e+00,6.705639e+00,6.625392e+00,6.545350e+00
6.184149e+00,6.620073e+00,6.293419e+00,6.602588e+00,6.244167e+00,6.985642e+00,6.846943e+00,6.675823e+00,6.775366e+00,6.727432e+00,6.923629e+00,6.089045e+00,6.342121e+00,5.602119e+00,5.655992e+00,7.307202e+00,6.612041e+00,6.625392e+00,6.415097e+00
6.192362e+00,6.620073e+00,6.293419e+00,6.602588e+00,6.244167e+00,6.983790e+00,6.849066e+00,6.675823e+00,6.767343e+00,6.727432e+00,6.948897e+00,6.139885e+00,6.342121e+00,5.602119e+00,5.587249e+00,7.284135e+00,6.561031e+00,6.625392e+00,6.336826e+00
6.192362e+00,6.620073e+00,6.293419e+00,6.350886e+00,6.520621e+00,6.983790e+00,6.769642e+00,6.432940e+00,7.011214e+00,6.817831e+00,7.095064e+00,6.186209e+00,6.340359e+00,5.749393e+00,5.288267e+00,7.277939e+00,6.591674e+00,6.738152e+00,6.202536e+00
6.230481e+00,6.620073e+00,6.293419e+00,6.345636e+00,6.525030e+00,6.983790e+00,6.539586e+00,6.685861e+00,7.003065e+00,6.983790e+00,7.165493e+00,6.244167e+00,6.340359e+00,5.746203e+00,5.780744e+00,7.277939e+00,6.645091e+00,6.693324e+00,6.302619e+00
6.234411e+00,6.620073e+00,6.293419e+00,6.309918e+00,6.553933e+00,6.983790e+00,6.459904e+00,6.749931e+00,6.968850e+00,6.976348e+00,7.191429e+00,6.257668e+00,6.336826e+00,5.746203e+00,5.902633e+00,7.277939e+00,6.645091e+00,6.677083e+00,6.403574e+00
6.234411e+00,6.601230e+00,6.253829e+00,6.267201e+00,6.633318e+00,6.983790e+00,6.459904e+00,6.749931e+00,6.950815e+00,6.991177e+00,7.252762e+00,6.513230e+00,6.306275e+00,5.638355e+00,5.905362e+00,7.275865e+00,6.709304e+00,6.839476e+00,6.526495e+00
6.448889e+00,6.601230e+00,6.095825e+00,6.315358e+00,6.598509e+00,7.051856e+00,6.459904e+00,6.749931e+00,6.884487e+00,6.824374e+00,7.252762e+00,6.513230e+00,6.315358e+00,5.438079e+00,5.897154e+00,7.275172e+00,6.799056e+00,6.842683e+00,6.612041e+00
6.510258e+00,6.638568e+00,6.077642e+00,6.230481e+00,6.535241e+00,7.133296e+00,6.459904e+00,6.749931e+00,6.809039e+00,6.821107e+00,7.264730e+00,6.514713e+00,6.297109e+00,5.459586e+00,5.568345e+00,7.275172e+00,6.773080e+00,6.825460e+00,6.634633e+00
6.579251e+00,6.647688e+00,5.948035e+00,6.329721e+00,6.456770e+00,7.171657e+00,6.440947e+00,6.767343e+00,6.809039e+00,6.821107e+00,7.312553e+00,6.532334e+00,6.298949e+00,5.484797e+00,5.796058e+00,7.292337e+00,6.712956e+00,6.825460e+00,6.634633e+00
6.569481e+00,6.656727e+00,5.669881e+00,6.483107e+00,6.415097e+00,7.142037e+00,6.529419e+00,6.556778e+00,6.981935e+00,6.740519e+00,7.328437e+00,6.538140e+00,6.309918e+00,5.583496e+00,5.774552e+00,7.299121e+00,6.624065e+00,6.824374e+00,6.613384e+00
6.639876e+00,6.652863e+00,5.129899e+00,6.656727e+00,6.411818e+00,7.081709e+00,6.532334e+00,6.536692e+00,7.050123e+00,6.556778e+00,7.325808e+00,6.635947e+00,6.317165e+00,5.583496e+00,5.771441e+00,7.267525e+00,6.588926e+00,6.843750e+00,6.612041e+00
6.659294e+00,6.652863e+00,4.595120e+00,6.742881e+00,6.295266e+00,7.136483e+00,6.159095e+00,6.806829e+00,7.037028e+00,6.137727e+00,7.319202e+00,6.711740e+00,6.327937e+00,5.572154e+00,5.771441e+00,7.264030e+00,6.507278e+00,6.820016e+00,6.561031e+00
6.729824e+00,6.666957e+00,4.584967e+00,6.735780e+00,6.224558e+00,6.994850e+00,6.526495e+00,6.806829e+00,7.037028e+00,6.240276e+00,7.312553e+00,6.723832e+00,6.327937e+00,5.429346e+00,5.755742e+00,7.231287e+00,6.504288e+00,6.791221e+00,6.542472e+00
6.731018e+00,6.666957e+00,4.584967e+00,6.734592e+00,6.226537e+00,6.940222e+00,6.608001e+00,6.806829e+00,6.820016e+00,6.572283e+00,7.181592e+00,6.705639e+00,6.350886e+00,5.123964e+00,5.758902e+00,7.220374e+00,6.562444e+00,6.680855e+00,6.539586e+00
6.610696e+00,6.788972e+00,4.442651e+00,6.749931e+00,6.124683e+00,6.970730e+00,6.630683e+00,6.761573e+00,6.768493e+00,6.666957e+00,7.176255e+00,6.690842e+00,6.386879e+00,5.541264e+00,5.758902e+00,7.007601e+00,6.630683e+00,6.675823e+00,6.538140e+00
6.383507e+00,6.948897e+00,4.430817e+00,6.610696e+00,6.343880e+00,6.970730e+00,6.569481e+00,6.778785e+00,6.796824e+00,6.699500e+00,7.155396e+00,6.675823e+00,6.270988e+00,5.525453e+00,5.758902e+00,6.956545e+00,6.659294e+00,6.559615e+00,6.538140e+00
6.347389e+00,6.968850e+00,4.430817e+00,6.542472e+00,6.426488e+00,6.970730e+00,6.569481e+00,6.778785e+00,6.796824e+00,6.760415e+00,7.044033e+00,6.675823e+00,6.182085e+00,5.525453e+00,5.758902e+00,6.994850e+00,6.746412e+00,6.590301e+00,6.536692e+00
6.311735e+00,6.987490e+00,4.430817e+00,6.467699e+00,6.504288e+00,6.970730e+00,6.569481e+00,6.773080e+00,6.802395e+00,6.793466e+00,6.938284e+00,6.663133e+00,5.910797e+00,5.525453e+00,5.758902e+00,6.965080e+00,6.575076e+00,6.559615e+00,6.536692e+00
6.306275e+00,6.990257e+00,4.430817e+00,6.455199e+00,6.513230e+00,6.958448e+00,6.561031e+00,6.719013e+00,6.874198e+00,6.915723e+00,6.915723e+00,6.663133e+00,5.463832e+00,5.525453e+00,5.758902e+00,6.755769e+00,6.583409e+00,6.527958e+00,6.536692e+00
6.306275e+00,6.981935e+00,4.477337e+00,6.463029e+00,6.513230e+00,6.475433e+00,6.963190e+00,6.776507e+00,6.878326e+00,6.925595e+00,6.768493e+00,6.661855e+00,5.379897e+00,5.525453e+00,5.758902e+00,6.751101e+00,6.677083e+00,6.514713e+00,6.536692e+00
6.300786e+00,6.984716e+00,4.477337e+00,6.463029e+00,6.513230e+00,6.040255e+00,7.156956e+00,6.779922e+00,6.783325e+00,6.925595e+00,6.824374e+00,6.381816e+00,5.375278e+00,5.525453e+00,5.758902e+00,6.993015e+00,6.708084e+00,6.413459e+00,6.565265e+00
6.167516e+00,7.045777e+00,4.477337e+00,6.456770e+00,6.507278e+00,6.059123e+00,7.156956e+00,6.779922e+00,6.783325e+00,6.929517e+00,6.861711e+00,6.350886e+00,5.375278e+00,5.669881e+00,5.758902e+00,7.127694e+00,6.703188e+00,6.289716e+00,6.565265e+00
6.144186e+00,7.037906e+00,4.394449e+00,6.456770e+00,6.452049e+00,6.196444e+00,7.150701e+00,6.788972e+00,6.690842e+00,6.961296e+00,6.899723e+00,6.381816e+00,5.375278e+00,5.891644e+00,5.758902e+00,7.207119e+00,6.827629e+00,6.285998e+00,6.562444e+00
6.144186e+00,6.857514e+00,5.572154e+00,6.466145e+00,6.452049e+00,6.196444e+00,7.149917e+00,6.767343e+00,6.694562e+00,7.115582e+00,6.899723e+00,6.246107e+00,5.231109e+00,5.981414e+00,5.758902e+00,7.221105e+00,7.034388e+00,6.040255e+00,6.558198e+00
6.135565e+00,6.742881e+00,5.899897e+00,6.464588e+00,6.461468e+00,6.196444e+00,7.145196e+00,6.762730e+00,6.639876e+00,7.134094e+00,7.095893e+00,6.234411e+00,5.247024e+00,6.093570e+00,5.758902e+00,7.138867e+00,7.062192e+00,6.013715e+00,6.539586e+00
6.280396e+00,6.729824e+00,5.874931e+00,6.493754e+00,6.464588e+00,6.196444e+00,7.145196e+00,6.761573e+00,6.641182e+00,7.116394e+00,7.099202e+00,6.214608e+00,4.859812e+00,6.102559e+00,5.758902e+00,7.029973e+00,7.105786e+00,6.016157e+00,6.473891e+00
6.304449e+00,6.729824e+00,5.869297e+00,6.487684e+00,6.473891e+00,6.196444e+00,7.112327e+00,6.732211e+00,6.723832e+00,7.131699e+00,7.105786e+00,6.452049e+00,4.663439e+00,6.102559e+00,5.758902e+00,7.029973e+00,7.154615e+00,6.184149e+00,6.378426e+00
6.347389e+00,6.727432e+00,5.942799e+00,6.445720e+00,6.487684e+00,6.234411e+00,7.097549e+00,6.699500e+00,6.709304e+00,7.131699e+00,7.109879e+00,6.575076e+00,4.663439e+00,6.056784e+00,5.996452e+00,6.984716e+00,7.173958e+00,6.333280e+00,6.263398e+00
6.396930e+00,6.184149e+00,6.620073e+00,6.340359e+00,6.579251e+00,6.234411e+00,7.097549e+00,6.695799e+00,6.710523e+00,7.135687e+00,7.072422e+00,6.580639e+00,5.087596e+00,6.056784e+00,6.082219e+00,6.893656e+00,7.148346e+00,6.349139e+00,6.289716e+00
6.432940e+00,6.184149e+00,6.620073e+00,6.322565e+00,6.591674e+00,6.236370e+00,6.999422e+00,6.826545e+00,6.710523e+00,7.190676e+00,6.981006e+00,6.643790e+00,5.214936e+00,6.052089e+00,6.082219e+00,6.866933e+00,7.158514e+00,6.318968e+00,6.297109e+00
6.473891e+00,6.184149e+00,6.620073e+00,6.293419e+00,6.602588e+00,6.244167e+00,7.003065e+00,6.826545e+00,6.675823e+00,7.213768e+00,6.883463e+00,6.690842e+00,5.241747e+00,5.976351e+00,6.086775e+00,6.753438e+00,7.247081e+00,6.267201e+00,6.455199e+00
6.483107e+00,6.184149e+00,6.620073e+00,6.293419e+00,6.602588e+00,6.244167e+00,6.985642e+00,6.846943e+00,6.675823e+00,7.169350e+00,6.879356e+00,6.774224e+00,5.424950e+00,5.973810e+00,6.086775e+00,6.576470e+00,7.244228e+00,6.484635e+00,6.455199e+00
6.476972e+00,6.192362e+00,6.620073e+00,6.293419e+00,6.602588e+00,6.244167e+00,6.983790e+00,6.849066e+00,6.675823e+00,7.174724e+00,6.860664e+00,6.864848e+00,5.529429e+00,5.953243e+00,6.154858e+00,6.542472e+00,7.244228e+00,6.577861e+00,6.455199e+00
6.476972e+00,6.192362e+00,6.620073e+00,6.293419e+00,6.350886e+00,6.520621e+00,6.983790e+00,6.769642e+00,6.432940e+00,7.117206e+00,6.722630e+00,6.856462e+00,5.529429e+00,5.796058e+00,6.150603e+00,6.541030e+00,7.228388e+00,6.469250e+00,6.455199e+00
6.447306e+00,6.230481e+00,6.620073e+00,6.293419e+00,6.345636e+00,6.525030e+00,6.983790e+00,6.539586e+00,6.685861e+00,6.973543e+00,6.606650e+00,6.962243e+00,5.529429e+00,5.796058e+00,6.045005e+00,6.541030e+00,7.198931e+00,6.393591e+00,6.369901e+00
6.444131e+00,6.234411e+00,6.620073e+00,6.293419e+00,6.309918e+00,6.553933e+00,6.983790e+00,6.459904e+00,6.749931e+00,6.946976e+00,6.559615e+00,7.006695e+00,5.529429e+00,6.028279e+00,6.013715e+00,6.541030e+00,7.211557e+00,6.391917e+00,6.278521e+00
6.444131e+00,6.234411e+00,6.601230e+00,6.253829e+00,6.267201e+00,6.633318e+00,6.983790e+00,6.459904e+00,6.749931e+00,6.896694e+00,6.431331e+00,6.884487e+00,5.529429e+00,6.033086e+00,6.013715e+00,6.541030e+00,7.186901e+00,6.200509e+00,6.159095e+00
6.228511e+00,6.448889e+00,6.601230e+00,6.095825e+00,6.315358e+00,6.598509e+00,7.051856e+00,6.459904e+00,6.749931e+00,6.851185e+00,6.431331e+00,6.884487e+00,5.572154e+00,6.115892e+00,6.013715e+00,6.541030e+00,7.201171e+00,6.220590e+00,6.023448e+00
6.084499e+00,6.510258e+00,6.638568e+00,6.077642e+00,6.230481e+00,6.535241e+00,7.133296e+00,6.459904e+00,6.749931e+00,6.884487e+00,6.403574e+00,6.883463e+00,5.579730e+00,6.248043e+00,6.016157e+00,6.541030e+00,7.226209e+00,6.263398e+00,5.981414e+00
5.950643e+00,6.579251e+00,6.647688e+00,5.948035e+00,6.329721e+00,6.456770e+00,7.171657e+00,6.440947e+00,6.767343e+00,6.997596e+00,6.280396e+00,6.871091e+00,5.762051e+00,6.265301e+00,5.641907e+00,6.504288e+00,7.262629e+00,6.263398e+00,5.996452e+00
5.961005e+00,6.569481e+00,6.656727e+00,5.669881e+00,6.483107e+00,6.415097e+00,7.142037e+00,6.529419e+00,6.556778e+00,7.013915e+00,6.234411e+00,6.866933e+00,5.828946e+00,6.238325e+00,5.641907e+00,6.483107e+00,7.261225e+00,6.263398e+00,6.135565e+00
5.828946e+00,6.639876e+00,6.652863e+00,5.129899e+00,6.656727e+00,6.411818e+00,7.081709e+00,6.532334e+00,6.536692e+00,7.013915e+00,6.234411e+00,6.790097e+00,5.834811e+00,6.270988e+00,5.641907e+00,6.483107e+00,7.225481e+00,6.228511e+00,6.070738e+00
5.786897e+00,6.659294e+00,6.652863e+00,4.595120e+00,6.742881e+00,6.295266e+00,7.136483e+00,6.159095e+00,6.806829e+00,7.054450e+00,6.163315e+00,6.720220e+00,5.817111e+00,6.267201e+00,5.641907e+00,6.483107e+00,7.273093e+00,6.226537e+00,6.037871e+00
5.552960e+00,6.729824e+00,6.666957e+00,4.584967e+00,6.735780e+00,6.224558e+00,6.994850e+00,6.526495e+00,6.806829e+00,7.010312e+00,6.163315e+00,6.706862e+00,5.817111e+00,6.259581e+00,5.652489e+00,6.483107e+00,7.280697e+00,6.222576e+00,5.942799e+00
5.549076e+00,6.731018e+00,6.666957e+00,4.584967e+00,6.734592e+00,6.226537e+00,6.940222e+00,6.608001e+00,6.806829e+00,6.821107e+00,6.163315e+00,6.703188e+00,5.777652e+00,6.259581e+00,5.641907e+00,6.483107e+00,7.232733e+00,6.336826e+00,5.978886e+00
5.521461e+00,6.610696e+00,6.788972e+00,4.442651e+00,6.749931e+00,6.124683e+00,6.970730e+00,6.630683e+00,6.761573e+00,6.747587e+00,6.163315e+00,6.712956e+00,5.710427e+00,6.077642e+00,5.641907e+00,6.481577e+00,7.193686e+00,6.388561e+00,6.236370e+00
5.509388e+00,6.383507e+00,6.948897e+00,4.430817e+00,6.610696e+00,6.343880e+00,6.970730e+00,6.569481e+00,6.778785e+00,6.788972e+00,6.163315e+00,6.740519e+00,5.710427e+00,6.075346e+00,5.641907e+00,6.481577e+00,7.177019e+00,6.478510e+00,6.318968e+00
5.509388e+00,6.347389e+00,6.968850e+00,4.430817e+00,6.542472e+00,6.426488e+00,6.970730e+00,6.569481e+00,6.778785e+00,6.835185e+00,6.163315e+00,6.752270e+00,5.710427e+00,6.075346e+00,5.641907e+00,6.371612e+00,7.197435e+00,6.511745e+00,6.651572e+00
5.509388e+00,6.311735e+00,6.987490e+00,4.430817e+00,6.467699e+00,6.504288e+00,6.970730e+00,6.569481e+00,6.773080e+00,6.831954e+00,6.163315e+00,6.818924e+00,5.834811e+00,6.075346e+00,5.641907e+00,6.470800e+00,7.192934e+00,6.565265e+00,6.668228e+00
5.669881e+00,6.306275e+00,6.990257e+00,4.430817e+00,6.455199e+00,6.513230e+00,6.958448e+00,6.561031e+00,6.719013e+00,6.698268e+00,6.163315e+00,6.826545e+00,5.948035e+00,6.075346e+00,5.641907e+00,6.559615e+00,7.195937e+00,6.659294e+00,6.668228e+00
6.198479e+00,6.306275e+00,6.981935e+00,4.477337e+00,6.463029e+00,6.513230e+00,6.475433e+00,6.963190e+00,6.776507e+00,6.685861e+00,6.150603e+00,6.826545e+00,5.948035e+00,6.093570e+00,5.641907e+00,6.562444e+00,7.141245e+00,6.660575e+00,6.668228e+00
6.359574e+00,6.300786e+00,6.984716e+00,4.477337e+00,6.463029e+00,6.513230e+00,6.040255e+00,7.156956e+00,6.779922e+00,6.688355e+00,6.037871e+00,6.826545e+00,6.006353e+00,6.156979e+00,5.641907e+00,6.272877e+00,7.141245e+00,6.656727e+00,6.642487e+00
6.359574e+00,6.167516e+00,7.045777e+00,4.477337e+00,6.456770e+00,6.507278e+00,6.059123e+00,7.156956e+00,6.779922e+00,6.753438e+00,5.950643e+00,6.826545e+00,6.152733e+00,6.244167e+00,5.641907e+00,6.070738e+00,7.144407e+00,6.660575e+00,6.635947e+00
6.359574e+00,6.144186e+00,7.037906e+00,4.394449e+00,6.456770e+00,6.452049e+00,6.196444e+00,7.150701e+00,6.788972e+00,6.715383e+00,5.849325e+00,6.776507e+00,6.165418e+00,6.100319e+00,5.641907e+00,5.799093e+00,7.057037e+00,6.660575e+00,6.664409e+00
6.359574e+00,6.144186e+00,6.857514e+00,5.572154e+00,6.466145e+00,6.452049e+00,6.196444e+00,7.149917e+00,6.767343e+00,6.545350e+00,5.849325e+00,6.809039e+00,6.165418e+00,6.021023e+00,5.645447e+00,5.602119e+00,6.858565e+00,6.661855e+00,6.670766e+00
6.359574e+00,6.135565e+00,6.742881e+00,5.899897e+00,6.464588e+00,6.461468e+00,6.196444e+00,7.145196e+00,6.762730e+00,6.511745e+00,4.882802e+00,6.809039e+00,6.131226e+00,6.242223e+00,5.648974e+00,5.587249e+00,6.824374e+00,6.661855e+00,6.650279e+00
6.224558e+00,6.280396e+00,6.729824e+00,5.874931e+00,6.493754e+00,6.464588e+00,6.196444e+00,7.145196e+00,6.761573e+00,6.529419e+00,4.852030e+00,6.809039e+00,6.137727e+00,6.234411e+00,5.648974e+00,5.587249e+00,6.766192e+00,6.756932e+00,6.650279e+00
6.198479e+00,6.304449e+00,6.729824e+00,5.869297e+00,6.487684e+00,6.473891e+00,6.196444e+00,7.112327e+00,6.732211e+00,6.513230e+00,4.672829e+00,6.601230e+00,6.120297e+00,6.234411e+00,5.648974e+00,5.587249e+00,6.969791e+00,6.665684e+00,6.650279e+00
6.104793e+00,6.347389e+00,6.727432e+00,5.942799e+00,6.445720e+00,6.487684e+00,6.234411e+00,7.097549e+00,6.699500e+00,6.513230e+00,4.624973e+00,6.481577e+00,6.335054e+00,6.234411e+00,5.308268e+00,5.587249e+00,6.991177e+00,6.561031e+00,6.629363e+00
6.154858e+00,6.396930e+00,6.184149e+00,6.620073e+00,6.340359e+00,6.579251e+00,6.234411e+00,7.097549e+00,6.695799e+00,6.505784e+00,4.624973e+00,6.525030e+00,6.342121e+00,6.234411e+00,5.659482e+00,5.686975e+00,7.018402e+00,6.548219e+00,6.594413e+00
6.111467e+00,6.432940e+00,6.184149e+00,6.620073e+00,6.322565e+00,6.591674e+00,6.236370e+00,6.999422e+00,6.826545e+00,6.393591e+00,4.624973e+00,6.453625e+00,6.300786e+00,6.295266e+00,5.700444e+00,5.793014e+00,7.023759e+00,6.514713e+00,6.568078e+00
6.171701e+00,6.473891e+00,6.184149e+00,6.620073e+00,6.293419e+00,6.602588e+00,6.244167e+00,7.003065e+00,6.826545e+00,6.573680e+00,4.418841e+00,6.393591e+00,6.311735e+00,6.333280e+00,5.786897e+00,5.973810e+00,6.963190e+00,6.514713e+00,6.428105e+00
6.159095e+00,6.483107e+00,6.184149e+00,6.620073e+00,6.293419e+00,6.602588e+00,6.244167e+00,6.985642e+00,6.846943e+00,6.584791e+00,4.912655e+00,6.269096e+00,6.214608e+00,6.343880e+00,5.913503e+00,6.003887e+00,7.097549e+00,6.329721e+00,6.428105e+00
6.159095e+00,6.476972e+00,6.192362e+00,6.620073e+00,6.293419e+00,6.602588e+00,6.244167e+00,6.983790e+00,6.849066e+00,6.593045e+00,4.672829e+00,6.253829e+00,6.163315e+00,6.343880e+00,6.249975e+00,6.063785e+00,7.097549e+00,6.208590e+00,6.428105e+00
6.159095e+00,6.476972e+00,6.192362e+00,6.620073e+00,6.293419e+00,6.350886e+00,6.520621e+00,6.983790e+00,6.769642e+00,6.616065e+00,4.189655e+00,6.248043e+00,6.163315e+00,6.347389e+00,6.263398e+00,6.142037e+00,7.097549e+00,6.156979e+00,6.529419e+00
6.159095e+00,6.447306e+00,6.230481e+00,6.620073e+00,6.293419e+00,6.345636e+00,6.525030e+00,6.983790e+00,6.539586e+00,6.616065e+00,4.189655e+00,5.945421e+00,6.163315e+00,6.347389e+00,6.068426e+00,6.144186e+00,7.160846e+00,6.148468e+00,6.529419e+00
6.159095e+00,6.444131e+00,6.234411e+00,6.620073e+00,6.293419e+00,6.309918e+00,6.553933e+00,6.983790e+00,6.459904e+00,6.616065e+00,4.189655e+00,5.789960e+00,6.300786e+00,6.259581e+00,5.998937e+00,6.210600e+00,7.147559e+00,6.249975e+00,6.519147e+00
6.159095e+00,6.444131e+00,6.234411e+00,6.601230e+00,6.253829e+00,6.267201e+00,6.633318e+00,6.983790e+00,6.459904e+00,6.616065e+00,4.499810e+00,5.710427e+00,6.342121e+00,6.287859e+00,5.996452e+00,6.620073e+00,7.133296e+00,6.177944e+00,6.493754e+00
6.163315e+00,6.228511e+00,6.448889e+00,6.601230e+00,6.095825e+00,6.315358e+00,6.598509e+00,7.051856e+00,6.459904e+00,6.616065e+00,4.521789e+00,5.758902e+00,6.326149e+00,6.220590e+00,5.996452e+00,6.695799e+00,7.053586e+00,6.226537e+00,6.496775e+00
6.163315e+00,6.084499e+00,6.510258e+00,6.638568e+00,6.077642e+00,6.230481e+00,6.535241e+00,7.133296e+00,6.459904e+00,6.572283e+00,4.521789e+00,5.758902e+00,6.336826e+00,6.218600e+00,5.993961e+00,6.706862e+00,7.023759e+00,6.295266e+00,6.504288e+00
6.163315e+00,5.950643e+00,6.579251e+00,6.647688e+00,5.948035e+00,6.329721e+00,6.456770e+00,7.171657e+00,6.440947e+00,6.393591e+00,5.288267e+00,5.758902e+00,6.408529e+00,6.542472e+00,5.993961e+00,6.706862e+00,6.964136e+00,6.302619e+00,6.541030e+00
6.165418e+00,5.961005e+00,6.569481e+00,6.656727e+00,5.669881e+00,6.483107e+00,6.415097e+00,7.142037e+00,6.529419e+00,6.361302e+00,5.631212e+00,6.056784e+00,6.380123e+00,6.793466e+00,6.003887e+00,6.706862e+00,6.928538e+00,6.311735e+00,6.439350e+00
6.291569e+00,5.828946e+00,6.639876e+00,6.652863e+00,5.129899e+00,6.656727e+00,6.411818e+00,7.081709e+00,6.532334e+00,6.361302e+00,5.913503e+00,6.068426e+00,6.369901e+00,6.776507e+00,6.023448e+00,6.706862e+00,6.920672e+00,6.311735e+00,6.439350e+00
6.526495e+00,5.786897e+00,6.659294e+00,6.652863e+00,4.595120e+00,6.742881e+00,6.295266e+00,7.136483e+00,6.159095e+00,6.276643e+00,5.913503e+00,6.068426e+00,6.369901e+00,6.776507e+00,6.023448e+00,6.706862e+00,6.834109e+00,6.311735e+00,6.514713e+00
6.580639e+00,5.552960e+00,6.729824e+00,6.666957e+00,4.584967e+00,6.735780e+00,6.224558e+00,6.994850e+00,6.526495e+00,6.276643e+00,5.986452e+00,6.068426e+00,6.369901e+00,6.891626e+00,6.016157e+00,6.709304e+00,6.769642e+00,6.317165e+00,6.523562e+00
6.654153e+00,5.549076e+00,6.731018e+00,6.666957e+00,4.584967e+00,6.734592e+00,6.226537e+00,6.940222e+00,6.608001e+00,6.255750e+00,6.023448e+00,6.322565e+00,6.369901e+00,6.891626e+00,6.113682e+00,6.709304e+00,6.768493e+00,6.361302e+00,6.511745e+00
6.654153e+00,5.521461e+00,6.610696e+00,6.788972e+00,4.442651e+00,6.749931e+00,6.124683e+00,6.970730e+00,6.630683e+00,6.244167e+00,6.070738e+00,6.347389e+00,6.517671e+00,6.899723e+00,6.139885e+00,6.725034e+00,6.768493e+00,6.309918e+00,6.388561e+00
6.840547e+00,5.509388e+00,6.383507e+00,6.948897e+00,4.430817e+00,6.610696e+00,6.343880e+00,6.970730e+00,6.569481e+00,6.115892e+00,6.095825e+00,6.306275e+00,6.641182e+00,6.899723e+00,6.214608e+00,6.767343e+00,6.781058e+00,6.202536e+00,6.311735e+00
6.890609e+00,5.509388e+00,6.347389e+00,6.968850e+00,4.430817e+00,6.542472e+00,6.426488e+00,6.970730e+00,6.569481e+00,5.886104e+00,6.171701e+00,6.287859e+00,6.641182e+00,6.899723e+00,6.214608e+00,6.734592e+00,6.668228e+00,6.109248e+00,5.805135e+00
6.890609e+00,5.509388e+00,6.311735e+00,6.987490e+00,4.430817e+00,6.467699e+00,6.504288e+00,6.970730e+00,6.569481e+00,5.971262e+00,6.458338e+00,6.775366e+00,6.587550e+00,6.899723e+00,6.226537e+00,6.659294e+00,6.658011e+00,6.082219e+00,5.765191e+00
6.851185e+00,5.669881e+00,6.306275e+00,6.990257e+00,4.430817e+00,6.455199e+00,6.513230e+00,6.958448e+00,6.561031e+00,6.035481e+00,6.584791e+00,6.767343e+00,6.529419e+00,6.899723e+00,6.352629e+00,6.579251e+00,6.645091e+00,5.963579e+00,5.789960e+00
6.610696e+00,6.198479e+00,6.306275e+00,6.981935e+00,4.477337e+00,6.463029e+00,6.513230e+00,6.475433e+00,6.963190e+00,6.047372e+00,6.584791e+00,6.811244e+00,6.529419e+00,6.891626e+00,6.710523e+00,6.717805e+00,6.665684e+00,6.013715e+00,5.908083e+00
6.495266e+00,6.359574e+00,6.300786e+00,6.984716e+00,4.477337e+00,6.463029e+00,6.513230e+00,6.040255e+00,7.156956e+00,6.079933e+00,6.635947e+00,6.865891e+00,6.495266e+00,6.861711e+00,6.994850e+00,6.647688e+00,6.633318e+00,6.159095e+00,5.910797e+00
6.495266e+00,6.359574e+00,6.167516e+00,7.045777e+00,4.477337e+00,6.456770e+00,6.507278e+00,6.059123e+00,7.156956e+00,5.937536e+00,6.804615e+00,7.042286e+00,6.583409e+00,6.771936e+00,6.994850e+00,6.566672e+00,6.620073e+00,6.152733e+00,5.905362e+00
6.555357e+00,6.359574e+00,6.144186e+00,7.037906e+00,4.394449e+00,6.456770e+00,6.452049e+00,6.196444e+00,7.150701e+00,5.934894e+00,6.805723e+00,7.082549e+00,6.580639e+00,6.768493e+00,7.021976e+00,6.566672e+00,6.617403e+00,6.381816e+00,5.837730e+00
6.555357e+00,6.359574e+00,6.144186e+00,6.857514e+00,5.572154e+00,6.466145e+00,6.452049e+00,6.196444e+00,7.149917e+00,5.802118e+00,6.805723e+00,7.056175e+00,6.582025e+00,6.768493e+00,7.054450e+00,6.588926e+00,6.613384e+00,6.386879e+00,5.739793e+00
6.555357e+00,6.359574e+00,6.135565e+00,6.742881e+00,5.899897e+00,6.464588e+00,6.461468e+00,6.196444e+00,7.145196e+00,5.802118e+00,6.805723e+00,7.067320e+00,6.602588e+00,6.580639e+00,7.053586e+00,6.605298e+00,6.613384e+00,6.386879e+00,5.655992e+00
6.555357e+00,6.224558e+00,6.280396e+00,6.729824e+00,5.874931e+00,6.493754e+00,6.464588e+00,6.196444e+00,7.145196e+00,5.786897e+00,6.805723e+00,7.087574e+00,6.598509e+00,6.580639e+00,7.128496e+00,6.613384e+00,6.613384e+00,6.259581e+00,5.560682e+00
6.555357e+00,6.198479e+00,6.304449e+00,6.729824e+00,5.869297e+00,6.487684e+00,6.473891e+00,6.196444e+00,7.112327e+00,5.771441e+00,6.857514e+00,7.128496e+00,6.597146e+00,6.580639e+00,7.128496e+00,6.628041e+00,6.161207e+00,6.322565e+00,5.560682e+00
6.563856e+00,6.104793e+00,6.347389e+00,6.727432e+00,5.942799e+00,6.445720e+00,6.487684e+00,6.234411e+00,7.097549e+00,5.799093e+00,7.013915e+00,7.233455e+00,6.436150e+00,6.580639e+00,7.126087e+00,6.642487e+00,6.028279e+00,6.380123e+00,5.560682e+00
6.459904e+00,6.154858e+00,6.396930e+00,6.184149e+00,6.620073e+00,6.340359e+00,6.579251e+00,6.234411e+00,7.097549e+00,5.905362e+00,7.055313e+00,7.232733e+00,6.333280e+00,6.580639e+00,7.023759e+00,6.605298e+00,5.953243e+00,6.381816e+00,5.556828e+00
6.473891e+00,6.111467e+00,6.432940e+00,6.184149e+00,6.620073e+00,6.322565e+00,6.591674e+00,6.236370e+00,6.999422e+00,5.955837e+00,7.070724e+00,7.232733e+00,6.333280e+00,6.535241e+00,7.013016e+00,6.566672e+00,5.902633e+00,6.408529e+00,5.680173e+00
6.386879e+00,6.171701e+00,6.473891e+00,6.184149e+00,6.620073e+00,6.293419e+00,6.602588e+00,6.244167e+00,7.003065e+00,5.673323e+00,7.075809e+00,7.304516e+00,6.679599e+00,6.504288e+00,7.072422e+00,6.470800e+00,5.743003e+00,6.436150e+00,5.680173e+00
6.386879e+00,6.159095e+00,6.483107e+00,6.184149e+00,6.620073e+00,6.293419e+00,6.602588e+00,6.244167e+00,6.985642e+00,5.869297e+00,7.023759e+00,7.321189e+00,6.679599e+00,6.514713e+00,7.034388e+00,6.452049e+00,5.056246e+00,6.628041e+00,5.755742e+00
6.386879e+00,6.159095e+00,6.476972e+00,6.192362e+00,6.620073e+00,6.293419e+00,6.602588e+00,6.244167e+00,6.983790e+00,5.831882e+00,7.085901e+00,7.264030e+00,6.679599e+00,6.514713e+00,6.862758e+00,6.411818e+00,5.056246e+00,6.628041e+00,5.755742e+00
6.386879e+00,6.159095e+00,6.476972e+00,6.192362e+00,6.620073e+00,6.293419e+00,6.350886e+00,6.520621e+00,6.983790e+00,5.762051e+00,7.274480e+00,7.291656e+00,6.679599e+00,6.511745e+00,6.855409e+00,6.352629e+00,5.068904e+00,6.628041e+00,5.521461e+00
6.386879e+00,6.159095e+00,6.447306e+00,6.230481e+00,6.620073e+00,6.293419e+00,6.345636e+00,6.525030e+00,6.983790e+00,5.799093e+00,7.274480e+00,7.291656e+00,6.679599e+00,6.561031e+00,6.891626e+00,6.350886e+00,4.499810e+00,6.628041e+00,5.652489e+00
6.386879e+00,6.159095e+00,6.444131e+00,6.234411e+00,6.620073e+00,6.293419e+00,6.309918e+00,6.553933e+00,6.983790e+00,5.843544e+00,7.274480e+00,7.291656e+00,6.648985e+00,6.505784e+00,6.912743e+00,6.326149e+00,4.762174e+00,6.645091e+00,5.981414e+00
6.386879e+00,6.159095e+00,6.444131e+00,6.234411e+00,6.601230e+00,6.253829e+00,6.267201e+00,6.633318e+00,6.983790e+00,5.843544e+00,7.257708e+00,7.293018e+00,6.618739e+00,6.565265e+00,6.929517e+00,5.945421e+00,4.762174e+00,6.695799e+00,6.093570e+00
6.383507e+00,6.163315e+00,6.228511e+00,6.448889e+00,6.601230e+00,6.095825e+00,6.315358e+00,6.598509e+00,7.051856e+00,6.340359e+00,7.256297e+00,7.283448e+00,6.606650e+00,6.563856e+00,6.952729e+00,5.811141e+00,4.762174e+00,6.904751e+00,6.188264e+00
6.476972e+00,6.163315e+00,6.084499e+00,6.510258e+00,6.638568e+00,6.077642e+00,6.230481e+00,6.535241e+00,7.133296e+00,6.481577e+00,7.256297e+00,7.283448e+00,6.630683e+00,6.461468e+00,6.952729e+00,6.133398e+00,4.762174e+00,6.845880e+00,6.190315e+00
6.529419e+00,6.163315e+00,5.950643e+00,6.579251e+00,6.647688e+00,5.948035e+00,6.329721e+00,6.456770e+00,7.171657e+00,6.489205e+00,7.178545e+00,7.283448e+00,6.492240e+00,6.070738e+00,6.952729e+00,6.133398e+00,5.337538e+00,6.841615e+00,6.248043e+00
6.527958e+00,6.165418e+00,5.961005e+00,6.569481e+00,6.656727e+00,5.669881e+00,6.483107e+00,6.415097e+00,7.142037e+00,6.489205e+00,7.139660e+00,7.204893e+00,6.475433e+00,5.411646e+00,7.030857e+00,6.142037e+00,5.402677e+00,6.836259e+00,6.291569e+00
6.493754e+00,6.291569e+00,5.828946e+00,6.639876e+00,6.652863e+00,5.129899e+00,6.656727e+00,6.411818e+00,7.081709e+00,6.489205e+00,7.093405e+00,7.201171e+00,6.475433e+00,5.402677e+00,7.023759e+00,6.190315e+00,5.402677e+00,6.843750e+00,6.291569e+00
6.566672e+00,6.526495e+00,5.786897e+00,6.659294e+00,6.652863e+00,4.595120e+00,6.742881e+00,6.295266e+00,7.136483e+00,6.489205e+00,7.153052e+00,7.201171e+00,6.475433e+00,5.686975e+00,7.057037e+00,6.222576e+00,5.874931e+00,6.853299e+00,6.196444e+00
6.629363e+00,6.580639e+00,5.552960e+00,6.729824e+00,6.666957e+00,4.584967e+00,6.735780e+00,6.224558e+00,6.994850e+00,6.489205e+00,7.130899e+00,7.201171e+00,6.475433e+00,5.337538e+00,7.057037e+00,6.248043e+00,5.897154e+00,6.850126e+00,6.184149e+00
6.553933e+00,6.654153e+00,5.549076e+00,6.731018e+00,6.666957e+00,4.584967e+00,6.734592e+00,6.226537e+00,6.940222e+00,6.614726e+00,7.118826e+00,7.100852e+00,6.475433e+00,5.700444e+00,7.021084e+00,6.259581e+00,5.897154e+00,6.754604e+00,6.198479e+00
6.553933e+00,6.654153e+00,5.521461e+00,6.610696e+00,6.788972e+00,4.442651e+00,6.749931e+00,6.124683e+00,6.970730e+00,6.614726e+00,7.106606e+00,7.082549e+00,6.320768e+00,5.673323e+00,7.010312e+00,6.234411e+00,5.897154e+00,6.753438e+00,6.711740e+00
6.297109e+00,6.840547e+00,5.509388e+00,6.383507e+00,6.948897e+00,4.430817e+00,6.610696e+00,6.343880e+00,6.970730e+00,6.714171e+00,7.120444e+00,7.160846e+00,6.148468e+00,5.673323e+00,7.122867e+00,6.161207e+00,5.866468e+00,6.753438e+00,6.711740e+00
6.778785e+00,6.890609e+00,5.509388e+00,6.347389e+00,6.968850e+00,4.430817e+00,6.542472e+00,6.426488e+00,6.970730e+00,6.734592e+00,7.162397e+00,7.198931e+00,6.148468e+00,5.673323e+00,7.122867e+00,6.165418e+00,6.501290e+00,6.753438e+00,6.711740e+00
6.778785e+00,6.890609e+00,5.509388e+00,6.311735e+00,6.987490e+00,4.430817e+00,6.467699e+00,6.504288e+00,6.970730e+00,6.728629e+00,7.069023e+00,6.846943e+00,6.148468e+00,5.673323e+00,7.118016e+00,6.165418e+00,6.519147e+00,6.723832e+00,6.711740e+00
6.773080e+00,6.851185e+00,5.669881e+00,6.306275e+00,6.990257e+00,4.430817e+00,6.455199e+00,6.513230e+00,6.958448e+00,6.697034e+00,7.100852e+00,6.846943e+00,6.148468e+00,5.673323e+00,7.114769e+00,6.165418e+00,6.617403e+00,6.698268e+00,6.701960e+00
6.773080e+00,6.610696e+00,6.198479e+00,6.306275e+00,6.981935e+00,4.477337e+00,6.463029e+00,6.513230e+00,6.475433e+00,6.690842e+00,7.144407e+00,6.924612e+00,6.148468e+00,5.720312e+00,6.890609e+00,5.905362e+00,6.597146e+00,6.670766e+00,6.650279e+00
6.767343e+00,6.495266e+00,6.359574e+00,6.300786e+00,6.984716e+00,4.477337e+00,6.463029e+00,6.513230e+00,6.040255e+00,6.740519e+00,7.114769e+00,7.015712e+00,6.148468e+00,5.786897e+00,6.569481e+00,5.905362e+00,6.597146e+00,6.586172e+00,6.646391e+00
6.782192e+00,6.495266e+00,6.359574e+00,6.167516e+00,7.045777e+00,4.477337e+00,6.456770e+00,6.507278e+00,6.059123e+00,6.742881e+00,7.022868e+00,6.834109e+00,5.837730e+00,5.786897e+00,6.569481e+00,5.905362e+00,6.597146e+00,6.586172e+00,6.658011e+00
6.790097e+00,6.555357e+00,6.359574e+00,6.144186e+00,7.037906e+00,4.394449e+00,6.456770e+00,6.452049e+00,6.196444e+00,6.742881e+00,7.067320e+00,6.800170e+00,5.826000e+00,5.789960e+00,6.526495e+00,5.905362e+00,6.597146e+00,6.408529e+00,6.700731e+00
6.790097e+00,6.555357e+00,6.359574e+00,6.144186e+00,6.857514e+00,5.572154e+00,6.466145e+00,6.452049e+00,6.196444e+00,6.775366e+00,7.143618e+00,6.778785e+00,5.823046e+00,6.047372e+00,6.469250e+00,5.860786e+00,6.597146e+00,6.401917e+00,6.699500e+00
6.790097e+00,6.555357e+00,6.359574e+00,6.135565e+00,6.742881e+00,5.899897e+00,6.464588e+00,6.461468e+00,6.196444e+00,6.775366e+00,7.232010e+00,6.763885e+00,5.777652e+00,6.047372e+00,6.469250e+00,5.826000e+00,6.597146e+00,6.411818e+00,6.699500e+00
6.790097e+00,6.555357e+00,6.224558e+00,6.280396e+00,6.729824e+00,5.874931e+00,6.493754e+00,6.464588e+00,6.196444e+00,6.767343e+00,7.261927e+00,6.735780e+00,5.777652e+00,6.095825e+00,6.318968e+00,5.808142e+00,6.597146e+00,6.413459e+00,6.699500e+00
6.807935e+00,6.555357e+00,6.198479e+00,6.304449e+00,6.729824e+00,5.869297e+00,6.487684e+00,6.473891e+00,6.196444e+00,7.011214e+00,7.277939e+00,6.838405e+00,5.783825e+00,6.095825e+00,6.318968e+00,5.774552e+00,6.597146e+00,6.426488e+00,6.699500e+00
6.794587e+00,6.563856e+00,6.104793e+00,6.347389e+00,6.727432e+00,5.942799e+00,6.445720e+00,6.487684e+00,6.234411e+00,7.003065e+00,7.250636e+00,6.688355e+00,5.786897e+00,6.095825e+00,6.318968e+00,5.739793e+00,6.629363e+00,6.371612e+00,6.835185e+00
6.793466e+00,6.459904e+00,6.154858e+00,6.396930e+00,6.184149e+00,6.620073e+00,6.340359e+00,6.579251e+00,6.234411e+00,6.968850e+00,7.226936e+00,6.661855e+00,5.786897e+00,6.095825e+00,6.318968e+00,5.739793e+00,6.673298e+00,6.369901e+00,6.931472e+00
6.781058e+00,6.473891e+00,6.111467e+00,6.432940e+00,6.184149e+00,6.620073e+00,6.322565e+00,6.591674e+00,6.236370e+00,6.950815e+00,7.243513e+00,6.661855e+00,5.929589e+00,6.095825e+00,6.318968e+00,5.799093e+00,6.673298e+00,6.342121e+00,6.898715e+00
6.788972e+00,6.386879e+00,6.171701e+00,6.473891e+00,6.184149e+00,6.620073e+00,6.293419e+00,6.602588e+00,6.244167e+00,6.884487e+00,7.244942e+00,6.523562e+00,5.811141e+00,6.095825e+00,6.126869e+00,5.799093e+00,6.673298e+00,6.311735e+00,6.923629e+00
6.788972e+00,6.386879e+00,6.159095e+00,6.483107e+00,6.184149e+00,6.620073e+00,6.293419e+00,6.602588e+00,6.244167e+00,6.809039e+00,7.242798e+00,6.486161e+00,5.971262e+00,6.066108e+00,6.182085e+00,5.799093e+00,6.675823e+00,6.003887e+00,6.959399e+00
6.788972e+00,6.386879e+00,6.159095e+00,6.476972e+00,6.192362e+00,6.620073e+00,6.293419e+00,6.602588e+00,6.244167e+00,6.809039e+00,7.225481e+00,6.464588e+00,6.122493e+00,6.182085e+00,6.259581e+00,5.828946e+00,6.675823e+00,6.186209e+00,6.959399e+00
6.788972e+00,6.386879e+00,6.159095e+00,6.476972e+00,6.192362e+00,6.620073e+00,6.293419e+00,6.350886e+00,6.520621e+00,6.981935e+00,7.185387e+00,6.381816e+00,6.224558e+00,6.375025e+00,6.308098e+00,6.011267e+00,6.673298e+00,6.575076e+00,6.959399e+00
6.788972e+00,6.386879e+00,6.159095e+00,6.447306e+00,6.230481e+00,6.620073e+00,6.293419e+00,6.345636e+00,6.525030e+00,7.050123e+00,7.309881e+00,6.381816e+00,6.224558e+00,6.342121e+00,6.285998e+00,6.198479e+00,6.660575e+00,6.575076e+00,6.925595e+00
6.788972e+00,6.386879e+00,6.159095e+00,6.444131e+00,6.234411e+00,6.620073e+00,6.293419e+00,6.309918e+00,6.553933e+00,7.037028e+00,7.332369e+00,6.381816e+00,6.200509e+00,6.406880e+00,6.415097e+00,6.161207e+00,6.625392e+00,6.797940e+00,6.810142e+00
6.788972e+00,6.386879e+00,6.159095e+00,6.444131e+00,6.234411e+00,6.601230e+00,6.253829e+00,6.267201e+00,6.633318e+00,7.037028e+00,7.370860e+00,6.410175e+00,6.228511e+00,6.306275e+00,6.386879e+00,6.028279e+00,6.648985e+00,6.783325e+00,6.754604e+00
6.800170e+00,6.383507e+00,6.163315e+00,6.228511e+00,6.448889e+00,6.601230e+00,6.095825e+00,6.315358e+00,6.598509e+00,6.820016e+00,7.388946e+00,6.436150e+00,6.632002e+00,6.306275e+00,6.345636e+00,6.006353e+00,6.834109e+00,6.502790e+00,6.929517e+00
6.793466e+00,6.476972e+00,6.163315e+00,6.084499e+00,6.510258e+00,6.638568e+00,6.077642e+00,6.230481e+00,6.535241e+00,6.768493e+00,7.388946e+00,6.437752e+00,6.648985e+00,6.434547e+00,6.345636e+00,5.598422e+00,6.842683e+00,6.787845e+00,6.967909e+00
6.797940e+00,6.529419e+00,6.163315e+00,5.950643e+00,6.579251e+00,6.647688e+00,5.948035e+00,6.329721e+00,6.456770e+00,6.796824e+00,7.446001e+00,6.444131e+00,6.742881e+00,6.508769e+00,6.345636e+00,5.598422e+00,6.740519e+00,6.824374e+00,6.910751e+00
6.838405e+00,6.527958e+00,6.165418e+00,5.961005e+00,6.569481e+00,6.656727e+00,5.669881e+00,6.483107e+00,6.415097e+00,6.796824e+00,7.431892e+00,6.444131e+00,6.742881e+00,6.543912e+00,6.175867e+00,5.613128e+00,6.723832e+00,7.069874e+00,6.887553e+00
6.788972e+00,6.493754e+00,6.291569e+00,5.828946e+00,6.639876e+00,6.652863e+00,5.129899e+00,6.656727e+00,6.411818e+00,6.802395e+00,7.412160e+00,6.444131e+00,6.742881e+00,6.558198e+00,6.175867e+00,6.142037e+00,6.749931e+00,7.096721e+00,6.887553e+00
6.542472e+00,6.566672e+00,6.526495e+00,5.786897e+00,6.659294e+00,6.652863e+00,4.595120e+00,6.742881e+00,6.295266e+00,6.874198e+00,7.367077e+00,6.444131e+00,6.742881e+00,6.452049e+00,6.093570e+00,6.107023e+00,6.580639e+00,7.099202e+00,6.887553e+00
6.484635e+00,6.629363e+00,6.580639e+00,5.552960e+00,6.729824e+00,6.666957e+00,4.584967e+00,6.735780e+00,6.224558e+00,6.878326e+00,7.372118e+00,6.444131e+00,6.742881e+00,6.419995e+00,6.093570e+00,6.077642e+00,6.632002e+00,7.105786e+00,7.081709e+00
6.620073e+00,6.553933e+00,6.654153e+00,5.549076e+00,6.731018e+00,6.666957e+00,4.584967e+00,6.734592e+00,6.226537e+00,6.783325e+00,7.373374e+00,6.444131e+00,6.742881e+00,6.259581e+00,6.091310e+00,6.261492e+00,6.946014e+00,7.191429e+00,7.070724e+00
6.620073e+00,6.553933e+00,6.654153e+00,5.521461e+00,6.610696e+00,6.788972e+00,4.442651e+00,6.749931e+00,6.124683e+00,6.783325e+00,7.370231e+00,6.444131e+00,6.742881e+00,6.259581e+00,6.091310e+00,6.287859e+00,7.052721e+00,7.218177e+00,6.695799e+00
6.620073e+00,6.297109e+00,6.840547e+00,5.509388e+00,6.383507e+00,6.948897e+00,4.430817e+00,6.610696e+00,6.343880e+00,6.690842e+00,7.352441e+00,6.276643e+00,6.741701e+00,6.259581e+00,5.613128e+00,6.293419e+00,7.060476e+00,7.245655e+00,6.714171e+00
5.902633e+00,6.778785e+00,6.890609e+00,5.509388e+00,6.347389e+00,6.968850e+00,4.430817e+00,6.542472e+00,6.426488e+00,6.694562e+00,7.294377e+00,6.177944e+00,6.741701e+00,6.259581e+00,5.638355e+00,6.289716e+00,6.742881e+00,7.254885e+00,6.714171e+00
6.154858e+00,6.778785e+00,6.890609e+00,5.509388e+00,6.311735e+00,6.987490e+00,4.430817e+00,6.467699e+00,6.504288e+00,6.639876e+00,7.264030e+00,6.177944e+00,6.741701e+00,6.263398e+00,5.638355e+00,6.329721e+00,6.726233e+00,7.254885e+00,6.714171e+00
6.194405e+00,6.773080e+00,6.851185e+00,5.669881e+00,6.306275e+00,6.990257e+00,4.430817e+00,6.455199e+00,6.513230e+00,6.641182e+00,7.173192e+00,6.177944e+00,6.863803e+00,6.493754e+00,5.379897e+00,6.329721e+00,6.709304e+00,7.254885e+00,6.714171e+00
6.230481e+00,6.773080e+00,6.610696e+00,6.198479e+00,6.306275e+00,6.981935e+00,4.477337e+00,6.463029e+00,6.513230e+00,6.723832e+00,7.175490e+00,5.905362e+00,6.863803e+00,6.572283e+00,5.379897e+00,6.329721e+00,6.791221e+00,7.254885e+00,6.714171e+00
6.236370e+00,6.767343e+00,6.495266e+00,6.359574e+00,6.300786e+00,6.984716e+00,4.477337e+00,6.463029e+00,6.513230e+00,6.709304e+00,7.231287e+00,5.389072e+00,6.931472e+00,6.584791e+00,5.446737e+00,6.329721e+00,6.794587e+00,7.254885e+00,6.714171e+00
6.210600e+00,6.782192e+00,6.495266e+00,6.359574e+00,6.167516e+00,7.045777e+00,4.477337e+00,6.456770e+00,6.507278e+00,6.710523e+00,7.256297e+00,5.389072e+00,6.931472e+00,6.654153e+00,5.971262e+00,6.329721e+00,6.794587e+00,7.254885e+00,6.716595e+00
6.230481e+00,6.790097e+00,6.555357e+00,6.359574e+00,6.144186e+00,7.037906e+00,4.394449e+00,6.456770e+00,6.452049e+00,6.710523e+00,7.221836e+00,5.407172e+00,6.931472e+00,6.652863e+00,5.971262e+00,6.329721e+00,6.794587e+00,7.252762e+00,6.674561e+00
6.558198e+00,6.790097e+00,6.555357e+00,6.359574e+00,6.144186e+00,6.857514e+00,5.572154e+00,6.466145e+00,6.452049e+00,6.675823e+00,7.180070e+00,5.407172e+00,6.934397e+00,6.520621e+00,5.971262e+00,6.335054e+00,6.812345e+00,7.353722e+00,6.674561e+00
6.588926e+00,6.790097e+00,6.555357e+00,6.359574e+00,6.135565e+00,6.742881e+00,5.899897e+00,6.464588e+00,6.461468e+00,6.675823e+00,7.087574e+00,5.407172e+00,6.981006e+00,6.520621e+00,5.981414e+00,6.343880e+00,6.812345e+00,7.370231e+00,6.674561e+00
6.588926e+00,6.790097e+00,6.555357e+00,6.224558e+00,6.280396e+00,6.729824e+00,5.874931e+00,6.493754e+00,6.464588e+00,6.675823e+00,7.051856e+00,5.407172e+00,6.996681e+00,6.523562e+00,5.986452e+00,6.347389e+00,6.812345e+00,7.375256e+00,6.674561e+00
6.566672e+00,6.807935e+00,6.555357e+00,6.198479e+00,6.304449e+00,6.729824e+00,5.869297e+00,6.487684e+00,6.473891e+00,6.432940e+00,6.988413e+00,4.406719e+00,6.994850e+00,6.535241e+00,6.154858e+00,6.347389e+00,6.812345e+00,7.471932e+00,6.674561e+00
6.618739e+00,6.794587e+00,6.563856e+00,6.104793e+00,6.347389e+00,6.727432e+00,5.942799e+00,6.445720e+00,6.487684e+00,6.685861e+00,6.869014e+00,4.477337e+00,7.033506e+00,6.535241e+00,6.200509e+00,6.347389e+00,6.785588e+00,7.504392e+00,6.513230e+00
6.618739e+00,6.793466e+00,6.459904e+00,6.154858e+00,6.396930e+00,6.184149e+00,6.620073e+00,6.340359e+00,6.579251e+00,6.749931e+00,6.899723e+00,4.820282e+00,7.149132e+00,6.535241e+00,6.200509e+00,6.347389e+00,6.746412e+00,7.515889e+00,6.363028e+00
6.625392e+00,6.781058e+00,6.473891e+00,6.111467e+00,6.432940e+00,6.184149e+00,6.620073e+00,6.322565e+00,6.591674e+00,6.749931e+00,6.902743e+00,4.820282e+00,7.412764e+00,6.535241e+00,6.200509e+00,6.304449e+00,6.746412e+00,7.586296e+00,6.361302e+00
6.616065e+00,6.788972e+00,6.386879e+00,6.171701e+00,6.473891e+00,6.184149e+00,6.620073e+00,6.293419e+00,6.602588e+00,6.749931e+00,6.894670e+00,4.804021e+00,7.283448e+00,6.535241e+00,6.276643e+00,6.322565e+00,6.746412e+00,7.586296e+00,6.317165e+00
6.616065e+00,6.788972e+00,6.386879e+00,6.159095e+00,6.483107e+00,6.184149e+00,6.620073e+00,6.293419e+00,6.602588e+00,6.749931e+00,6.891626e+00,4.804021e+00,7.242798e+00,6.535241e+00,6.226537e+00,6.393591e+00,6.744059e+00,7.586296e+00,6.202536e+00
6.616065e+00,6.788972e+00,6.386879e+00,6.159095e+00,6.476972e+00,6.192362e+00,6.620073e+00,6.293419e+00,6.602588e+00,6.767343e+00,6.841615e+00,4.897840e+00,7.195937e+00,6.455199e+00,6.146329e+00,6.405228e+00,6.744059e+00,7.567346e+00,6.202536e+00
6.666957e+00,6.788972e+00,6.386879e+00,6.159095e+00,6.476972e+00,6.192362e+00,6.620073e+00,6.293419e+00,6.350886e+00,6.556778e+00,6.726233e+00,5.236442e+00,7.158514e+00,6.278521e+00,6.089045e+00,6.396930e+00,6.748760e+00,7.440147e+00,6.202536e+00
6.666957e+00,6.788972e+00,6.386879e+00,6.159095e+00,6.447306e+00,6.230481e+00,6.620073e+00,6.293419e+00,6.345636e+00,6.536692e+00,6.490724e+00,5.402677e+00,7.159292e+00,6.263398e+00,6.033086e+00,6.318968e+00,6.804615e+00,7.440147e+00,6.234411e+00
6.666957e+00,6.788972e+00,6.386879e+00,6.159095e+00,6.444131e+00,6.234411e+00,6.620073e+00,6.293419e+00,6.309918e+00,6.806829e+00,6.437752e+00,6.216606e+00,7.132498e+00,6.226537e+00,5.774552e+00,6.385194e+00,6.835185e+00,7.286876e+00,6.259581e+00
6.666957e+00,6.788972e+00,6.386879e+00,6.159095e+00,6.444131e+00,6.234411e+00,6.601230e+00,6.253829e+00,6.267201e+00,6.806829e+00,6.336826e+00,6.177944e+00,7.167809e+00,6.226537e+00,5.774552e+00,6.357842e+00,6.853299e+00,7.268223e+00,6.329721e+00
6.654153e+00,6.800170e+00,6.383507e+00,6.163315e+00,6.228511e+00,6.448889e+00,6.601230e+00,6.095825e+00,6.315358e+00,6.806829e+00,6.733402e+00,6.142037e+00,6.951772e+00,6.226537e+00,5.774552e+00,6.386879e+00,6.752270e+00,7.261927e+00,5.869297e+00
6.610696e+00,6.793466e+00,6.476972e+00,6.163315e+00,6.084499e+00,6.510258e+00,6.638568e+00,6.077642e+00,6.230481e+00,6.761573e+00,6.781058e+00,6.142037e+00,6.961296e+00,6.118097e+00,5.774552e+00,6.386879e+00,6.908755e+00,7.097549e+00,5.777652e+00
6.556778e+00,6.797940e+00,6.529419e+00,6.163315e+00,5.950643e+00,6.579251e+00,6.647688e+00,5.948035e+00,6.329721e+00,6.778785e+00,6.697034e+00,6.133398e+00,6.914731e+00,6.006353e+00,5.774552e+00,6.390241e+00,6.909753e+00,7.094235e+00,5.805135e+00
6.496775e+00,6.838405e+00,6.527958e+00,6.165418e+00,5.961005e+00,6.569481e+00,6.656727e+00,5.669881e+00,6.483107e+00,6.778785e+00,6.801283e+00,6.163315e+00,6.914731e+00,5.945421e+00,5.774552e+00,6.432940e+00,6.910751e+00,6.855409e+00,5.971262e+00
6.723832e+00,6.788972e+00,6.493754e+00,6.291569e+00,5.828946e+00,6.639876e+00,6.652863e+00,5.129899e+00,6.656727e+00,6.773080e+00,6.810142e+00,6.274762e+00,6.914731e+00,6.212606e+00,5.774552e+00,6.144186e+00,6.900731e+00,6.813445e+00,5.991465e+00
6.751101e+00,6.542472e+00,6.566672e+00,6.526495e+00,5.786897e+00,6.659294e+00,6.652863e+00,4.595120e+00,6.742881e+00,6.719013e+00,6.809039e+00,6.416732e+00,6.926577e+00,6.208590e+00,5.774552e+00,6.150603e+00,6.899723e+00,6.800170e+00,5.991465e+00
6.697034e+00,6.484635e+00,6.629363e+00,6.580639e+00,5.552960e+00,6.729824e+00,6.666957e+00,4.584967e+00,6.735780e+00,6.776507e+00,6.805723e+00,6.424869e+00,6.939254e+00,6.340359e+00,5.774552e+00,6.146329e+00,6.852243e+00,6.791221e+00,5.247024e+00
6.840547e+00,6.620073e+00,6.553933e+00,6.654153e+00,5.549076e+00,6.731018e+00,6.666957e+00,4.584967e+00,6.734592e+00,6.779922e+00,6.803505e+00,6.569481e+00,7.034388e+00,6.483107e+00,5.774552e+00,5.921578e+00,6.501290e+00,6.660575e+00,5.247024e+00
6.840547e+00,6.620073e+00,6.553933e+00,6.654153e+00,5.521461e+00,6.610696e+00,6.788972e+00,4.442651e+00,6.749931e+00,6.779922e+00,6.803505e+00,6.722630e+00,7.130099e+00,6.525030e+00,5.774552e+00,5.883322e+00,6.308098e+00,6.613384e+00,5.579730e+00
6.840547e+00,6.620073e+00,6.297109e+00,6.840547e+00,5.509388e+00,6.383507e+00,6.948897e+00,4.430817e+00,6.610696e+00,6.788972e+00,6.858565e+00,6.723832e+00,7.130099e+00,6.525030e+00,5.774552e+00,5.874931e+00,6.291569e+00,6.561031e+00,5.537334e+00
6.840547e+00,5.902633e+00,6.778785e+00,6.890609e+00,5.509388e+00,6.347389e+00,6.968850e+00,4.430817e+00,6.542472e+00,6.767343e+00,6.916715e+00,6.726233e+00,7.130099e+00,6.760415e+00,5.752573e+00,5.874931e+00,6.378426e+00,6.542472e+00,5.786897e+00
6.721426e+00,6.154858e+00,6.778785e+00,6.890609e+00,5.509388e+00,6.311735e+00,6.987490e+00,4.430817e+00,6.467699e+00,6.762730e+00,6.942157e+00,6.919684e+00,7.130099e+00,6.802395e+00,6.202536e+00,5.811141e+00,6.311735e+00,6.542472e+00,5.786897e+00
6.698268e+00,6.194405e+00,6.773080e+00,6.851185e+00,5.669881e+00,6.306275e+00,6.990257e+00,4.430817e+00,6.455199e+00,6.761573e+00,6.942157e+00,6.928538e+00,7.037906e+00,6.902743e+00,6.434547e+00,5.811141e+00,6.263398e+00,6.693324e+00,5.950643e+00
6.675823e+00,6.230481e+00,6.773080e+00,6.610696e+00,6.198479e+00,6.306275e+00,6.981935e+00,4.477337e+00,6.463029e+00,6.732211e+00,6.935370e+00,6.950815e+00,7.056175e+00,6.831954e+00,6.434547e+00,5.894403e+00,6.126869e+00,6.874198e+00,5.950643e+00
6.672033e+00,6.236370e+00,6.767343e+00,6.495266e+00,6.359574e+00,6.300786e+00,6.984716e+00,4.477337e+00,6.463029e+00,6.699500e+00,6.870053e+00,6.967909e+00,6.996681e+00,6.917706e+00,6.410175e+00,5.916202e+00,6.120297e+00,7.023759e+00,5.950643e+00
6.675823e+00,6.210600e+00,6.782192e+00,6.495266e+00,6.359574e+00,6.167516e+00,7.045777e+00,4.477337e+00,6.456770e+00,6.695799e+00,6.881411e+00,7.031741e+00,6.996681e+00,6.889591e+00,6.104793e+00,6.049733e+00,6.120297e+00,7.023759e+00,5.921578e+00
6.599870e+00,6.230481e+00,6.790097e+00,6.555357e+00,6.359574e+00,6.144186e+00,7.037906e+00,4.394449e+00,6.456770e+00,6.826545e+00,7.173192e+00,7.014814e+00,6.996681e+00,6.889591e+00,6.104793e+00,6.056784e+00,6.120297e+00,7.023759e+00,5.921578e+00
6.287859e+00,6.558198e+00,6.790097e+00,6.555357e+00,6.359574e+00,6.144186e+00,6.857514e+00,5.572154e+00,6.466145e+00,6.826545e+00,7.145196e+00,7.014814e+00,6.995766e+00,6.890609e+00,6.104793e+00,6.139885e+00,6.084499e+00,6.880384e+00,5.921578e+00
6.246107e+00,6.588926e+00,6.790097e+00,6.555357e+00,6.359574e+00,6.135565e+00,6.742881e+00,5.899897e+00,6.464588e+00,6.846943e+00,7.144407e+00,7.217443e+00,6.950815e+00,6.929517e+00,6.095825e+00,6.295266e+00,6.084499e+00,6.846943e+00,5.921578e+00
6.278521e+00,6.588926e+00,6.790097e+00,6.555357e+00,6.224558e+00,6.280396e+00,6.729824e+00,5.874931e+00,6.493754e+00,6.849066e+00,7.144407e+00,7.292337e+00,6.991177e+00,7.000334e+00,6.091310e+00,6.298949e+00,6.084499e+00,6.828712e+00,6.006353e+00
6.278521e+00,6.566672e+00,6.807935e+00,6.555357e+00,6.198479e+00,6.304449e+00,6.729824e+00,5.869297e+00,6.487684e+00,6.769642e+00,7.144407e+00,7.347944e+00,6.991177e+00,7.013915e+00,5.910797e+00,6.496775e+00,6.084499e+00,6.709304e+00,6.593045e+00
6.204558e+00,6.618739e+00,6.794587e+00,6.563856e+00,6.104793e+00,6.347389e+00,6.727432e+00,5.942799e+00,6.445720e+00,6.539586e+00,7.144407e+00,7.338888e+00,6.949856e+00,7.024649e+00,5.849325e+00,6.862758e+00,6.084499e+00,6.651572e+00,6.594413e+00
6.204558e+00,6.618739e+00,6.793466e+00,6.459904e+00,6.154858e+00,6.396930e+00,6.184149e+00,6.620073e+00,6.340359e+00,6.459904e+00,7.109062e+00,7.418181e+00,6.806829e+00,7.107425e+00,5.874931e+00,6.874198e+00,6.084499e+00,6.625392e+00,6.594413e+00
6.194405e+00,6.625392e+00,6.781058e+00,6.473891e+00,6.111467e+00,6.432940e+00,6.184149e+00,6.620073e+00,6.322565e+00,6.459904e+00,7.072422e+00,7.466228e+00,6.152733e+00,7.130099e+00,6.226537e+00,7.095064e+00,6.084499e+00,6.429719e+00,6.594413e+00
6.194405e+00,6.616065e+00,6.788972e+00,6.386879e+00,6.171701e+00,6.473891e+00,6.184149e+00,6.620073e+00,6.293419e+00,6.459904e+00,7.072422e+00,7.466228e+00,6.150603e+00,7.153052e+00,6.159095e+00,7.086738e+00,6.118097e+00,6.429719e+00,6.594413e+00
6.194405e+00,6.616065e+00,6.788972e+00,6.386879e+00,6.159095e+00,6.483107e+00,6.184149e+00,6.620073e+00,6.293419e+00,6.459904e+00,7.072422e+00,7.466228e+00,6.150603e+00,7.153052e+00,6.159095e+00,7.051856e+00,6.150603e+00,6.429719e+00,6.594413e+00
6.381816e+00,6.616065e+00,6.788972e+00,6.386879e+00,6.159095e+00,6.476972e+00,6.192362e+00,6.620073e+00,6.293419e+00,6.440947e+00,7.072422e+00,7.459339e+00,6.150603e+00,7.153052e+00,6.159095e+00,7.037028e+00,6.150603e+00,6.519147e+00,6.594413e+00
6.313548e+00,6.666957e+00,6.788972e+00,6.386879e+00,6.159095e+00,6.476972e+00,6.192362e+00,6.620073e+00,6.293419e+00,6.529419e+00,6.991177e+00,7.427739e+00,6.150603e+00,7.153052e+00,6.159095e+00,6.980076e+00,6.142037e+00,6.675823e+00,6.594413e+00
6.439350e+00,6.666957e+00,6.788972e+00,6.386879e+00,6.159095e+00,6.447306e+00,6.230481e+00,6.620073e+00,6.293419e+00,6.532334e+00,7.086738e+00,7.420579e+00,6.148468e+00,7.147559e+00,6.159095e+00,6.961296e+00,6.267201e+00,6.677083e+00,6.572283e+00
6.704414e+00,6.666957e+00,6.788972e+00,6.386879e+00,6.159095e+00,6.444131e+00,6.234411e+00,6.620073e+00,6.293419e+00,6.159095e+00,7.091742e+00,7.237778e+00,6.148468e+00,7.132498e+00,6.159095e+00,6.949856e+00,6.343880e+00,6.683361e+00,6.553933e+00
6.708084e+00,6.666957e+00,6.788972e+00,6.386879e+00,6.159095e+00,6.444131e+00,6.234411e+00,6.601230e+00,6.253829e+00,6.526495e+00,7.095893e+00,7.237778e+00,6.013715e+00,7.132498e+00,6.159095e+00,6.949856e+00,6.282267e+00,6.683361e+00,6.498282e+00
6.708084e+00,6.654153e+00,6.800170e+00,6.383507e+00,6.163315e+00,6.228511e+00,6.448889e+00,6.601230e+00,6.095825e+00,6.608001e+00,6.815640e+00,7.237778e+00,6.013715e+00,7.132498e+00,6.177944e+00,6.931472e+00,6.472346e+00,6.894670e+00,6.492240e+00
6.684612e+00,6.610696e+00,6.793466e+00,6.476972e+00,6.163315e+00,6.084499e+00,6.510258e+00,6.638568e+00,6.077642e+00,6.630683e+00,6.769642e+00,7.237059e+00,5.869297e+00,7.113956e+00,6.444131e+00,6.931472e+00,6.251904e+00,6.889591e+00,6.469250e+00
6.684612e+00,6.556778e+00,6.797940e+00,6.529419e+00,6.163315e+00,5.950643e+00,6.579251e+00,6.647688e+00,5.948035e+00,6.569481e+00,6.741701e+00,7.237059e+00,5.786897e+00,7.113956e+00,6.444131e+00,6.929517e+00,6.300786e+00,6.859615e+00,6.453625e+00
6.684612e+00,6.496775e+00,6.838405e+00,6.527958e+00,6.165418e+00,5.961005e+00,6.569481e+00,6.656727e+00,5.669881e+00,6.569481e+00,6.621406e+00,7.226936e+00,5.789960e+00,7.113956e+00,6.444131e+00,6.896694e+00,6.352629e+00,6.859615e+00,6.354370e+00
6.447306e+00,6.723832e+00,6.788972e+00,6.493754e+00,6.291569e+00,5.828946e+00,6.639876e+00,6.652863e+00,5.129899e+00,6.569481e+00,6.647688e+00,7.185387e+00,6.489205e+00,7.117206e+00,6.489205e+00,7.026427e+00,6.342121e+00,6.859615e+00,6.340359e+00
6.410175e+00,6.751101e+00,6.542472e+00,6.566672e+00,6.526495e+00,5.786897e+00,6.659294e+00,6.652863e+00,4.595120e+00,6.561031e+00,6.648985e+00,7.122060e+00,6.632002e+00,7.122060e+00,6.489205e+00,7.023759e+00,6.354370e+00,6.859615e+00,6.340359e+00
6.410175e+00,6.697034e+00,6.484635e+00,6.629363e+00,6.580639e+00,5.552960e+00,6.729824e+00,6.666957e+00,4.584967e+00,6.963190e+00,6.642487e+00,7.118016e+00,6.654153e+00,7.062192e+00,6.489205e+00,7.023759e+00,6.357842e+00,6.870053e+00,6.340359e+00
5.963579e+00,6.840547e+00,6.620073e+00,6.553933e+00,6.654153e+00,5.549076e+00,6.731018e+00,6.666957e+00,4.584967e+00,7.156956e+00,6.642487e+00,7.037028e+00,6.511745e+00,6.985642e+00,6.489205e+00,7.023759e+00,6.563856e+00,6.870053e+00,6.340359e+00
6.177944e+00,6.840547e+00,6.620073e+00,6.553933e+00,6.654153e+00,5.521461e+00,6.610696e+00,6.788972e+00,4.442651e+00,7.156956e+00,6.642487e+00,6.927558e+00,6.327937e+00,6.959399e+00,6.489205e+00,7.023759e+00,6.566672e+00,6.870053e+00,6.198479e+00
6.177944e+00,6.840547e+00,6.620073e+00,6.297109e+00,6.840547e+00,5.509388e+00,6.383507e+00,6.948897e+00,4.430817e+00,7.150701e+00,6.573680e+00,6.929517e+00,6.413459e+00,6.962243e+00,6.489205e+00,7.023759e+00,6.677083e+00,6.873164e+00,6.340359e+00
6.177944e+00,6.840547e+00,5.902633e+00,6.778785e+00,6.890609e+00,5.509388e+00,6.347389e+00,6.968850e+00,4.430817e+00,7.149917e+00,6.490724e+00,6.927558e+00,6.480045e+00,6.774224e+00,6.489205e+00,7.023759e+00,6.661855e+00,7.047517e+00,6.204558e+00
6.177944e+00,6.721426e+00,6.154858e+00,6.778785e+00,6.890609e+00,5.509388e+00,6.311735e+00,6.987490e+00,4.430817e+00,7.145196e+00,6.565265e+00,6.765039e+00,6.480045e+00,6.728629e+00,6.171701e+00,7.023759e+00,6.656727e+00,7.057898e+00,6.302619e+00
6.177944e+00,6.698268e+00,6.194405e+00,6.773080e+00,6.851185e+00,5.669881e+00,6.306275e+00,6.990257e+00,4.430817e+00,7.145196e+00,6.591674e+00,6.777647e+00,6.480045e+00,6.463029e+00,5.857933e+00,7.023759e+00,6.613384e+00,6.956545e+00,6.190315e+00
6.177944e+00,6.675823e+00,6.230481e+00,6.773080e+00,6.610696e+00,6.198479e+00,6.306275e+00,6.981935e+00,4.477337e+00,7.112327e+00,6.520621e+00,6.756932e+00,6.447306e+00,6.463029e+00,5.857933e+00,6.997596e+00,6.927558e+00,6.821107e+00,6.192362e+00
6.356108e+00,6.672033e+00,6.236370e+00,6.767343e+00,6.495266e+00,6.359574e+00,6.300786e+00,6.984716e+00,4.477337e+00,7.097549e+00,6.504288e+00,6.735780e+00,6.447306e+00,6.289716e+00,5.857933e+00,6.990257e+00,6.929517e+00,6.684612e+00,6.276643e+00
6.350886e+00,6.675823e+00,6.210600e+00,6.782192e+00,6.495266e+00,6.359574e+00,6.167516e+00,7.045777e+00,4.477337e+00,7.097549e+00,6.380123e+00,6.648985e+00,6.447306e+00,6.249975e+00,5.857933e+00,6.940222e+00,6.931472e+00,6.684612e+00,6.361302e+00
6.350886e+00,6.599870e+00,6.230481e+00,6.790097e+00,6.555357e+00,6.359574e+00,6.144186e+00,7.037906e+00,4.394449e+00,6.999422e+00,5.545177e+00,6.647688e+00,6.447306e+00,6.285998e+00,5.945421e+00,7.042286e+00,6.931472e+00,6.687109e+00,6.431331e+00
6.350886e+00,6.287859e+00,6.558198e+00,6.790097e+00,6.555357e+00,6.359574e+00,6.144186e+00,6.857514e+00,5.572154e+00,7.003065e+00,5.541264e+00,6.647688e+00,6.444131e+00,6.483107e+00,5.961005e+00,7.013915e+00,6.931472e+00,6.687109e+00,6.472346e+00
6.350886e+00,6.246107e+00,6.588926e+00,6.790097e+00,6.555357e+00,6.359574e+00,6.135565e+00,6.742881e+00,5.899897e+00,6.985642e+00,5.743003e+00,6.267201e+00,6.442540e+00,6.429719e+00,5.961005e+00,6.936343e+00,6.931472e+00,6.690842e+00,6.473891e+00
6.320768e+00,6.278521e+00,6.588926e+00,6.790097e+00,6.555357e+00,6.224558e+00,6.280396e+00,6.729824e+00,5.874931e+00,6.983790e+00,5.743003e+00,6.073045e+00,6.354370e+00,6.331502e+00,5.961005e+00,6.966024e+00,6.931472e+00,6.690842e+00,6.445720e+00
6.320768e+00,6.278521e+00,6.566672e+00,6.807935e+00,6.555357e+00,6.198479e+00,6.304449e+00,6.729824e+00,5.869297e+00,6.983790e+00,5.743003e+00,5.880533e+00,6.354370e+00,6.289716e+00,5.961005e+00,6.932448e+00,7.023759e+00,6.583409e+00,5.908083e+00
6.320768e+00,6.204558e+00,6.618739e+00,6.794587e+00,6.563856e+00,6.104793e+00,6.347389e+00,6.727432e+00,5.942799e+00,6.983790e+00,6.171701e+00,5.880533e+00,6.373320e+00,6.308098e+00,5.966147e+00,6.609349e+00,7.023759e+00,6.569481e+00,5.940171e+00
6.320768e+00,6.204558e+00,6.618739e+00,6.793466e+00,6.459904e+00,6.154858e+00,6.396930e+00,6.184149e+00,6.620073e+00,6.983790e+00,6.192362e+00,5.214936e+00,6.390241e+00,6.115892e+00,5.991465e+00,6.594413e+00,7.023759e+00,6.813445e+00,6.018593e+00
6.320768e+00,6.194405e+00,6.625392e+00,6.781058e+00,6.473891e+00,6.111467e+00,6.432940e+00,6.184149e+00,6.620073e+00,6.983790e+00,6.272877e+00,4.770685e+00,6.418365e+00,6.056784e+00,5.521461e+00,6.198479e+00,7.054450e+00,6.815640e+00,6.317165e+00
6.320768e+00,6.194405e+00,6.616065e+00,6.788972e+00,6.386879e+00,6.171701e+00,6.473891e+00,6.184149e+00,6.620073e+00,7.051856e+00,6.272877e+00,5.159055e+00,6.480045e+00,6.122493e+00,5.497168e+00,6.198479e+00,7.041412e+00,6.995766e+00,6.533789e+00
6.320768e+00,6.194405e+00,6.616065e+00,6.788972e+00,6.386879e+00,6.159095e+00,6.483107e+00,6.184149e+00,6.620073e+00,7.133296e+00,6.272877e+00,5.262690e+00,6.715383e+00,6.122493e+00,5.652489e+00,6.198479e+00,7.092574e+00,7.004882e+00,6.558198e+00
6.120297e+00,6.381816e+00,6.616065e+00,6.788972e+00,6.386879e+00,6.159095e+00,6.476972e+00,6.192362e+00,6.620073e+00,7.171657e+00,6.298949e+00,5.942799e+00,6.735780e+00,6.122493e+00,5.910797e+00,6.198479e+00,7.224025e+00,6.967909e+00,6.700731e+00
6.120297e+00,6.313548e+00,6.666957e+00,6.788972e+00,6.386879e+00,6.159095e+00,6.476972e+00,6.192362e+00,6.620073e+00,7.142037e+00,6.308098e+00,6.445720e+00,6.735780e+00,6.122493e+00,5.988961e+00,6.200509e+00,7.257708e+00,6.853299e+00,6.731018e+00
5.942799e+00,6.439350e+00,6.666957e+00,6.788972e+00,6.386879e+00,6.159095e+00,6.447306e+00,6.230481e+00,6.620073e+00,7.081709e+00,6.086775e+00,6.411818e+00,6.735780e+00,6.122493e+00,5.988961e+00,6.161207e+00,7.177019e+00,6.852243e+00,6.800170e+00
5.981414e+00,6.704414e+00,6.666957e+00,6.788972e+00,6.386879e+00,6.159095e+00,6.444131e+00,6.234411e+00,6.620073e+00,7.136483e+00,6.073045e+00,6.418365e+00,6.735780e+00,6.232448e+00,6.016157e+00,6.218600e+00,7.123673e+00,6.900731e+00,6.801283e+00
6.068426e+00,6.708084e+00,6.666957e+00,6.788972e+00,6.386879e+00,6.159095e+00,6.444131e+00,6.234411e+00,6.601230e+00,6.994850e+00,6.061457e+00,6.517671e+00,6.735780e+00,6.238325e+00,6.175867e+00,6.244167e+00,7.148346e+00,6.900731e+00,6.801283e+00
6.126869e+00,6.708084e+00,6.654153e+00,6.800170e+00,6.383507e+00,6.163315e+00,6.228511e+00,6.448889e+00,6.601230e+00,6.940222e+00,6.040255e+00,6.525030e+00,6.735780e+00,6.249975e+00,6.440947e+00,6.244167e+00,7.015712e+00,6.690842e+00,6.801283e+00
6.165418e+00,6.684612e+00,6.610696e+00,6.793466e+00,6.476972e+00,6.163315e+00,6.084499e+00,6.510258e+00,6.638568e+00,6.970730e+00,6.040255e+00,6.525030e+00,6.735780e+00,6.285998e+00,6.248043e+00,6.244167e+00,6.999422e+00,6.886532e+00,6.838405e+00
6.165418e+00,6.684612e+00,6.556778e+00,6.797940e+00,6.529419e+00,6.163315e+00,5.950643e+00,6.579251e+00,6.647688e+00,6.970730e+00,6.052089e+00,6.526495e+00,6.736967e+00,6.311735e+00,6.248043e+00,6.244167e+00,6.974479e+00,7.012115e+00,6.852243e+00
6.342121e+00,6.684612e+00,6.496775e+00,6.838405e+00,6.527958e+00,6.165418e+00,5.961005e+00,6.569481e+00,6.656727e+00,6.970730e+00,6.165418e+00,6.526495e+00,6.735780e+00,6.311735e+00,6.249975e+00,6.242223e+00,6.946014e+00,7.103322e+00,6.854355e+00
6.542472e+00,6.447306e+00,6.723832e+00,6.788972e+00,6.493754e+00,6.291569e+00,5.828946e+00,6.639876e+00,6.652863e+00,6.970730e+00,6.102559e+00,6.526495e+00,6.236370e+00,6.040255e+00,6.196444e+00,5.765191e+00,6.941190e+00,7.107425e+00,6.858565e+00
6.606650e+00,6.410175e+00,6.751101e+00,6.542472e+00,6.566672e+00,6.526495e+00,5.786897e+00,6.659294e+00,6.652863e+00,6.958448e+00,6.100319e+00,6.526495e+00,5.986452e+00,6.025866e+00,6.196444e+00,5.820083e+00,6.934397e+00,7.107425e+00,6.858565e+00
6.606650e+00,6.410175e+00,6.697034e+00,6.484635e+00,6.629363e+00,6.580639e+00,5.552960e+00,6.729824e+00,6.666957e+00,6.475433e+00,6.100319e+00,6.526495e+00,5.908083e+00,6.052089e+00,6.196444e+00,5.828946e+00,6.932448e+00,7.099202e+00,6.858565e+00
6.605298e+00,5.963579e+00,6.840547e+00,6.620073e+00,6.553933e+00,6.654153e+00,5.549076e+00,6.731018e+00,6.666957e+00,6.040255e+00,6.100319e+00,6.526495e+00,5.908083e+00,6.122493e+00,6.196444e+00,5.828946e+00,6.803505e+00,7.099202e+00,6.858565e+00
6.470800e+00,6.177944e+00,6.840547e+00,6.620073e+00,6.553933e+00,6.654153e+00,5.521461e+00,6.610696e+00,6.788972e+00,6.059123e+00,6.100319e+00,6.526495e+00,5.905362e+00,6.169611e+00,6.196444e+00,5.913503e+00,6.806829e+00,7.138073e+00,6.858565e+00
6.473891e+00,6.177944e+00,6.840547e+00,6.620073e+00,6.297109e+00,6.840547e+00,5.509388e+00,6.383507e+00,6.948897e+00,6.196444e+00,6.100319e+00,6.522093e+00,5.758902e+00,6.313548e+00,6.196444e+00,6.206576e+00,6.710523e+00,7.141245e+00,6.771936e+00
6.476972e+00,6.177944e+00,6.840547e+00,5.902633e+00,6.778785e+00,6.890609e+00,5.509388e+00,6.347389e+00,6.968850e+00,6.196444e+00,6.122493e+00,6.522093e+00,5.616771e+00,6.436150e+00,6.196444e+00,6.309918e+00,6.664409e+00,6.983790e+00,6.771936e+00
6.476972e+00,6.177944e+00,6.721426e+00,6.154858e+00,6.778785e+00,6.890609e+00,5.509388e+00,6.311735e+00,6.987490e+00,6.196444e+00,5.937536e+00,6.484635e+00,5.634790e+00,6.469250e+00,6.196444e+00,6.364751e+00,6.708084e+00,7.056175e+00,6.711740e+00
6.476972e+00,6.177944e+00,6.698268e+00,6.194405e+00,6.773080e+00,6.851185e+00,5.669881e+00,6.306275e+00,6.990257e+00,6.196444e+00,5.886104e+00,6.572283e+00,5.777652e+00,6.426488e+00,6.196444e+00,6.364751e+00,6.708084e+00,7.068172e+00,6.711740e+00
6.476972e+00,6.177944e+00,6.675823e+00,6.230481e+00,6.773080e+00,6.610696e+00,6.198479e+00,6.306275e+00,6.981935e+00,6.196444e+00,5.886104e+00,6.616065e+00,5.948035e+00,6.629363e+00,6.196444e+00,6.390241e+00,6.293419e+00,7.044905e+00,6.726233e+00
6.320768e+00,6.356108e+00,6.672033e+00,6.236370e+00,6.767343e+00,6.495266e+00,6.359574e+00,6.300786e+00,6.984716e+00,6.234411e+00,5.924256e+00,6.622736e+00,6.049733e+00,6.614726e+00,6.196444e+00,6.555357e+00,6.315358e+00,7.010312e+00,6.673298e+00
6.320768e+00,6.350886e+00,6.675823e+00,6.210600e+00,6.782192e+00,6.495266e+00,6.359574e+00,6.167516e+00,7.045777e+00,6.234411e+00,5.926926e+00,6.664409e+00,6.167516e+00,6.610696e+00,6.196444e+00,6.856462e+00,6.313548e+00,7.010312e+00,6.720220e+00
6.324359e+00,6.350886e+00,6.599870e+00,6.230481e+00,6.790097e+00,6.555357e+00,6.359574e+00,6.144186e+00,7.037906e+00,6.236370e+00,5.926926e+00,6.839476e+00,6.175867e+00,6.584791e+00,6.129050e+00,6.769642e+00,6.393591e+00,7.036148e+00,6.679599e+00
6.396930e+00,6.350886e+00,6.287859e+00,6.558198e+00,6.790097e+00,6.555357e+00,6.359574e+00,6.144186e+00,6.857514e+00,6.244167e+00,5.926926e+00,6.902743e+00,6.175867e+00,6.466145e+00,6.115892e+00,6.807935e+00,6.423247e+00,7.036148e+00,6.841615e+00
6.405228e+00,6.350886e+00,6.246107e+00,6.588926e+00,6.790097e+00,6.555357e+00,6.359574e+00,6.135565e+00,6.742881e+00,6.244167e+00,5.762051e+00,6.897705e+00,6.180017e+00,6.458338e+00,6.115892e+00,7.136483e+00,6.423247e+00,7.044905e+00,6.850126e+00
6.405228e+00,6.320768e+00,6.278521e+00,6.588926e+00,6.790097e+00,6.555357e+00,6.224558e+00,6.280396e+00,6.729824e+00,6.244167e+00,5.762051e+00,6.884487e+00,6.165418e+00,6.393591e+00,6.115892e+00,7.244228e+00,6.423247e+00,7.044905e+00,6.834109e+00
6.405228e+00,6.320768e+00,6.278521e+00,6.566672e+00,6.807935e+00,6.555357e+00,6.198479e+00,6.304449e+00,6.729824e+00,6.520621e+00,5.762051e+00,6.876265e+00,6.165418e+00,6.572283e+00,6.115892e+00,7.259116e+00,6.270988e+00,7.032624e+00,6.765039e+00
6.405228e+00,6.320768e+00,6.204558e+00,6.618739e+00,6.794587e+00,6.563856e+00,6.104793e+00,6.347389e+00,6.727432e+00,6.525030e+00,5.017280e+00,6.883463e+00,6.142037e+00,6.569481e+00,6.159095e+00,7.252054e+00,6.272877e+00,7.037028e+00,6.749931e+00
6.405228e+00,6.320768e+00,6.204558e+00,6.618739e+00,6.793466e+00,6.459904e+00,6.154858e+00,6.396930e+00,6.184149e+00,6.553933e+00,5.940171e+00,6.884487e+00,6.120297e+00,6.624065e+00,6.154858e+00,7.252762e+00,6.272877e+00,6.846943e+00,6.712956e+00
6.405228e+00,6.320768e+00,6.194405e+00,6.625392e+00,6.781058e+00,6.473891e+00,6.111467e+00,6.432940e+00,6.184149e+00,6.633318e+00,5.863631e+00,6.867974e+00,6.082219e+00,6.624065e+00,6.248043e+00,7.253470e+00,6.204558e+00,7.001246e+00,6.617403e+00
6.405228e+00,6.320768e+00,6.194405e+00,6.616065e+00,6.788972e+00,6.386879e+00,6.171701e+00,6.473891e+00,6.184149e+00,6.598509e+00,5.863631e+00,6.833032e+00,6.200509e+00,6.543912e+00,6.555357e+00,7.255591e+00,6.251904e+00,6.858565e+00,6.426488e+00
6.459904e+00,6.320768e+00,6.194405e+00,6.616065e+00,6.788972e+00,6.386879e+00,6.159095e+00,6.483107e+00,6.184149e+00,6.535241e+00,5.863631e+00,6.831954e+00,5.823046e+00,6.569481e+00,6.508769e+00,7.289611e+00,6.095825e+00,6.985642e+00,6.418365e+00
6.527958e+00,6.120297e+00,6.381816e+00,6.616065e+00,6.788972e+00,6.386879e+00,6.159095e+00,6.476972e+00,6.192362e+00,6.456770e+00,5.823046e+00,6.605298e+00,5.996452e+00,6.641182e+00,6.472346e+00,7.409136e+00,5.616771e+00,6.978214e+00,6.579251e+00
6.634633e+00,6.120297e+00,6.313548e+00,6.666957e+00,6.788972e+00,6.386879e+00,6.159095e+00,6.476972e+00,6.192362e+00,6.415097e+00,5.808142e+00,6.194405e+00,6.154858e+00,6.732211e+00,6.461468e+00,7.439559e+00,5.429346e+00,7.028201e+00,6.545350e+00
6.848005e+00,5.942799e+00,6.439350e+00,6.666957e+00,6.788972e+00,6.386879e+00,6.159095e+00,6.447306e+00,6.230481e+00,6.411818e+00,5.808142e+00,6.192362e+00,6.257668e+00,6.742881e+00,6.461468e+00,7.450080e+00,5.424950e+00,7.033506e+00,6.455199e+00
6.647688e+00,5.981414e+00,6.704414e+00,6.666957e+00,6.788972e+00,6.386879e+00,6.159095e+00,6.444131e+00,6.234411e+00,6.295266e+00,5.808142e+00,6.184149e+00,6.304449e+00,6.678342e+00,6.444131e+00,7.418181e+00,5.416100e+00,7.094235e+00,6.496775e+00
6.606650e+00,6.068426e+00,6.708084e+00,6.666957e+00,6.788972e+00,6.386879e+00,6.159095e+00,6.444131e+00,6.234411e+00,6.224558e+00,6.006353e+00,6.042633e+00,6.304449e+00,6.726233e+00,6.324359e+00,7.447751e+00,5.509388e+00,7.163947e+00,6.502790e+00
6.692084e+00,6.126869e+00,6.708084e+00,6.654153e+00,6.800170e+00,6.383507e+00,6.163315e+00,6.228511e+00,6.448889e+00,6.226537e+00,6.013715e+00,6.030685e+00,6.313548e+00,6.719013e+00,5.998937e+00,7.461066e+00,5.874931e+00,7.237778e+00,6.502790e+00
6.669498e+00,6.165418e+00,6.684612e+00,6.610696e+00,6.793466e+00,6.476972e+00,6.163315e+00,6.084499e+00,6.510258e+00,6.124683e+00,6.232448e+00,6.047372e+00,6.313548e+00,6.697034e+00,5.902633e+00,7.526718e+00,6.218600e+00,7.147559e+00,6.455199e+00
6.739337e+00,6.165418e+00,6.684612e+00,6.556778e+00,6.797940e+00,6.529419e+00,6.163315e+00,5.950643e+00,6.579251e+00,6.343880e+00,6.421622e+00,6.045005e+00,6.329721e+00,6.735780e+00,5.902633e+00,7.542213e+00,6.224558e+00,7.057037e+00,6.487684e+00
6.680855e+00,6.342121e+00,6.684612e+00,6.496775e+00,6.838405e+00,6.527958e+00,6.165418e+00,5.961005e+00,6.569481e+00,6.426488e+00,6.383507e+00,6.045005e+00,6.329721e+00,6.747587e+00,5.899897e+00,7.636752e+00,6.224558e+00,6.961296e+00,6.517671e+00
6.508769e+00,6.542472e+00,6.447306e+00,6.723832e+00,6.788972e+00,6.493754e+00,6.291569e+00,5.828946e+00,6.639876e+00,6.504288e+00,6.436150e+00,6.184149e+00,6.333280e+00,6.747587e+00,5.894403e+00,7.644441e+00,6.222576e+00,6.956545e+00,6.538140e+00
6.442540e+00,6.606650e+00,6.410175e+00,6.751101e+00,6.542472e+00,6.566672e+00,6.526495e+00,5.786897e+00,6.659294e+00,6.513230e+00,6.436150e+00,6.184149e+00,6.350886e+00,6.749931e+00,5.942799e+00,7.636270e+00,6.267201e+00,7.085901e+00,6.538140e+00
6.444131e+00,6.606650e+00,6.410175e+00,6.697034e+00,6.484635e+00,6.629363e+00,6.580639e+00,5.552960e+00,6.729824e+00,6.513230e+00,6.522093e+00,6.336826e+00,6.350886e+00,6.736967e+00,5.942799e+00,7.654917e+00,6.267201e+00,7.128496e+00,6.538140e+00
6.459904e+00,6.605298e+00,5.963579e+00,6.840547e+00,6.620073e+00,6.553933e+00,6.654153e+00,5.549076e+00,6.731018e+00,6.513230e+00,6.536692e+00,6.363028e+00,6.350886e+00,6.698268e+00,6.035481e+00,7.667626e+00,6.253829e+00,7.132498e+00,6.541030e+00
6.464588e+00,6.470800e+00,6.177944e+00,6.840547e+00,6.620073e+00,6.553933e+00,6.654153e+00,5.521461e+00,6.610696e+00,6.507278e+00,6.536692e+00,6.363028e+00,6.472346e+00,6.670766e+00,6.035481e+00,7.675082e+00,6.244167e+00,7.115582e+00,6.541030e+00
6.687109e+00,6.473891e+00,6.177944e+00,6.840547e+00,6.620073e+00,6.297109e+00,6.840547e+00,5.509388e+00,6.383507e+00,6.452049e+00,6.536692e+00,6.442540e+00,6.499787e+00,6.572283e+00,6.206576e+00,7.662468e+00,6.244167e+00,7.111512e+00,6.548219e+00
6.861711e+00,6.476972e+00,6.177944e+00,6.840547e+00,5.902633e+00,6.778785e+00,6.890609e+00,5.509388e+00,6.347389e+00,6.452049e+00,6.522093e+00,6.455199e+00,6.522093e+00,6.478510e+00,6.318968e+00,7.640123e+00,6.244167e+00,7.118826e+00,6.551080e+00
6.861711e+00,6.476972e+00,6.177944e+00,6.721426e+00,6.154858e+00,6.778785e+00,6.890609e+00,5.509388e+00,6.311735e+00,6.461468e+00,6.522093e+00,6.543912e+00,6.514713e+00,6.609349e+00,6.329721e+00,7.625107e+00,6.173786e+00,7.040536e+00,6.551080e+00
6.861711e+00,6.476972e+00,6.177944e+00,6.698268e+00,6.194405e+00,6.773080e+00,6.851185e+00,5.669881e+00,6.306275e+00,6.464588e+00,6.716595e+00,6.546785e+00,6.448889e+00,6.597146e+00,6.333280e+00,7.625107e+00,6.173786e+00,7.055313e+00,6.558198e+00
6.861711e+00,6.476972e+00,6.177944e+00,6.675823e+00,6.230481e+00,6.773080e+00,6.610696e+00,6.198479e+00,6.306275e+00,6.473891e+00,6.723832e+00,6.630683e+00,6.349139e+00,6.386879e+00,6.333280e+00,7.617760e+00,6.171701e+00,7.066467e+00,6.545350e+00
6.861711e+00,6.320768e+00,6.356108e+00,6.672033e+00,6.236370e+00,6.767343e+00,6.495266e+00,6.359574e+00,6.300786e+00,6.487684e+00,6.752270e+00,6.661855e+00,6.289716e+00,6.408529e+00,6.333280e+00,7.592870e+00,6.142037e+00,7.124478e+00,6.545350e+00
6.865891e+00,6.320768e+00,6.350886e+00,6.675823e+00,6.210600e+00,6.782192e+00,6.495266e+00,6.359574e+00,6.167516e+00,6.579251e+00,6.751101e+00,6.654153e+00,6.186209e+00,6.428105e+00,6.336826e+00,7.462789e+00,6.282267e+00,7.210818e+00,6.419995e+00
7.041412e+00,6.324359e+00,6.350886e+00,6.599870e+00,6.230481e+00,6.790097e+00,6.555357e+00,6.359574e+00,6.144186e+00,6.591674e+00,6.771936e+00,6.785588e+00,6.177944e+00,6.444131e+00,6.383507e+00,7.456455e+00,6.202536e+00,7.290975e+00,6.419995e+00
7.051856e+00,6.396930e+00,6.350886e+00,6.287859e+00,6.558198e+00,6.790097e+00,6.555357e+00,6.359574e+00,6.144186e+00,6.602588e+00,6.771936e+00,6.746412e+00,6.253829e+00,6.383507e+00,6.383507e+00,7.436617e+00,6.238325e+00,7.290975e+00,6.152733e+00
7.079184e+00,6.405228e+00,6.350886e+00,6.246107e+00,6.588926e+00,6.790097e+00,6.555357e+00,6.359574e+00,6.135565e+00,6.602588e+00,6.794587e+00,6.831954e+00,6.249975e+00,6.383507e+00,6.436150e+00,7.248504e+00,6.311735e+00,7.346010e+00,6.150603e+00
7.080868e+00,6.405228e+00,6.320768e+00,6.278521e+00,6.588926e+00,6.790097e+00,6.555357e+00,6.224558e+00,6.280396e+00,6.602588e+00,6.842683e+00,6.834109e+00,6.295266e+00,6.423247e+00,6.511745e+00,7.113142e+00,6.415097e+00,7.387709e+00,6.150603e+00
7.207119e+00,6.405228e+00,6.320768e+00,6.278521e+00,6.566672e+00,6.807935e+00,6.555357e+00,6.198479e+00,6.304449e+00,6.350886e+00,6.852243e+00,6.834109e+00,6.343880e+00,6.212606e+00,6.575076e+00,7.023759e+00,6.447306e+00,7.408531e+00,6.175867e+00
7.281386e+00,6.405228e+00,6.320768e+00,6.204558e+00,6.618739e+00,6.794587e+00,6.563856e+00,6.104793e+00,6.347389e+00,6.345636e+00,6.852243e+00,6.853299e+00,6.385194e+00,6.175867e+00,6.543912e+00,7.031741e+00,6.447306e+00,7.404279e+00,6.175867e+00
7.344073e+00,6.405228e+00,6.320768e+00,6.204558e+00,6.618739e+00,6.793466e+00,6.459904e+00,6.154858e+00,6.396930e+00,6.309918e+00,6.573680e+00,6.852243e+00,6.385194e+00,6.086775e+00,6.522093e+00,7.039660e+00,6.569481e+00,7.403670e+00,6.175867e+00
7.344073e+00,6.405228e+00,6.320768e+00,6.194405e+00,6.625392e+00,6.781058e+00,6.473891e+00,6.111467e+00,6.432940e+00,6.267201e+00,6.561031e+00,6.853299e+00,6.385194e+00,6.082219e+00,6.519147e+00,7.042286e+00,6.679599e+00,7.301822e+00,6.023448e+00
7.351158e+00,6.405228e+00,6.320768e+00,6.194405e+00,6.616065e+00,6.788972e+00,6.386879e+00,6.171701e+00,6.473891e+00,6.315358e+00,6.716595e+00,6.828712e+00,6.212606e+00,6.124683e+00,6.216606e+00,7.097549e+00,6.669498e+00,7.315218e+00,6.028279e+00
7.338238e+00,6.459904e+00,6.320768e+00,6.194405e+00,6.616065e+00,6.788972e+00,6.386879e+00,6.159095e+00,6.483107e+00,6.230481e+00,7.054450e+00,6.809039e+00,6.408529e+00,6.113682e+00,6.198479e+00,7.080026e+00,6.685861e+00,7.250636e+00,6.025866e+00
7.345365e+00,6.527958e+00,6.120297e+00,6.381816e+00,6.616065e+00,6.788972e+00,6.386879e+00,6.159095e+00,6.476972e+00,6.329721e+00,7.107425e+00,6.900731e+00,6.428105e+00,5.988961e+00,6.068426e+00,6.912743e+00,6.699500e+00,7.211557e+00,5.398163e+00
7.295056e+00,6.634633e+00,6.120297e+00,6.313548e+00,6.666957e+00,6.788972e+00,6.386879e+00,6.159095e+00,6.476972e+00,6.483107e+00,7.132498e+00,7.007601e+00,6.501290e+00,5.786897e+00,6.013715e+00,6.859615e+00,6.752270e+00,7.172425e+00,5.420535e+00
7.220374e+00,6.848005e+00,5.942799e+00,6.439350e+00,6.666957e+00,6.788972e+00,6.386879e+00,6.159095e+00,6.447306e+00,6.656727e+00,7.146772e+00,7.022868e+00,6.508769e+00,5.758902e+00,6.013715e+00,6.840547e+00,6.800170e+00,7.167809e+00,5.420535e+00
7.235619e+00,6.647688e+00,5.981414e+00,6.704414e+00,6.666957e+00,6.788972e+00,6.386879e+00,6.159095e+00,6.444131e+00,6.742881e+00,7.224753e+00,7.028201e+00,6.504288e+00,5.758902e+00,6.013715e+00,6.840547e+00,6.800170e+00,7.113142e+00,5.298317e+00
7.255591e+00,6.606650e+00,6.068426e+00,6.708084e+00,6.666957e+00,6.788972e+00,6.386879e+00,6.159095e+00,6.444131e+00,6.735780e+00,7.246368e+00,7.086738e+00,6.504288e+00,5.616771e+00,6.013715e+00,6.770789e+00,6.738152e+00,7.126087e+00,5.505332e+00
7.249926e+00,6.692084e+00,6.126869e+00,6.708084e+00,6.654153e+00,6.800170e+00,6.383507e+00,6.163315e+00,6.228511e+00,6.734592e+00,7.280697e+00,7.153834e+00,6.549651e+00,5.616771e+00,6.013715e+00,6.744059e+00,6.572283e+00,7.059618e+00,5.556828e+00
7.261927e+00,6.669498e+00,6.165418e+00,6.684612e+00,6.610696e+00,6.793466e+00,6.476972e+00,6.163315e+00,6.084499e+00,6.749931e+00,7.313220e+00,7.153052e+00,6.549651e+00,5.613128e+00,6.013715e+00,6.594413e+00,6.331502e+00,7.012115e+00,5.743003e+00
7.290975e+00,6.739337e+00,6.165418e+00,6.684612e+00,6.556778e+00,6.797940e+00,6.529419e+00,6.163315e+00,5.950643e+00,6.610696e+00,7.252762e+00,7.153052e+00,6.535241e+00,5.429346e+00,6.013715e+00,6.553933e+00,6.326149e+00,7.124478e+00,5.673323e+00
7.270313e+00,6.680855e+00,6.342121e+00,6.684612e+00,6.496775e+00,6.838405e+00,6.527958e+00,6.165418e+00,5.961005e+00,6.542472e+00,7.239933e+00,7.185387e+00,6.535241e+00,5.384495e+00,6.028279e+00,6.244167e+00,6.326149e+00,7.151485e+00,6.040255e+00
7.271009e+00,6.508769e+00,6.542472e+00,6.447306e+00,6.723832e+00,6.788972e+00,6.493754e+00,6.291569e+00,5.828946e+00,6.467699e+00,7.216709e+00,7.163947e+00,6.532334e+00,5.384495e+00,6.070738e+00,6.222576e+00,6.326149e+00,7.162397e+00,6.543912e+00
7.271009e+00,6.442540e+00,6.606650e+00,6.410175e+00,6.751101e+00,6.542472e+00,6.566672e+00,6.526495e+00,5.786897e+00,6.455199e+00,7.216709e+00,7.164720e+00,6.517671e+00,5.375278e+00,6.308098e+00,6.222576e+00,6.284134e+00,7.074117e+00,6.704414e+00
7.270313e+00,6.444131e+00,6.606650e+00,6.410175e+00,6.697034e+00,6.484635e+00,6.629363e+00,6.580639e+00,5.552960e+00,6.463029e+00,7.174724e+00,7.100852e+00,6.517671e+00,5.375278e+00,6.473891e+00,6.150603e+00,6.284134e+00,7.131699e+00,6.741701e+00
7.263330e+00,6.459904e+00,6.605298e+00,5.963579e+00,6.840547e+00,6.620073e+00,6.553933e+00,6.654153e+00,5.549076e+00,6.463029e+00,7.167038e+00,7.088409e+00,6.535241e+00,5.375278e+00,6.416732e+00,6.171701e+00,6.282267e+00,7.141245e+00,6.745236e+00
7.261225e+00,6.464588e+00,6.470800e+00,6.177944e+00,6.840547e+00,6.620073e+00,6.553933e+00,6.654153e+00,5.521461e+00,6.456770e+00,7.167038e+00,7.124478e+00,6.522093e+00,5.605802e+00,6.416732e+00,6.079933e+00,6.282267e+00,7.130099e+00,6.745236e+00
7.140453e+00,6.687109e+00,6.473891e+00,6.177944e+00,6.840547e+00,6.620073e+00,6.297109e+00,6.840547e+00,5.509388e+00,6.456770e+00,7.167038e+00,7.085064e+00,6.502790e+00,5.874931e+00,6.280396e+00,5.823046e+00,6.282267e+00,7.128496e+00,6.761573e+00
7.009409e+00,6.861711e+00,6.476972e+00,6.177944e+00,6.840547e+00,5.902633e+00,6.778785e+00,6.890609e+00,5.509388e+00,6.466145e+00,7.167038e+00,7.078342e+00,6.492240e+00,6.086775e+00,6.163315e+00,5.802118e+00,6.282267e+00,7.147559e+00,6.887553e+00
7.013915e+00,6.861711e+00,6.476972e+00,6.177944e+00,6.721426e+00,6.154858e+00,6.778785e+00,6.890609e+00,5.509388e+00,6.464588e+00,7.167038e+00,7.027315e+00,6.522093e+00,5.840642e+00,6.167516e+00,5.802118e+00,6.285998e+00,7.148346e+00,7.039660e+00
7.020191e+00,6.861711e+00,6.476972e+00,6.177944e+00,6.698268e+00,6.194405e+00,6.773080e+00,6.851185e+00,5.669881e+00,6.493754e+00,7.047517e+00,6.951772e+00,6.522093e+00,5.840642e+00,6.352629e+00,5.958425e+00,6.285998e+00,7.122867e+00,7.035269e+00
7.041412e+00,6.861711e+00,6.476972e+00,6.177944e+00,6.675823e+00,6.230481e+00,6.773080e+00,6.610696e+00,6.198479e+00,6.487684e+00,7.042286e+00,6.853299e+00,6.522093e+00,5.840642e+00,6.375025e+00,6.021023e+00,6.313548e+00,7.112327e+00,7.031741e+00
7.182352e+00,6.861711e+00,6.320768e+00,6.356108e+00,6.672033e+00,6.236370e+00,6.767343e+00,6.495266e+00,6.359574e+00,6.445720e+00,7.008505e+00,6.822197e+00,6.510258e+00,5.846439e+00,6.375025e+00,6.236370e+00,6.335054e+00,7.053586e+00,7.031741e+00
7.187657e+00,6.865891e+00,6.320768e+00,6.350886e+00,6.675823e+00,6.210600e+00,6.782192e+00,6.495266e+00,6.359574e+00,6.340359e+00,7.008505e+00,6.793466e+00,6.510258e+00,5.899897e+00,6.410175e+00,6.232448e+00,6.200509e+00,6.952729e+00,7.037906e+00
7.101676e+00,7.041412e+00,6.324359e+00,6.350886e+00,6.599870e+00,6.230481e+00,6.790097e+00,6.555357e+00,6.359574e+00,6.322565e+00,6.992096e+00,6.450470e+00,6.510258e+00,5.996452e+00,6.364751e+00,6.261492e+00,6.206576e+00,6.805723e+00,7.054450e+00
7.104144e+00,7.051856e+00,6.396930e+00,6.350886e+00,6.287859e+00,6.558198e+00,6.790097e+00,6.555357e+00,6.359574e+00,6.293419e+00,6.992096e+00,6.406880e+00,6.452049e+00,6.037871e+00,6.371612e+00,6.272877e+00,6.304449e+00,6.869014e+00,7.183112e+00
7.073270e+00,7.079184e+00,6.405228e+00,6.350886e+00,6.246107e+00,6.588926e+00,6.790097e+00,6.555357e+00,6.359574e+00,6.293419e+00,6.993933e+00,6.270988e+00,6.464588e+00,6.037871e+00,6.315358e+00,6.349139e+00,6.230481e+00,6.822197e+00,7.298445e+00
7.097549e+00,7.080868e+00,6.405228e+00,6.320768e+00,6.278521e+00,6.588926e+00,6.790097e+00,6.555357e+00,6.224558e+00,6.293419e+00,6.953684e+00,6.267201e+00,6.469250e+00,5.978886e+00,6.376727e+00,6.428105e+00,6.206576e+00,6.784457e+00,7.351800e+00
6.955593e+00,7.207119e+00,6.405228e+00,6.320768e+00,6.278521e+00,6.566672e+00,6.807935e+00,6.555357e+00,6.198479e+00,6.293419e+00,6.946976e+00,6.267201e+00,6.444131e+00,6.018593e+00,6.340359e+00,6.436150e+00,6.411818e+00,6.749931e+00,7.388328e+00
6.983790e+00,7.281386e+00,6.405228e+00,6.320768e+00,6.204558e+00,6.618739e+00,6.794587e+00,6.563856e+00,6.104793e+00,6.293419e+00,7.010312e+00,6.218600e+00,6.406880e+00,6.018593e+00,6.340359e+00,6.630683e+00,6.637258e+00,6.767343e+00,7.390181e+00
6.946976e+00,7.344073e+00,6.405228e+00,6.320768e+00,6.204558e+00,6.618739e+00,6.793466e+00,6.459904e+00,6.154858e+00,6.293419e+00,7.013016e+00,6.440947e+00,6.461468e+00,6.018593e+00,6.336826e+00,6.734592e+00,6.523562e+00,6.767343e+00,7.393263e+00
7.027315e+00,7.344073e+00,6.405228e+00,6.320768e+00,6.194405e+00,6.625392e+00,6.781058e+00,6.473891e+00,6.111467e+00,6.253829e+00,7.010312e+00,6.558198e+00,6.556778e+00,6.070738e+00,6.255750e+00,6.774224e+00,6.393591e+00,6.768493e+00,7.397562e+00
7.020191e+00,7.351158e+00,6.405228e+00,6.320768e+00,6.194405e+00,6.616065e+00,6.788972e+00,6.386879e+00,6.171701e+00,6.095825e+00,6.896694e+00,6.688355e+00,6.580639e+00,6.089045e+00,6.255750e+00,6.954639e+00,6.366470e+00,6.852243e+00,7.398174e+00
7.008505e+00,7.338238e+00,6.459904e+00,6.320768e+00,6.194405e+00,6.616065e+00,6.788972e+00,6.386879e+00,6.159095e+00,6.077642e+00,6.487684e+00,6.723832e+00,6.388561e+00,6.059123e+00,6.257668e+00,7.210818e+00,6.343880e+00,6.844815e+00,7.391415e+00
6.956545e+00,7.345365e+00,6.527958e+00,6.120297e+00,6.381816e+00,6.616065e+00,6.788972e+00,6.386879e+00,6.159095e+00,5.948035e+00,6.413459e+00,6.629363e+00,6.218600e+00,6.070738e+00,6.257668e+00,7.242798e+00,6.324359e+00,6.854355e+00,7.377759e+00
6.955593e+00,7.295056e+00,6.634633e+00,6.120297e+00,6.313548e+00,6.666957e+00,6.788972e+00,6.386879e+00,6.159095e+00,5.669881e+00,6.363028e+00,6.570883e+00,5.955837e+00,6.070738e+00,6.257668e+00,7.334329e+00,6.242223e+00,7.044905e+00,7.421178e+00
6.881411e+00,7.220374e+00,6.848005e+00,5.942799e+00,6.439350e+00,6.666957e+00,6.788972e+00,6.386879e+00,6.159095e+00,5.129899e+00,6.502790e+00,6.561031e+00,5.817111e+00,6.184149e+00,6.287859e+00,7.334329e+00,6.156979e+00,7.237778e+00,7.421178e+00
6.823286e+00,7.235619e+00,6.647688e+00,5.981414e+00,6.704414e+00,6.666957e+00,6.788972e+00,6.386879e+00,6.159095e+00,4.595120e+00,6.376727e+00,6.655440e+00,5.749393e+00,6.184149e+00,6.356108e+00,7.334329e+00,6.156979e+00,7.202661e+00,7.433075e+00
6.786717e+00,7.255591e+00,6.606650e+00,6.068426e+00,6.708084e+00,6.666957e+00,6.788972e+00,6.386879e+00,6.159095e+00,4.584967e+00,6.302619e+00,6.563856e+00,5.749393e+00,6.186209e+00,6.357842e+00,7.334329e+00,6.156979e+00,7.122867e+00,7.403061e+00
6.687109e+00,7.249926e+00,6.692084e+00,6.126869e+00,6.708084e+00,6.654153e+00,6.800170e+00,6.383507e+00,6.163315e+00,4.584967e+00,6.208590e+00,6.556778e+00,5.627621e+00,6.248043e+00,6.492240e+00,7.334329e+00,6.156979e+00,7.107425e+00,7.419381e+00
6.682109e+00,7.261927e+00,6.669498e+00,6.165418e+00,6.684612e+00,6.610696e+00,6.793466e+00,6.476972e+00,6.163315e+00,4.442651e+00,5.963579e+00,6.559615e+00,5.627621e+00,6.248043e+00,6.526495e+00,7.334329e+00,6.156979e+00,7.108244e+00,7.387090e+00
6.559615e+00,7.290975e+00,6.739337e+00,6.165418e+00,6.684612e+00,6.556778e+00,6.797940e+00,6.529419e+00,6.163315e+00,4.430817e+00,5.905362e+00,6.599870e+00,5.627621e+00,6.276643e+00,6.555357e+00,7.334329e+00,6.156979e+00,7.006695e+00,7.379008e+00
6.539586e+00,7.270313e+00,6.680855e+00,6.342121e+00,6.684612e+00,6.496775e+00,6.838405e+00,6.527958e+00,6.165418e+00,4.430817e+00,6.018593e+00,6.594413e+00,5.765191e+00,6.287859e+00,6.803505e+00,7.334329e+00,6.156979e+00,6.975414e+00,7.280008e+00
6.538140e+00,7.271009e+00,6.508769e+00,6.542472e+00,6.447306e+00,6.723832e+00,6.788972e+00,6.493754e+00,6.291569e+00,4.430817e+00,6.063785e+00,6.548219e+00,5.765191e+00,6.359574e+00,6.956545e+00,7.331060e+00,6.156979e+00,6.962243e+00,7.054450e+00
6.563856e+00,7.271009e+00,6.442540e+00,6.606650e+00,6.410175e+00,6.751101e+00,6.542472e+00,6.566672e+00,6.526495e+00,4.430817e+00,6.063785e+00,6.556778e+00,5.765191e+00,6.359574e+00,6.924612e+00,7.331715e+00,6.156979e+00,6.927558e+00,6.944087e+00
6.563856e+00,7.270313e+00,6.444131e+00,6.606650e+00,6.410175e+00,6.697034e+00,6.484635e+00,6.629363e+00,6.580639e+00,4.477337e+00,6.073045e+00,6.568078e+00,5.765191e+00,6.359574e+00,6.892642e+00,7.327123e+00,6.156979e+00,6.800170e+00,6.913737e+00
6.563856e+00,7.263330e+00,6.459904e+00,6.605298e+00,5.963579e+00,6.840547e+00,6.620073e+00,6.553933e+00,6.654153e+00,4.477337e+00,6.104793e+00,6.568078e+00,5.726848e+00,6.359574e+00,6.933423e+00,7.308543e+00,6.228511e+00,6.781058e+00,6.908755e+00
6.651572e+00,7.261225e+00,6.464588e+00,6.470800e+00,6.177944e+00,6.840547e+00,6.620073e+00,6.553933e+00,6.654153e+00,4.477337e+00,6.280396e+00,6.504288e+00,5.509388e+00,6.257668e+00,6.983790e+00,7.305860e+00,6.248043e+00,6.766192e+00,6.908755e+00
6.739337e+00,7.140453e+00,6.687109e+00,6.473891e+00,6.177944e+00,6.840547e+00,6.620073e+00,6.297109e+00,6.840547e+00,4.394449e+00,6.483107e+00,6.614726e+00,5.924256e+00,6.244167e+00,7.019297e+00,7.305860e+00,6.248043e+00,6.769642e+00,6.889591e+00
6.739337e+00,7.009409e+00,6.861711e+00,6.476972e+00,6.177944e+00,6.840547e+00,5.902633e+00,6.778785e+00,6.890609e+00,5.572154e+00,6.526495e+00,6.806829e+00,5.924256e+00,6.240276e+00,7.027315e+00,7.305860e+00,6.248043e+00,6.746412e+00,6.762730e+00
6.733402e+00,7.013915e+00,6.861711e+00,6.476972e+00,6.177944e+00,6.721426e+00,6.154858e+00,6.778785e+00,6.890609e+00,5.899897e+00,6.536692e+00,6.865891e+00,5.869297e+00,6.226537e+00,7.072422e+00,7.324490e+00,6.333280e+00,6.760415e+00,6.558198e+00
6.725034e+00,7.020191e+00,6.861711e+00,6.476972e+00,6.177944e+00,6.698268e+00,6.194405e+00,6.773080e+00,6.851185e+00,5.874931e+00,6.542472e+00,6.921658e+00,5.940171e+00,6.476972e+00,6.990257e+00,7.317212e+00,6.373320e+00,6.766192e+00,6.558198e+00
6.703188e+00,7.041412e+00,6.861711e+00,6.476972e+00,6.177944e+00,6.675823e+00,6.230481e+00,6.773080e+00,6.610696e+00,5.869297e+00,6.617403e+00,6.922644e+00,5.958425e+00,6.476972e+00,6.978214e+00,7.313220e+00,6.350886e+00,6.860664e+00,6.577861e+00
6.469250e+00,7.182352e+00,6.861711e+00,6.320768e+00,6.356108e+00,6.672033e+00,6.236370e+00,6.767343e+00,6.495266e+00,5.942799e+00,6.688355e+00,6.922644e+00,5.958425e+00,6.453625e+00,6.978214e+00,7.224025e+00,6.349139e+00,6.943122e+00,6.588926e+00
6.452049e+00,7.187657e+00,6.865891e+00,6.320768e+00,6.350886e+00,6.675823e+00,6.210600e+00,6.782192e+00,6.495266e+00,6.620073e+00,6.688355e+00,6.922644e+00,5.958425e+00,6.410175e+00,6.956545e+00,7.223296e+00,6.476972e+00,7.024649e+00,6.577861e+00
6.400257e+00,7.101676e+00,7.041412e+00,6.324359e+00,6.350886e+00,6.599870e+00,6.230481e+00,6.790097e+00,6.555357e+00,6.620073e+00,6.703188e+00,6.922644e+00,5.958425e+00,6.331502e+00,6.977281e+00,7.194437e+00,6.552508e+00,7.080026e+00,6.538140e+00
6.308098e+00,7.104144e+00,7.051856e+00,6.396930e+00,6.350886e+00,6.287859e+00,6.558198e+00,6.790097e+00,6.555357e+00,6.620073e+00,6.703188e+00,6.922644e+00,5.968708e+00,6.300786e+00,6.984716e+00,7.183871e+00,6.476972e+00,7.066467e+00,6.234411e+00
6.308098e+00,7.073270e+00,7.079184e+00,6.405228e+00,6.350886e+00,6.246107e+00,6.588926e+00,6.790097e+00,6.555357e+00,6.620073e+00,6.675823e+00,6.922644e+00,5.950643e+00,6.300786e+00,7.004882e+00,7.123673e+00,6.642487e+00,7.090077e+00,5.831882e+00
6.251904e+00,7.097549e+00,7.080868e+00,6.405228e+00,6.320768e+00,6.278521e+00,6.588926e+00,6.790097e+00,6.555357e+00,6.620073e+00,6.674561e+00,6.943122e+00,5.877736e+00,6.300786e+00,6.933423e+00,7.100852e+00,6.655440e+00,7.094235e+00,5.560682e+00
6.282267e+00,6.955593e+00,7.207119e+00,6.405228e+00,6.320768e+00,6.278521e+00,6.566672e+00,6.807935e+00,6.555357e+00,6.620073e+00,6.672033e+00,6.943122e+00,5.846439e+00,6.272877e+00,6.923629e+00,7.153834e+00,6.464588e+00,7.087574e+00,5.293305e+00
6.148468e+00,6.983790e+00,7.281386e+00,6.405228e+00,6.320768e+00,6.204558e+00,6.618739e+00,6.794587e+00,6.563856e+00,6.620073e+00,6.582025e+00,6.946014e+00,5.843544e+00,6.269096e+00,6.924612e+00,7.048386e+00,6.188264e+00,7.074963e+00,5.648974e+00
6.033086e+00,6.946976e+00,7.344073e+00,6.405228e+00,6.320768e+00,6.204558e+00,6.618739e+00,6.793466e+00,6.459904e+00,6.620073e+00,6.614726e+00,6.817831e+00,5.739793e+00,6.272877e+00,6.924612e+00,6.964136e+00,6.188264e+00,7.074963e+00,5.680173e+00
5.860786e+00,7.027315e+00,7.344073e+00,6.405228e+00,6.320768e+00,6.194405e+00,6.625392e+00,6.781058e+00,6.473891e+00,6.601230e+00,6.659294e+00,6.728629e+00,5.509388e+00,6.263398e+00,6.955593e+00,6.927558e+00,6.194405e+00,7.074117e+00,5.655992e+00
5.877736e+00,7.020191e+00,7.351158e+00,6.405228e+00,6.320768e+00,6.194405e+00,6.616065e+00,6.788972e+00,6.386879e+00,6.601230e+00,6.898715e+00,6.603944e+00,5.438079e+00,6.214608e+00,6.994850e+00,6.661855e+00,6.196444e+00,6.957497e+00,5.631212e+00
6.089045e+00,7.008505e+00,7.338238e+00,6.459904e+00,6.320768e+00,6.194405e+00,6.616065e+00,6.788972e+00,6.386879e+00,6.638568e+00,6.901737e+00,6.563856e+00,5.438079e+00,6.246107e+00,6.994850e+00,6.309918e+00,6.196444e+00,6.943122e+00,5.686975e+00
6.403574e+00,6.956545e+00,7.345365e+00,6.527958e+00,6.120297e+00,6.381816e+00,6.616065e+00,6.788972e+00,6.386879e+00,6.647688e+00,6.885510e+00,6.546785e+00,5.438079e+00,6.240276e+00,6.994850e+00,6.335054e+00,6.196444e+00,6.995766e+00,5.686975e+00
6.408529e+00,6.955593e+00,7.295056e+00,6.634633e+00,6.120297e+00,6.313548e+00,6.666957e+00,6.788972e+00,6.386879e+00,6.656727e+00,6.955593e+00,6.442540e+00,5.438079e+00,6.240276e+00,6.994850e+00,6.079933e+00,6.204558e+00,6.906755e+00,5.389072e+00
6.467699e+00,6.881411e+00,7.220374e+00,6.848005e+00,5.942799e+00,6.439350e+00,6.666957e+00,6.788972e+00,6.386879e+00,6.652863e+00,6.990257e+00,6.432940e+00,5.411646e+00,6.133398e+00,6.980076e+00,6.082219e+00,6.293419e+00,6.732211e+00,5.389072e+00
6.467699e+00,6.823286e+00,7.235619e+00,6.647688e+00,5.981414e+00,6.704414e+00,6.666957e+00,6.788972e+00,6.386879e+00,6.652863e+00,7.173192e+00,6.381816e+00,5.411646e+00,6.133398e+00,6.948897e+00,6.082219e+00,6.302619e+00,6.810142e+00,5.393628e+00
6.463029e+00,6.786717e+00,7.255591e+00,6.606650e+00,6.068426e+00,6.708084e+00,6.666957e+00,6.788972e+00,6.386879e+00,6.666957e+00,7.125283e+00,6.398595e+00,5.416100e+00,6.131226e+00,6.986566e+00,6.093570e+00,6.383507e+00,6.862758e+00,5.513429e+00
6.463029e+00,6.687109e+00,7.249926e+00,6.692084e+00,6.126869e+00,6.708084e+00,6.654153e+00,6.800170e+00,6.383507e+00,6.666957e+00,7.122867e+00,6.561031e+00,5.505332e+00,6.061457e+00,6.965080e+00,6.098074e+00,6.408529e+00,6.892642e+00,5.707110e+00
6.442540e+00,6.682109e+00,7.261927e+00,6.669498e+00,6.165418e+00,6.684612e+00,6.610696e+00,6.793466e+00,6.476972e+00,6.788972e+00,7.090077e+00,6.559615e+00,5.552960e+00,6.061457e+00,6.943122e+00,6.098074e+00,6.768493e+00,6.894670e+00,5.710427e+00
6.431331e+00,6.559615e+00,7.290975e+00,6.739337e+00,6.165418e+00,6.684612e+00,6.556778e+00,6.797940e+00,6.529419e+00,6.948897e+00,7.089243e+00,6.556778e+00,5.598422e+00,6.171701e+00,6.928538e+00,6.098074e+00,6.829794e+00,6.858565e+00,5.963579e+00
6.432940e+00,6.539586e+00,7.270313e+00,6.680855e+00,6.342121e+00,6.684612e+00,6.496775e+00,6.838405e+00,6.527958e+00,6.968850e+00,7.043160e+00,6.685861e+00,5.433722e+00,6.249975e+00,6.705639e+00,6.098074e+00,6.887553e+00,6.858565e+00,5.963579e+00
6.432940e+00,6.538140e+00,7.271009e+00,6.508769e+00,6.542472e+00,6.447306e+00,6.723832e+00,6.788972e+00,6.493754e+00,6.987490e+00,7.026427e+00,6.817831e+00,5.476464e+00,6.385194e+00,6.476972e+00,6.098074e+00,6.919684e+00,7.042286e+00,6.018593e+00
6.398595e+00,6.563856e+00,7.271009e+00,6.442540e+00,6.606650e+00,6.410175e+00,6.751101e+00,6.542472e+00,6.566672e+00,6.990257e+00,7.026427e+00,6.835185e+00,5.476464e+00,6.587550e+00,6.308098e+00,6.093570e+00,7.100027e+00,7.044905e+00,6.070738e+00
6.429719e+00,6.563856e+00,7.270313e+00,6.444131e+00,6.606650e+00,6.410175e+00,6.697034e+00,6.484635e+00,6.629363e+00,6.981935e+00,7.022868e+00,6.971669e+00,5.480639e+00,6.613384e+00,6.177944e+00,6.093570e+00,7.103322e+00,7.044905e+00,6.093570e+00
6.440947e+00,6.563856e+00,7.263330e+00,6.459904e+00,6.605298e+00,5.963579e+00,6.840547e+00,6.620073e+00,6.553933e+00,6.984716e+00,7.010312e+00,6.971669e+00,6.066108e+00,6.614726e+00,6.086775e+00,6.073045e+00,7.074117e+00,7.044905e+00,6.236370e+00
6.331502e+00,6.651572e+00,7.261225e+00,6.464588e+00,6.470800e+00,6.177944e+00,6.840547e+00,6.620073e+00,6.553933e+00,7.045777e+00,6.929517e+00,6.971669e+00,6.095825e+00,6.614726e+00,5.958425e+00,6.073045e+00,7.065613e+00,7.053586e+00,6.366470e+00
6.248043e+00,6.739337e+00,7.140453e+00,6.687109e+00,6.473891e+00,6.177944e+00,6.840547e+00,6.620073e+00,6.297109e+00,7.037906e+00,6.804615e+00,6.895683e+00,5.826000e+00,6.501290e+00,5.852202e+00,6.073045e+00,7.065613e+00,7.050989e+00,6.369901e+00
6.320768e+00,6.739337e+00,7.009409e+00,6.861711e+00,6.476972e+00,6.177944e+00,6.840547e+00,5.902633e+00,6.778785e+00,6.857514e+00,6.771936e+00,6.721426e+00,6.056784e+00,6.405228e+00,5.826000e+00,6.073045e+00,7.099202e+00,7.039660e+00,6.551080e+00
6.320768e+00,6.733402e+00,7.013915e+00,6.861711e+00,6.476972e+00,6.177944e+00,6.721426e+00,6.154858e+00,6.778785e+00,6.742881e+00,6.763885e+00,6.652863e+00,6.070738e+00,6.411818e+00,5.631212e+00,6.006353e+00,7.150701e+00,7.028201e+00,6.565265e+00
6.320768e+00,6.725034e+00,7.020191e+00,6.861711e+00,6.476972e+00,6.177944e+00,6.698268e+00,6.194405e+00,6.773080e+00,6.729824e+00,6.784457e+00,6.579251e+00,6.033086e+00,6.265301e+00,5.609472e+00,5.888878e+00,7.231287e+00,7.023759e+00,6.565265e+00
6.345636e+00,6.703188e+00,7.041412e+00,6.861711e+00,6.476972e+00,6.177944e+00,6.675823e+00,6.230481e+00,6.773080e+00,6.729824e+00,6.721426e+00,6.595781e+00,6.100319e+00,6.324359e+00,5.609472e+00,5.834811e+00,7.229839e+00,6.957497e+00,6.545350e+00
6.352629e+00,6.469250e+00,7.182352e+00,6.861711e+00,6.320768e+00,6.356108e+00,6.672033e+00,6.236370e+00,6.767343e+00,6.727432e+00,6.652863e+00,6.595781e+00,6.100319e+00,6.324359e+00,5.680173e+00,5.749393e+00,7.257708e+00,6.887553e+00,6.533789e+00
6.562444e+00,6.452049e+00,7.187657e+00,6.865891e+00,6.320768e+00,6.350886e+00,6.675823e+00,6.210600e+00,6.782192e+00,6.184149e+00,6.652863e+00,6.655440e+00,6.100319e+00,6.318968e+00,5.680173e+00,5.743003e+00,7.268920e+00,6.828712e+00,6.530878e+00
6.562444e+00,6.400257e+00,7.101676e+00,7.041412e+00,6.324359e+00,6.350886e+00,6.599870e+00,6.230481e+00,6.790097e+00,6.184149e+00,6.637258e+00,6.779922e+00,6.100319e+00,6.318968e+00,5.609472e+00,5.743003e+00,7.245655e+00,6.755769e+00,6.587550e+00
6.618739e+00,6.308098e+00,7.104144e+00,7.051856e+00,6.396930e+00,6.350886e+00,6.287859e+00,6.558198e+00,6.790097e+00,6.184149e+00,6.654153e+00,6.906755e+00,6.091310e+00,6.318968e+00,5.676754e+00,5.743003e+00,7.292337e+00,6.705639e+00,6.625392e+00
6.656727e+00,6.308098e+00,7.073270e+00,7.079184e+00,6.405228e+00,6.350886e+00,6.246107e+00,6.588926e+00,6.790097e+00,6.184149e+00,6.727432e+00,6.923629e+00,6.089045e+00,6.342121e+00,5.602119e+00,5.655992e+00,7.307202e+00,6.612041e+00,6.625392e+00
6.689599e+00,6.251904e+00,7.097549e+00,7.080868e+00,6.405228e+00,6.320768e+00,6.278521e+00,6.588926e+00,6.790097e+00,6.192362e+00,6.727432e+00,6.948897e+00,6.139885e+00,6.342121e+00,5.602119e+00,5.587249e+00,7.284135e+00,6.561031e+00,6.625392e+00
6.889591e+00,6.282267e+00,6.955593e+00,7.207119e+00,6.405228e+00,6.320768e+00,6.278521e+00,6.566672e+00,6.807935e+00,6.192362e+00,6.817831e+00,7.095064e+00,6.186209e+00,6.340359e+00,5.749393e+00,5.288267e+00,7.277939e+00,6.591674e+00,6.738152e+00
6.840547e+00,6.148468e+00,6.983790e+00,7.281386e+00,6.405228e+00,6.320768e+00,6.204558e+00,6.618739e+00,6.794587e+00,6.230481e+00,6.983790e+00,7.165493e+00,6.244167e+00,6.340359e+00,5.746203e+00,5.780744e+00,7.277939e+00,6.645091e+00,6.693324e+00
6.836259e+00,6.033086e+00,6.946976e+00,7.344073e+00,6.405228e+00,6.320768e+00,6.204558e+00,6.618739e+00,6.793466e+00,6.234411e+00,6.976348e+00,7.191429e+00,6.257668e+00,6.336826e+00,5.746203e+00,5.902633e+00,7.277939e+00,6.645091e+00,6.677083e+00
6.813445e+00,5.860786e+00,7.027315e+00,7.344073e+00,6.405228e+00,6.320768e+00,6.194405e+00,6.625392e+00,6.781058e+00,6.234411e+00,6.991177e+00,7.252762e+00,6.513230e+00,6.306275e+00,5.638355e+00,5.905362e+00,7.275865e+00,6.709304e+00,6.839476e+00
6.803505e+00,5.877736e+00,7.020191e+00,7.351158e+00,6.405228e+00,6.320768e+00,6.194405e+00,6.616065e+00,6.788972e+00,6.448889e+00,6.824374e+00,7.252762e+00,6.513230e+00,6.315358e+00,5.438079e+00,5.897154e+00,7.275172e+00,6.799056e+00,6.842683e+00
6.704414e+00,6.089045e+00,7.008505e+00,7.338238e+00,6.459904e+00,6.320768e+00,6.194405e+00,6.616065e+00,6.788972e+00,6.510258e+00,6.821107e+00,7.264730e+00,6.514713e+00,6.297109e+00,5.459586e+00,5.568345e+00,7.275172e+00,6.773080e+00,6.825460e+00
6.539586e+00,6.403574e+00,6.956545e+00,7.345365e+00,6.527958e+00,6.120297e+00,6.381816e+00,6.616065e+00,6.788972e+00,6.579251e+00,6.821107e+00,7.312553e+00,6.532334e+00,6.298949e+00,5.484797e+00,5.796058e+00,7.292337e+00,6.712956e+00,6.825460e+00
6.535241e+00,6.408529e+00,6.955593e+00,7.295056e+00,6.634633e+00,6.120297e+00,6.313548e+00,6.666957e+00,6.788972e+00,6.569481e+00,6.740519e+00,7.328437e+00,6.538140e+00,6.309918e+00,5.583496e+00,5.774552e+00,7.299121e+00,6.624065e+00,6.824374e+00
6.480045e+00,6.467699e+00,6.881411e+00,7.220374e+00,6.848005e+00,5.942799e+00,6.439350e+00,6.666957e+00,6.788972e+00,6.639876e+00,6.556778e+00,7.325808e+00,6.635947e+00,6.317165e+00,5.583496e+00,5.771441e+00,7.267525e+00,6.588926e+00,6.843750e+00
6.480045e+00,6.467699e+00,6.823286e+00,7.235619e+00,6.647688e+00,5.981414e+00,6.704414e+00,6.666957e+00,6.788972e+00,6.659294e+00,6.137727e+00,7.319202e+00,6.711740e+00,6.327937e+00,5.572154e+00,5.771441e+00,7.264030e+00,6.507278e+00,6.820016e+00
6.480045e+00,6.463029e+00,6.786717e+00,7.255591e+00,6.606650e+00,6.068426e+00,6.708084e+00,6.666957e+00,6.788972e+00,6.729824e+00,6.240276e+00,7.312553e+00,6.723832e+00,6.327937e+00,5.429346e+00,5.755742e+00,7.231287e+00,6.504288e+00,6.791221e+00
6.480045e+00,6.463029e+00,6.687109e+00,7.249926e+00,6.692084e+00,6.126869e+00,6.708084e+00,6.654153e+00,6.800170e+00,6.731018e+00,6.572283e+00,7.181592e+00,6.705639e+00,6.350886e+00,5.123964e+00,5.758902e+00,7.220374e+00,6.562444e+00,6.680855e+00
6.480045e+00,6.442540e+00,6.682109e+00,7.261927e+00,6.669498e+00,6.165418e+00,6.684612e+00,6.610696e+00,6.793466e+00,6.610696e+00,6.666957e+00,7.176255e+00,6.690842e+00,6.386879e+00,5.541264e+00,5.758902e+00,7.007601e+00,6.630683e+00,6.675823e+00
6.480045e+00,6.431331e+00,6.559615e+00,7.290975e+00,6.739337e+00,6.165418e+00,6.684612e+00,6.556778e+00,6.797940e+00,6.383507e+00,6.699500e+00,7.155396e+00,6.675823e+00,6.270988e+00,5.525453e+00,5.758902e+00,6.956545e+00,6.659294e+00,6.559615e+00
6.478510e+00,6.432940e+00,6.539586e+00,7.270313e+00,6.680855e+00,6.342121e+00,6.684612e+00,6.496775e+00,6.838405e+00,6.347389e+00,6.760415e+00,7.044033e+00,6.675823e+00,6.182085e+00,5.525453e+00,5.758902e+00,6.994850e+00,6.746412e+00,6.590301e+00
6.478510e+00,6.432940e+00,6.538140e+00,7.271009e+00,6.508769e+00,6.542472e+00,6.447306e+00,6.723832e+00,6.788972e+00,6.311735e+00,6.793466e+00,6.938284e+00,6.663133e+00,5.910797e+00,5.525453e+00,5.758902e+00,6.965080e+00,6.575076e+00,6.559615e+00
6.478510e+00,6.398595e+00,6.563856e+00,7.271009e+00,6.442540e+00,6.606650e+00,6.410175e+00,6.751101e+00,6.542472e+00,6.306275e+00,6.915723e+00,6.915723e+00,6.663133e+00,5.463832e+00,5.525453e+00,5.758902e+00,6.755769e+00,6.583409e+00,6.527958e+00
6.448889e+00,6.429719e+00,6.563856e+00,7.270313e+00,6.444131e+00,6.606650e+00,6.410175e+00,6.697034e+00,6.484635e+00,6.306275e+00,6.925595e+00,6.768493e+00,6.661855e+00,5.379897e+00,5.525453e+00,5.758902e+00,6.751101e+00,6.677083e+00,6.514713e+00
6.437752e+00,6.440947e+00,6.563856e+00,7.263330e+00,6.459904e+00,6.605298e+00,5.963579e+00,6.840547e+00,6.620073e+00,6.300786e+00,6.925595e+00,6.824374e+00,6.381816e+00,5.375278e+00,5.525453e+00,5.758902e+00,6.993015e+00,6.708084e+00,6.413459e+00
6.442540e+00,6.331502e+00,6.651572e+00,7.261225e+00,6.464588e+00,6.470800e+00,6.177944e+00,6.840547e+00,6.620073e+00,6.167516e+00,6.929517e+00,6.861711e+00,6.350886e+00,5.375278e+00,5.669881e+00,5.758902e+00,7.127694e+00,6.703188e+00,6.289716e+00
6.661855e+00,6.248043e+00,6.739337e+00,7.140453e+00,6.687109e+00,6.473891e+00,6.177944e+00,6.840547e+00,6.620073e+00,6.144186e+00,6.961296e+00,6.899723e+00,6.381816e+00,5.375278e+00,5.891644e+00,5.758902e+00,7.207119e+00,6.827629e+00,6.285998e+00
6.709304e+00,6.320768e+00,6.739337e+00,7.009409e+00,6.861711e+00,6.476972e+00,6.177944e+00,6.840547e+00,5.902633e+00,6.144186e+00,7.115582e+00,6.899723e+00,6.246107e+00,5.231109e+00,5.981414e+00,5.758902e+00,7.221105e+00,7.034388e+00,6.040255e+00
6.714171e+00,6.320768e+00,6.733402e+00,7.013915e+00,6.861711e+00,6.476972e+00,6.177944e+00,6.721426e+00,6.154858e+00,6.135565e+00,7.134094e+00,7.095893e+00,6.234411e+00,5.247024e+00,6.093570e+00,5.758902e+00,7.138867e+00,7.062192e+00,6.013715e+00
6.714171e+00,6.320768e+00,6.725034e+00,7.020191e+00,6.861711e+00,6.476972e+00,6.177944e+00,6.698268e+00,6.194405e+00,6.280396e+00,7.116394e+00,7.099202e+00,6.214608e+00,4.859812e+00,6.102559e+00,5.758902e+00,7.029973e+00,7.105786e+00,6.016157e+00
6.689599e+00,6.345636e+00,6.703188e+00,7.041412e+00,6.861711e+00,6.476972e+00,6.177944e+00,6.675823e+00,6.230481e+00,6.304449e+00,7.131699e+00,7.105786e+00,6.452049e+00,4.663439e+00,6.102559e+00,5.758902e+00,7.029973e+00,7.154615e+00,6.184149e+00
6.680855e+00,6.352629e+00,6.469250e+00,7.182352e+00,6.861711e+00,6.320768e+00,6.356108e+00,6.672033e+00,6.236370e+00,6.347389e+00,7.131699e+00,7.109879e+00,6.575076e+00,4.663439e+00,6.056784e+00,5.996452e+00,6.984716e+00,7.173958e+00,6.333280e+00
6.672033e+00,6.562444e+00,6.452049e+00,7.187657e+00,6.865891e+00,6.320768e+00,6.350886e+00,6.675823e+00,6.210600e+00,6.396930e+00,7.135687e+00,7.072422e+00,6.580639e+00,5.087596e+00,6.056784e+00,6.082219e+00,6.893656e+00,7.148346e+00,6.349139e+00
6.693324e+00,6.562444e+00,6.400257e+00,7.101676e+00,7.041412e+00,6.324359e+00,6.350886e+00,6.599870e+00,6.230481e+00,6.432940e+00,7.190676e+00,6.981006e+00,6.643790e+00,5.214936e+00,6.052089e+00,6.082219e+00,6.866933e+00,7.158514e+00,6.318968e+00
6.664409e+00,6.618739e+00,6.308098e+00,7.104144e+00,7.051856e+00,6.396930e+00,6.350886e+00,6.287859e+00,6.558198e+00,6.473891e+00,7.213768e+00,6.883463e+00,6.690842e+00,5.241747e+00,5.976351e+00,6.086775e+00,6.753438e+00,7.247081e+00,6.267201e+00
6.704414e+00,6.656727e+00,6.308098e+00,7.073270e+00,7.079184e+00,6.405228e+00,6.350886e+00,6.246107e+00,6.588926e+00,6.483107e+00,7.169350e+00,6.879356e+00,6.774224e+00,5.424950e+00,5.973810e+00,6.086775e+00,6.576470e+00,7.244228e+00,6.484635e+00
6.710523e+00,6.689599e+00,6.251904e+00,7.097549e+00,7.080868e+00,6.405228e+00,6.320768e+00,6.278521e+00,6.588926e+00,6.476972e+00,7.174724e+00,6.860664e+00,6.864848e+00,5.529429e+00,5.953243e+00,6.154858e+00,6.542472e+00,7.244228e+00,6.577861e+00
6.469250e+00,6.889591e+00,6.282267e+00,6.955593e+00,7.207119e+00,6.405228e+00,6.320768e+00,6.278521e+00,6.566672e+00,6.476972e+00,7.117206e+00,6.722630e+00,6.856462e+00,5.529429e+00,5.796058e+00,6.150603e+00,6.541030e+00,7.228388e+00,6.469250e+00
6.442540e+00,6.840547e+00,6.148468e+00,6.983790e+00,7.281386e+00,6.405228e+00,6.320768e+00,6.204558e+00,6.618739e+00,6.447306e+00,6.973543e+00,6.606650e+00,6.962243e+00,5.529429e+00,5.796058e+00,6.045005e+00,6.541030e+00,7.198931e+00,6.393591e+00
6.533789e+00,6.836259e+00,6.033086e+00,6.946976e+00,7.344073e+00,6.405228e+00,6.320768e+00,6.204558e+00,6.618739e+00,6.444131e+00,6.946976e+00,6.559615e+00,7.006695e+00,5.529429e+00,6.028279e+00,6.013715e+00,6.541030e+00,7.211557e+00,6.391917e+00
6.546785e+00,6.813445e+00,5.860786e+00,7.027315e+00,7.344073e+00,6.405228e+00,6.320768e+00,6.194405e+00,6.625392e+00,6.444131e+00,6.896694e+00,6.431331e+00,6.884487e+00,5.529429e+00,6.033086e+00,6.013715e+00,6.541030e+00,7.186901e+00,6.200509e+00
6.601230e+00,6.803505e+00,5.877736e+00,7.020191e+00,7.351158e+00,6.405228e+00,6.320768e+00,6.194405e+00,6.616065e+00,6.228511e+00,6.851185e+00,6.431331e+00,6.884487e+00,5.572154e+00,6.115892e+00,6.013715e+00,6.541030e+00,7.201171e+00,6.220590e+00
6.605298e+00,6.704414e+00,6.089045e+00,7.008505e+00,7.338238e+00,6.459904e+00,6.320768e+00,6.194405e+00,6.616065e+00,6.084499e+00,6.884487e+00,6.403574e+00,6.883463e+00,5.579730e+00,6.248043e+00,6.016157e+00,6.541030e+00,7.226209e+00,6.263398e+00
6.551080e+00,6.539586e+00,6.403574e+00,6.956545e+00,7.345365e+00,6.527958e+00,6.120297e+00,6.381816e+00,6.616065e+00,5.950643e+00,6.997596e+00,6.280396e+00,6.871091e+00,5.762051e+00,6.265301e+00,5.641907e+00,6.504288e+00,7.262629e+00,6.263398e+00
6.551080e+00,6.535241e+00,6.408529e+00,6.955593e+00,7.295056e+00,6.634633e+00,6.120297e+00,6.313548e+00,6.666957e+00,5.961005e+00,7.013915e+00,6.234411e+00,6.866933e+00,5.828946e+00,6.238325e+00,5.641907e+00,6.483107e+00,7.261225e+00,6.263398e+00
6.586172e+00,6.480045e+00,6.467699e+00,6.881411e+00,7.220374e+00,6.848005e+00,5.942799e+00,6.439350e+00,6.666957e+00,5.828946e+00,7.013915e+00,6.234411e+00,6.790097e+00,5.834811e+00,6.270988e+00,5.641907e+00,6.483107e+00,7.225481e+00,6.228511e+00
6.586172e+00,6.480045e+00,6.467699e+00,6.823286e+00,7.235619e+00,6.647688e+00,5.981414e+00,6.704414e+00,6.666957e+00,5.786897e+00,7.054450e+00,6.163315e+00,6.720220e+00,5.817111e+00,6.267201e+00,5.641907e+00,6.483107e+00,7.273093e+00,6.226537e+00
6.586172e+00,6.480045e+00,6.463029e+00,6.786717e+00,7.255591e+00,6.606650e+00,6.068426e+00,6.708084e+00,6.666957e+00,5.552960e+00,7.010312e+00,6.163315e+00,6.706862e+00,5.817111e+00,6.259581e+00,5.652489e+00,6.483107e+00,7.280697e+00,6.222576e+00
6.586172e+00,6.480045e+00,6.463029e+00,6.687109e+00,7.249926e+00,6.692084e+00,6.126869e+00,6.708084e+00,6.654153e+00,5.549076e+00,6.821107e+00,6.163315e+00,6.703188e+00,5.777652e+00,6.259581e+00,5.641907e+00,6.483107e+00,7.232733e+00,6.336826e+00
6.594413e+00,6.480045e+00,6.442540e+00,6.682109e+00,7.261927e+00,6.669498e+00,6.165418e+00,6.684612e+00,6.610696e+00,5.521461e+00,6.747587e+00,6.163315e+00,6.712956e+00,5.710427e+00,6.077642e+00,5.641907e+00,6.481577e+00,7.193686e+00,6.388561e+00
6.599870e+00,6.480045e+00,6.431331e+00,6.559615e+00,7.290975e+00,6.739337e+00,6.165418e+00,6.684612e+00,6.556778e+00,5.509388e+00,6.788972e+00,6.163315e+00,6.740519e+00,5.710427e+00,6.075346e+00,5.641907e+00,6.481577e+00,7.177019e+00,6.478510e+00
6.599870e+00,6.478510e+00,6.432940e+00,6.539586e+00,7.270313e+00,6.680855e+00,6.342121e+00,6.684612e+00,6.496775e+00,5.509388e+00,6.835185e+00,6.163315e+00,6.752270e+00,5.710427e+00,6.075346e+00,5.641907e+00,6.371612e+00,7.197435e+00,6.511745e+00
6.599870e+00,6.478510e+00,6.432940e+00,6.538140e+00,7.271009e+00,6.508769e+00,6.542472e+00,6.447306e+00,6.723832e+00,5.509388e+00,6.831954e+00,6.163315e+00,6.818924e+00,5.834811e+00,6.075346e+00,5.641907e+00,6.470800e+00,7.192934e+00,6.565265e+00
6.599870e+00,6.478510e+00,6.398595e+00,6.563856e+00,7.271009e+00,6.442540e+00,6.606650e+00,6.410175e+00,6.751101e+00,5.669881e+00,6.698268e+00,6.163315e+00,6.826545e+00,5.948035e+00,6.075346e+00,5.641907e+00,6.559615e+00,7.195937e+00,6.659294e+00
6.599870e+00,6.448889e+00,6.429719e+00,6.563856e+00,7.270313e+00,6.444131e+00,6.606650e+00,6.410175e+00,6.697034e+00,6.198479e+00,6.685861e+00,6.150603e+00,6.826545e+00,5.948035e+00,6.093570e+00,5.641907e+00,6.562444e+00,7.141245e+00,6.660575e+00
6.599870e+00,6.437752e+00,6.440947e+00,6.563856e+00,7.263330e+00,6.459904e+00,6.605298e+00,5.963579e+00,6.840547e+00,6.359574e+00,6.688355e+00,6.037871e+00,6.826545e+00,6.006353e+00,6.156979e+00,5.641907e+00,6.272877e+00,7.141245e+00,6.656727e+00
6.595781e+00,6.442540e+00,6.331502e+00,6.651572e+00,7.261225e+00,6.464588e+00,6.470800e+00,6.177944e+00,6.840547e+00,6.359574e+00,6.753438e+00,5.950643e+00,6.826545e+00,6.152733e+00,6.244167e+00,5.641907e+00,6.070738e+00,7.144407e+00,6.660575e+00
6.313548e+00,6.661855e+00,6.248043e+00,6.739337e+00,7.140453e+00,6.687109e+00,6.473891e+00,6.177944e+00,6.840547e+00,6.359574e+00,6.715383e+00,5.849325e+00,6.776507e+00,6.165418e+00,6.100319e+00,5.641907e+00,5.799093e+00,7.057037e+00,6.660575e+00
6.163315e+00,6.709304e+00,6.320768e+00,6.739337e+00,7.009409e+00,6.861711e+00,6.476972e+00,6.177944e+00,6.840547e+00,6.359574e+00,6.545350e+00,5.849325e+00,6.809039e+00,6.165418e+00,6.021023e+00,5.645447e+00,5.602119e+00,6.858565e+00,6.661855e+00
6.154858e+00,6.714171e+00,6.320768e+00,6.733402e+00,7.013915e+00,6.861711e+00,6.476972e+00,6.177944e+00,6.721426e+00,6.359574e+00,6.511745e+00,4.882802e+00,6.809039e+00,6.131226e+00,6.242223e+00,5.648974e+00,5.587249e+00,6.824374e+00,6.661855e+00
6.154858e+00,6.714171e+00,6.320768e+00,6.725034e+00,7.020191e+00,6.861711e+00,6.476972e+00,6.177944e+00,6.698268e+00,6.224558e+00,6.529419e+00,4.852030e+00,6.809039e+00,6.137727e+00,6.234411e+00,5.648974e+00,5.587249e+00,6.766192e+00,6.756932e+00
6.154858e+00,6.689599e+00,6.345636e+00,6.703188e+00,7.041412e+00,6.861711e+00,6.476972e+00,6.177944e+00,6.675823e+00,6.198479e+00,6.513230e+00,4.672829e+00,6.601230e+00,6.120297e+00,6.234411e+00,5.648974e+00,5.587249e+00,6.969791e+00,6.665684e+00
6.214608e+00,6.680855e+00,6.352629e+00,6.469250e+00,7.182352e+00,6.861711e+00,6.320768e+00,6.356108e+00,6.672033e+00,6.104793e+00,6.513230e+00,4.624973e+00,6.481577e+00,6.335054e+00,6.234411e+00,5.308268e+00,5.587249e+00,6.991177e+00,6.561031e+00
5.921578e+00,6.672033e+00,6.562444e+00,6.452049e+00,7.187657e+00,6.865891e+00,6.320768e+00,6.350886e+00,6.675823e+00,6.154858e+00,6.505784e+00,4.624973e+00,6.525030e+00,6.342121e+00,6.234411e+00,5.659482e+00,5.686975e+00,7.018402e+00,6.548219e+00
5.739793e+00,6.693324e+00,6.562444e+00,6.400257e+00,7.101676e+00,7.041412e+00,6.324359e+00,6.350886e+00,6.599870e+00,6.111467e+00,6.393591e+00,4.624973e+00,6.453625e+00,6.300786e+00,6.295266e+00,5.700444e+00,5.793014e+00,7.023759e+00,6.514713e+00
5.666427e+00,6.664409e+00,6.618739e+00,6.308098e+00,7.104144e+00,7.051856e+00,6.396930e+00,6.350886e+00,6.287859e+00,6.171701e+00,6.573680e+00,4.418841e+00,6.393591e+00,6.311735e+00,6.333280e+00,5.786897e+00,5.973810e+00,6.963190e+00,6.514713e+00
5.429346e+00,6.704414e+00,6.656727e+00,6.308098e+00,7.073270e+00,7.079184e+00,6.405228e+00,6.350886e+00,6.246107e+00,6.159095e+00,6.584791e+00,4.912655e+00,6.269096e+00,6.214608e+00,6.343880e+00,5.913503e+00,6.003887e+00,7.097549e+00,6.329721e+00
5.288267e+00,6.710523e+00,6.689599e+00,6.251904e+00,7.097549e+00,7.080868e+00,6.405228e+00,6.320768e+00,6.278521e+00,6.159095e+00,6.593045e+00,4.672829e+00,6.253829e+00,6.163315e+00,6.343880e+00,6.249975e+00,6.063785e+00,7.097549e+00,6.208590e+00
5.247024e+00,6.469250e+00,6.889591e+00,6.282267e+00,6.955593e+00,7.207119e+00,6.405228e+00,6.320768e+00,6.278521e+00,6.159095e+00,6.616065e+00,4.189655e+00,6.248043e+00,6.163315e+00,6.347389e+00,6.263398e+00,6.142037e+00,7.097549e+00,6.156979e+00
5.616771e+00,6.442540e+00,6.840547e+00,6.148468e+00,6.983790e+00,7.281386e+00,6.405228e+00,6.320768e+00,6.204558e+00,6.159095e+00,6.616065e+00,4.189655e+00,5.945421e+00,6.163315e+00,6.347389e+00,6.068426e+00,6.144186e+00,7.160846e+00,6.148468e+00
5.620401e+00,6.533789e+00,6.836259e+00,6.033086e+00,6.946976e+00,7.344073e+00,6.405228e+00,6.320768e+00,6.204558e+00,6.159095e+00,6.616065e+00,4.189655e+00,5.789960e+00,6.300786e+00,6.259581e+00,5.998937e+00,6.210600e+00,7.147559e+00,6.249975e+00
5.587249e+00,6.546785e+00,6.813445e+00,5.860786e+00,7.027315e+00,7.344073e+00,6.405228e+00,6.320768e+00,6.194405e+00,6.159095e+00,6.616065e+00,4.499810e+00,5.710427e+00,6.342121e+00,6.287859e+00,5.996452e+00,6.620073e+00,7.133296e+00,6.177944e+00
5.429346e+00,6.601230e+00,6.803505e+00,5.877736e+00,7.020191e+00,7.351158e+00,6.405228e+00,6.320768e+00,6.194405e+00,6.163315e+00,6.616065e+00,4.521789e+00,5.758902e+00,6.326149e+00,6.220590e+00,5.996452e+00,6.695799e+00,7.053586e+00,6.226537e+00
6.186209e+00,6.605298e+00,6.704414e+00,6.089045e+00,7.008505e+00,7.338238e+00,6.459904e+00,6.320768e+00,6.194405e+00,6.163315e+00,6.572283e+00,4.521789e+00,5.758902e+00,6.336826e+00,6.218600e+00,5.993961e+00,6.706862e+00,7.023759e+00,6.295266e+00
6.228511e+00,6.551080e+00,6.539586e+00,6.403574e+00,6.956545e+00,7.345365e+00,6.527958e+00,6.120297e+00,6.381816e+00,6.163315e+00,6.393591e+00,5.288267e+00,5.758902e+00,6.408529e+00,6.542472e+00,5.993961e+00,6.706862e+00,6.964136e+00,6.302619e+00
6.228511e+00,6.551080e+00,6.535241e+00,6.408529e+00,6.955593e+00,7.295056e+00,6.634633e+00,6.120297e+00,6.313548e+00,6.165418e+00,6.361302e+00,5.631212e+00,6.056784e+00,6.380123e+00,6.793466e+00,6.003887e+00,6.706862e+00,6.928538e+00,6.311735e+00
6.278521e+00,6.586172e+00,6.480045e+00,6.467699e+00,6.881411e+00,7.220374e+00,6.848005e+00,5.942799e+00,6.439350e+00,6.291569e+00,6.361302e+00,5.913503e+00,6.068426e+00,6.369901e+00,6.776507e+00,6.023448e+00,6.706862e+00,6.920672e+00,6.311735e+00
6.278521e+00,6.586172e+00,6.480045e+00,6.467699e+00,6.823286e+00,7.235619e+00,6.647688e+00,5.981414e+00,6.704414e+00,6.526495e+00,6.276643e+00,5.913503e+00,6.068426e+00,6.369901e+00,6.776507e+00,6.023448e+00,6.706862e+00,6.834109e+00,6.311735e+00
6.448889e+00,6.586172e+00,6.480045e+00,6.463029e+00,6.786717e+00,7.255591e+00,6.606650e+00,6.068426e+00,6.708084e+00,6.580639e+00,6.276643e+00,5.986452e+00,6.068426e+00,6.369901e+00,6.891626e+00,6.016157e+00,6.709304e+00,6.769642e+00,6.317165e+00
6.448889e+00,6.586172e+00,6.480045e+00,6.463029e+00,6.687109e+00,7.249926e+00,6.692084e+00,6.126869e+00,6.708084e+00,6.654153e+00,6.255750e+00,6.023448e+00,6.322565e+00,6.369901e+00,6.891626e+00,6.113682e+00,6.709304e+00,6.768493e+00,6.361302e+00
6.439350e+00,6.594413e+00,6.480045e+00,6.442540e+00,6.682109e+00,7.261927e+00,6.669498e+00,6.165418e+00,6.684612e+00,6.654153e+00,6.244167e+00,6.070738e+00,6.347389e+00,6.517671e+00,6.899723e+00,6.139885e+00,6.725034e+00,6.768493e+00,6.309918e+00
6.440947e+00,6.599870e+00,6.480045e+00,6.431331e+00,6.559615e+00,7.290975e+00,6.739337e+00,6.165418e+00,6.684612e+00,6.840547e+00,6.115892e+00,6.095825e+00,6.306275e+00,6.641182e+00,6.899723e+00,6.214608e+00,6.767343e+00,6.781058e+00,6.202536e+00
6.440947e+00,6.599870e+00,6.478510e+00,6.432940e+00,6.539586e+00,7.270313e+00,6.680855e+00,6.342121e+00,6.684612e+00,6.890609e+00,5.886104e+00,6.171701e+00,6.287859e+00,6.641182e+00,6.899723e+00,6.214608e+00,6.734592e+00,6.668228e+00,6.109248e+00
6.440947e+00,6.599870e+00,6.478510e+00,6.432940e+00,6.538140e+00,7.271009e+00,6.508769e+00,6.542472e+00,6.447306e+00,6.890609e+00,5.971262e+00,6.458338e+00,6.775366e+00,6.587550e+00,6.899723e+00,6.226537e+00,6.659294e+00,6.658011e+00,6.082219e+00
6.541030e+00,6.599870e+00,6.478510e+00,6.398595e+00,6.563856e+00,7.271009e+00,6.442540e+00,6.606650e+00,6.410175e+00,6.851185e+00,6.035481e+00,6.584791e+00,6.767343e+00,6.529419e+00,6.899723e+00,6.352629e+00,6.579251e+00,6.645091e+00,5.963579e+00
6.541030e+00,6.599870e+00,6.448889e+00,6.429719e+00,6.563856e+00,7.270313e+00,6.444131e+00,6.606650e+00,6.410175e+00,6.610696e+00,6.047372e+00,6.584791e+00,6.811244e+00,6.529419e+00,6.891626e+00,6.710523e+00,6.717805e+00,6.665684e+00,6.013715e+00
6.541030e+00,6.599870e+00,6.437752e+00,6.440947e+00,6.563856e+00,7.263330e+00,6.459904e+00,6.605298e+00,5.963579e+00,6.495266e+00,6.079933e+00,6.635947e+00,6.865891e+00,6.495266e+00,6.861711e+00,6.994850e+00,6.647688e+00,6.633318e+00,6.159095e+00
6.541030e+00,6.595781e+00,6.442540e+00,6.331502e+00,6.651572e+00,7.261225e+00,6.464588e+00,6.470800e+00,6.177944e+00,6.495266e+00,5.937536e+00,6.804615e+00,7.042286e+00,6.583409e+00,6.771936e+00,6.994850e+00,6.566672e+00,6.620073e+00,6.152733e+00
6.541030e+00,6.313548e+00,6.661855e+00,6.248043e+00,6.739337e+00,7.140453e+00,6.687109e+00,6.473891e+00,6.177944e+00,6.555357e+00,5.934894e+00,6.805723e+00,7.082549e+00,6.580639e+00,6.768493e+00,7.021976e+00,6.566672e+00,6.617403e+00,6.381816e+00
6.541030e+00,6.163315e+00,6.709304e+00,6.320768e+00,6.739337e+00,7.009409e+00,6.861711e+00,6.476972e+00,6.177944e+00,6.555357e+00,5.802118e+00,6.805723e+00,7.056175e+00,6.582025e+00,6.768493e+00,7.054450e+00,6.588926e+00,6.613384e+00,6.386879e+00
6.541030e+00,6.154858e+00,6.714171e+00,6.320768e+00,6.733402e+00,7.013915e+00,6.861711e+00,6.476972e+00,6.177944e+00,6.555357e+00,5.802118e+00,6.805723e+00,7.067320e+00,6.602588e+00,6.580639e+00,7.053586e+00,6.605298e+00,6.613384e+00,6.386879e+00
6.541030e+00,6.154858e+00,6.714171e+00,6.320768e+00,6.725034e+00,7.020191e+00,6.861711e+00,6.476972e+00,6.177944e+00,6.555357e+00,5.786897e+00,6.805723e+00,7.087574e+00,6.598509e+00,6.580639e+00,7.128496e+00,6.613384e+00,6.613384e+00,6.259581e+00
6.639876e+00,6.154858e+00,6.689599e+00,6.345636e+00,6.703188e+00,7.041412e+00,6.861711e+00,6.476972e+00,6.177944e+00,6.555357e+00,5.771441e+00,6.857514e+00,7.128496e+00,6.597146e+00,6.580639e+00,7.128496e+00,6.628041e+00,6.161207e+00,6.322565e+00
6.763885e+00,6.214608e+00,6.680855e+00,6.352629e+00,6.469250e+00,7.182352e+00,6.861711e+00,6.320768e+00,6.356108e+00,6.563856e+00,5.799093e+00,7.013915e+00,7.233455e+00,6.436150e+00,6.580639e+00,7.126087e+00,6.642487e+00,6.028279e+00,6.380123e+00
6.769642e+00,5.921578e+00,6.672033e+00,6.562444e+00,6.452049e+00,7.187657e+00,6.865891e+00,6.320768e+00,6.350886e+00,6.459904e+00,5.905362e+00,7.055313e+00,7.232733e+00,6.333280e+00,6.580639e+00,7.023759e+00,6.605298e+00,5.953243e+00,6.381816e+00
6.794587e+00,5.739793e+00,6.693324e+00,6.562444e+00,6.400257e+00,7.101676e+00,7.041412e+00,6.324359e+00,6.350886e+00,6.473891e+00,5.955837e+00,7.070724e+00,7.232733e+00,6.333280e+00,6.535241e+00,7.013016e+00,6.566672e+00,5.902633e+00,6.408529e+00
6.879356e+00,5.666427e+00,6.664409e+00,6.618739e+00,6.308098e+00,7.104144e+00,7.051856e+00,6.396930e+00,6.350886e+00,6.386879e+00,5.673323e+00,7.075809e+00,7.304516e+00,6.679599e+00,6.504288e+00,7.072422e+00,6.470800e+00,5.743003e+00,6.436150e+00
7.003065e+00,5.429346e+00,6.704414e+00,6.656727e+00,6.308098e+00,7.073270e+00,7.079184e+00,6.405228e+00,6.350886e+00,6.386879e+00,5.869297e+00,7.023759e+00,7.321189e+00,6.679599e+00,6.514713e+00,7.034388e+00,6.452049e+00,5.056246e+00,6.628041e+00
7.008505e+00,5.288267e+00,6.710523e+00,6.689599e+00,6.251904e+00,7.097549e+00,7.080868e+00,6.405228e+00,6.320768e+00,6.386879e+00,5.831882e+00,7.085901e+00,7.264030e+00,6.679599e+00,6.514713e+00,6.862758e+00,6.411818e+00,5.056246e+00,6.628041e+00
6.999422e+00,5.247024e+00,6.469250e+00,6.889591e+00,6.282267e+00,6.955593e+00,7.207119e+00,6.405228e+00,6.320768e+00,6.386879e+00,5.762051e+00,7.274480e+00,7.291656e+00,6.679599e+00,6.511745e+00,6.855409e+00,6.352629e+00,5.068904e+00,6.628041e+00
6.915723e+00,5.616771e+00,6.442540e+00,6.840547e+00,6.148468e+00,6.983790e+00,7.281386e+00,6.405228e+00,6.320768e+00,6.386879e+00,5.799093e+00,7.274480e+00,7.291656e+00,6.679599e+00,6.561031e+00,6.891626e+00,6.350886e+00,4.499810e+00,6.628041e+00
6.853299e+00,5.620401e+00,6.533789e+00,6.836259e+00,6.033086e+00,6.946976e+00,7.344073e+00,6.405228e+00,6.320768e+00,6.386879e+00,5.843544e+00,7.274480e+00,7.291656e+00,6.648985e+00,6.505784e+00,6.912743e+00,6.326149e+00,4.762174e+00,6.645091e+00
6.853299e+00,5.587249e+00,6.546785e+00,6.813445e+00,5.860786e+00,7.027315e+00,7.344073e+00,6.405228e+00,6.320768e+00,6.386879e+00,5.843544e+00,7.257708e+00,7.293018e+00,6.618739e+00,6.565265e+00,6.929517e+00,5.945421e+00,4.762174e+00,6.695799e+00
6.853299e+00,5.429346e+00,6.601230e+00,6.803505e+00,5.877736e+00,7.020191e+00,7.351158e+00,6.405228e+00,6.320768e+00,6.383507e+00,6.340359e+00,7.256297e+00,7.283448e+00,6.606650e+00,6.563856e+00,6.952729e+00,5.811141e+00,4.762174e+00,6.904751e+00
6.845880e+00,6.186209e+00,6.605298e+00,6.704414e+00,6.089045e+00,7.008505e+00,7.338238e+00,6.459904e+00,6.320768e+00,6.476972e+00,6.481577e+00,7.256297e+00,7.283448e+00,6.630683e+00,6.461468e+00,6.952729e+00,6.133398e+00,4.762174e+00,6.845880e+00
6.823286e+00,6.228511e+00,6.551080e+00,6.539586e+00,6.403574e+00,6.956545e+00,7.345365e+00,6.527958e+00,6.120297e+00,6.529419e+00,6.489205e+00,7.178545e+00,7.283448e+00,6.492240e+00,6.070738e+00,6.952729e+00,6.133398e+00,5.337538e+00,6.841615e+00
6.967909e+00,6.228511e+00,6.551080e+00,6.535241e+00,6.408529e+00,6.955593e+00,7.295056e+00,6.634633e+00,6.120297e+00,6.527958e+00,6.489205e+00,7.139660e+00,7.204893e+00,6.475433e+00,5.411646e+00,7.030857e+00,6.142037e+00,5.402677e+00,6.836259e+00
6.978214e+00,6.278521e+00,6.586172e+00,6.480045e+00,6.467699e+00,6.881411e+00,7.220374e+00,6.848005e+00,5.942799e+00,6.493754e+00,6.489205e+00,7.093405e+00,7.201171e+00,6.475433e+00,5.402677e+00,7.023759e+00,6.190315e+00,5.402677e+00,6.843750e+00
7.059618e+00,6.278521e+00,6.586172e+00,6.480045e+00,6.467699e+00,6.823286e+00,7.235619e+00,6.647688e+00,5.981414e+00,6.566672e+00,6.489205e+00,7.153052e+00,7.201171e+00,6.475433e+00,5.686975e+00,7.057037e+00,6.222576e+00,5.874931e+00,6.853299e+00
7.003065e+00,6.448889e+00,6.586172e+00,6.480045e+00,6.463029e+00,6.786717e+00,7.255591e+00,6.606650e+00,6.068426e+00,6.629363e+00,6.489205e+00,7.130899e+00,7.201171e+00,6.475433e+00,5.337538e+00,7.057037e+00,6.248043e+00,5.897154e+00,6.850126e+00
7.029088e+00,6.448889e+00,6.586172e+00,6.480045e+00,6.463029e+00,6.687109e+00,7.249926e+00,6.692084e+00,6.126869e+00,6.553933e+00,6.614726e+00,7.118826e+00,7.100852e+00,6.475433e+00,5.700444e+00,7.021084e+00,6.259581e+00,5.897154e+00,6.754604e+00
7.029088e+00,6.439350e+00,6.594413e+00,6.480045e+00,6.442540e+00,6.682109e+00,7.261927e+00,6.669498e+00,6.165418e+00,6.553933e+00,6.614726e+00,7.106606e+00,7.082549e+00,6.320768e+00,5.673323e+00,7.010312e+00,6.234411e+00,5.897154e+00,6.753438e+00
7.048386e+00,6.440947e+00,6.599870e+00,6.480045e+00,6.431331e+00,6.559615e+00,7.290975e+00,6.739337e+00,6.165418e+00,6.297109e+00,6.714171e+00,7.120444e+00,7.160846e+00,6.148468e+00,5.673323e+00,7.122867e+00,6.161207e+00,5.866468e+00,6.753438e+00
7.048386e+00,6.440947e+00,6.599870e+00,6.478510e+00,6.432940e+00,6.539586e+00,7.270313e+00,6.680855e+00,6.342121e+00,6.778785e+00,6.734592e+00,7.162397e+00,7.198931e+00,6.148468e+00,5.673323e+00,7.122867e+00,6.165418e+00,6.501290e+00,6.753438e+00
7.048386e+00,6.440947e+00,6.599870e+00,6.478510e+00,6.432940e+00,6.538140e+00,7.271009e+00,6.508769e+00,6.542472e+00,6.778785e+00,6.728629e+00,7.069023e+00,6.846943e+00,6.148468e+00,5.673323e+00,7.118016e+00,6.165418e+00,6.519147e+00,6.723832e+00
7.048386e+00,6.541030e+00,6.599870e+00,6.478510e+00,6.398595e+00,6.563856e+00,7.271009e+00,6.442540e+00,6.606650e+00,6.773080e+00,6.697034e+00,7.100852e+00,6.846943e+00,6.148468e+00,5.673323e+00,7.114769e+00,6.165418e+00,6.617403e+00,6.698268e+00
7.048386e+00,6.541030e+00,6.599870e+00,6.448889e+00,6.429719e+00,6.563856e+00,7.270313e+00,6.444131e+00,6.606650e+00,6.773080e+00,6.690842e+00,7.144407e+00,6.924612e+00,6.148468e+00,5.720312e+00,6.890609e+00,5.905362e+00,6.597146e+00,6.670766e+00
7.054450e+00,6.541030e+00,6.599870e+00,6.437752e+00,6.440947e+00,6.563856e+00,7.263330e+00,6.459904e+00,6.605298e+00,6.767343e+00,6.740519e+00,7.114769e+00,7.015712e+00,6.148468e+00,5.786897e+00,6.569481e+00,5.905362e+00,6.597146e+00,6.586172e+00
7.056175e+00,6.541030e+00,6.595781e+00,6.442540e+00,6.331502e+00,6.651572e+00,7.261225e+00,6.464588e+00,6.470800e+00,6.782192e+00,6.742881e+00,7.022868e+00,6.834109e+00,5.837730e+00,5.786897e+00,6.569481e+00,5.905362e+00,6.597146e+00,6.586172e+00
7.056175e+00,6.541030e+00,6.313548e+00,6.661855e+00,6.248043e+00,6.739337e+00,7.140453e+00,6.687109e+00,6.473891e+00,6.790097e+00,6.742881e+00,7.067320e+00,6.800170e+00,5.826000e+00,5.789960e+00,6.526495e+00,5.905362e+00,6.597146e+00,6.408529e+00
7.056175e+00,6.541030e+00,6.163315e+00,6.709304e+00,6.320768e+00,6.739337e+00,7.009409e+00,6.861711e+00,6.476972e+00,6.790097e+00,6.775366e+00,7.143618e+00,6.778785e+00,5.823046e+00,6.047372e+00,6.469250e+00,5.860786e+00,6.597146e+00,6.401917e+00
7.056175e+00,6.541030e+00,6.154858e+00,6.714171e+00,6.320768e+00,6.733402e+00,7.013915e+00,6.861711e+00,6.476972e+00,6.790097e+00,6.775366e+00,7.232010e+00,6.763885e+00,5.777652e+00,6.047372e+00,6.469250e+00,5.826000e+00,6.597146e+00,6.411818e+00
7.056175e+00,6.541030e+00,6.154858e+00,6.714171e+00,6.320768e+00,6.725034e+00,7.020191e+00,6.861711e+00,6.476972e+00,6.790097e+00,6.767343e+00,7.261927e+00,6.735780e+00,5.777652e+00,6.095825e+00,6.318968e+00,5.808142e+00,6.597146e+00,6.413459e+00
6.992096e+00,6.639876e+00,6.154858e+00,6.689599e+00,6.345636e+00,6.703188e+00,7.041412e+00,6.861711e+00,6.476972e+00,6.807935e+00,7.011214e+00,7.277939e+00,6.838405e+00,5.783825e+00,6.095825e+00,6.318968e+00,5.774552e+00,6.597146e+00,6.426488e+00
6.864848e+00,6.763885e+00,6.214608e+00,6.680855e+00,6.352629e+00,6.469250e+00,7.182352e+00,6.861711e+00,6.320768e+00,6.794587e+00,7.003065e+00,7.250636e+00,6.688355e+00,5.786897e+00,6.095825e+00,6.318968e+00,5.739793e+00,6.629363e+00,6.371612e+00
6.859615e+00,6.769642e+00,5.921578e+00,6.672033e+00,6.562444e+00,6.452049e+00,7.187657e+00,6.865891e+00,6.320768e+00,6.793466e+00,6.968850e+00,7.226936e+00,6.661855e+00,5.786897e+00,6.095825e+00,6.318968e+00,5.739793e+00,6.673298e+00,6.369901e+00
6.836259e+00,6.794587e+00,5.739793e+00,6.693324e+00,6.562444e+00,6.400257e+00,7.101676e+00,7.041412e+00,6.324359e+00,6.781058e+00,6.950815e+00,7.243513e+00,6.661855e+00,5.929589e+00,6.095825e+00,6.318968e+00,5.799093e+00,6.673298e+00,6.342121e+00
6.747587e+00,6.879356e+00,5.666427e+00,6.664409e+00,6.618739e+00,6.308098e+00,7.104144e+00,7.051856e+00,6.396930e+00,6.788972e+00,6.884487e+00,7.244942e+00,6.523562e+00,5.811141e+00,6.095825e+00,6.126869e+00,5.799093e+00,6.673298e+00,6.311735e+00
6.584791e+00,7.003065e+00,5.429346e+00,6.704414e+00,6.656727e+00,6.308098e+00,7.073270e+00,7.079184e+00,6.405228e+00,6.788972e+00,6.809039e+00,7.242798e+00,6.486161e+00,5.971262e+00,6.066108e+00,6.182085e+00,5.799093e+00,6.675823e+00,6.003887e+00
6.573680e+00,7.008505e+00,5.288267e+00,6.710523e+00,6.689599e+00,6.251904e+00,7.097549e+00,7.080868e+00,6.405228e+00,6.788972e+00,6.809039e+00,7.225481e+00,6.464588e+00,6.122493e+00,6.182085e+00,6.259581e+00,5.828946e+00,6.675823e+00,6.186209e+00
6.573680e+00,6.999422e+00,5.247024e+00,6.469250e+00,6.889591e+00,6.282267e+00,6.955593e+00,7.207119e+00,6.405228e+00,6.788972e+00,6.981935e+00,7.185387e+00,6.381816e+00,6.224558e+00,6.375025e+00,6.308098e+00,6.011267e+00,6.673298e+00,6.575076e+00
6.573680e+00,6.915723e+00,5.616771e+00,6.442540e+00,6.840547e+00,6.148468e+00,6.983790e+00,7.281386e+00,6.405228e+00,6.788972e+00,7.050123e+00,7.309881e+00,6.381816e+00,6.224558e+00,6.342121e+00,6.285998e+00,6.198479e+00,6.660575e+00,6.575076e+00
6.573680e+00,6.853299e+00,5.620401e+00,6.533789e+00,6.836259e+00,6.033086e+00,6.946976e+00,7.344073e+00,6.405228e+00,6.788972e+00,7.037028e+00,7.332369e+00,6.381816e+00,6.200509e+00,6.406880e+00,6.415097e+00,6.161207e+00,6.625392e+00,6.797940e+00
6.573680e+00,6.853299e+00,5.587249e+00,6.546785e+00,6.813445e+00,5.860786e+00,7.027315e+00,7.344073e+00,6.405228e+00,6.788972e+00,7.037028e+00,7.370860e+00,6.410175e+00,6.228511e+00,6.306275e+00,6.386879e+00,6.028279e+00,6.648985e+00,6.783325e+00
6.573680e+00,6.853299e+00,5.429346e+00,6.601230e+00,6.803505e+00,5.877736e+00,7.020191e+00,7.351158e+00,6.405228e+00,6.800170e+00,6.820016e+00,7.388946e+00,6.436150e+00,6.632002e+00,6.306275e+00,6.345636e+00,6.006353e+00,6.834109e+00,6.502790e+00
6.135565e+00,6.845880e+00,6.186209e+00,6.605298e+00,6.704414e+00,6.089045e+00,7.008505e+00,7.338238e+00,6.459904e+00,6.793466e+00,6.768493e+00,7.388946e+00,6.437752e+00,6.648985e+00,6.434547e+00,6.345636e+00,5.598422e+00,6.842683e+00,6.787845e+00
6.135565e+00,6.823286e+00,6.228511e+00,6.551080e+00,6.539586e+00,6.403574e+00,6.956545e+00,7.345365e+00,6.527958e+00,6.797940e+00,6.796824e+00,7.446001e+00,6.444131e+00,6.742881e+00,6.508769e+00,6.345636e+00,5.598422e+00,6.740519e+00,6.824374e+00
5.765191e+00,6.967909e+00,6.228511e+00,6.551080e+00,6.535241e+00,6.408529e+00,6.955593e+00,7.295056e+00,6.634633e+00,6.838405e+00,6.796824e+00,7.431892e+00,6.444131e+00,6.742881e+00,6.543912e+00,6.175867e+00,5.613128e+00,6.723832e+00,7.069874e+00
5.828946e+00,6.978214e+00,6.278521e+00,6.586172e+00,6.480045e+00,6.467699e+00,6.881411e+00,7.220374e+00,6.848005e+00,6.788972e+00,6.802395e+00,7.412160e+00,6.444131e+00,6.742881e+00,6.558198e+00,6.175867e+00,6.142037e+00,6.749931e+00,7.096721e+00
5.934894e+00,7.059618e+00,6.278521e+00,6.586172e+00,6.480045e+00,6.467699e+00,6.823286e+00,7.235619e+00,6.647688e+00,6.542472e+00,6.874198e+00,7.367077e+00,6.444131e+00,6.742881e+00,6.452049e+00,6.093570e+00,6.107023e+00,6.580639e+00,7.099202e+00
5.840642e+00,7.003065e+00,6.448889e+00,6.586172e+00,6.480045e+00,6.463029e+00,6.786717e+00,7.255591e+00,6.606650e+00,6.484635e+00,6.878326e+00,7.372118e+00,6.444131e+00,6.742881e+00,6.419995e+00,6.093570e+00,6.077642e+00,6.632002e+00,7.105786e+00
5.752573e+00,7.029088e+00,6.448889e+00,6.586172e+00,6.480045e+00,6.463029e+00,6.687109e+00,7.249926e+00,6.692084e+00,6.620073e+00,6.783325e+00,7.373374e+00,6.444131e+00,6.742881e+00,6.259581e+00,6.091310e+00,6.261492e+00,6.946014e+00,7.191429e+00
5.765191e+00,7.029088e+00,6.439350e+00,6.594413e+00,6.480045e+00,6.442540e+00,6.682109e+00,7.261927e+00,6.669498e+00,6.620073e+00,6.783325e+00,7.370231e+00,6.444131e+00,6.742881e+00,6.259581e+00,6.091310e+00,6.287859e+00,7.052721e+00,7.218177e+00
5.700444e+00,7.048386e+00,6.440947e+00,6.599870e+00,6.480045e+00,6.431331e+00,6.559615e+00,7.290975e+00,6.739337e+00,6.620073e+00,6.690842e+00,7.352441e+00,6.276643e+00,6.741701e+00,6.259581e+00,5.613128e+00,6.293419e+00,7.060476e+00,7.245655e+00
5.717028e+00,7.048386e+00,6.440947e+00,6.599870e+00,6.478510e+00,6.432940e+00,6.539586e+00,7.270313e+00,6.680855e+00,5.902633e+00,6.694562e+00,7.294377e+00,6.177944e+00,6.741701e+00,6.259581e+00,5.638355e+00,6.289716e+00,6.742881e+00,7.254885e+00
5.717028e+00,7.048386e+00,6.440947e+00,6.599870e+00,6.478510e+00,6.432940e+00,6.538140e+00,7.271009e+00,6.508769e+00,6.154858e+00,6.639876e+00,7.264030e+00,6.177944e+00,6.741701e+00,6.263398e+00,5.638355e+00,6.329721e+00,6.726233e+00,7.254885e+00
5.472271e+00,7.048386e+00,6.541030e+00,6.599870e+00,6.478510e+00,6.398595e+00,6.563856e+00,7.271009e+00,6.442540e+00,6.194405e+00,6.641182e+00,7.173192e+00,6.177944e+00,6.863803e+00,6.493754e+00,5.379897e+00,6.329721e+00,6.709304e+00,7.254885e+00
5.472271e+00,7.048386e+00,6.541030e+00,6.599870e+00,6.448889e+00,6.429719e+00,6.563856e+00,7.270313e+00,6.444131e+00,6.230481e+00,6.723832e+00,7.175490e+00,5.905362e+00,6.863803e+00,6.572283e+00,5.379897e+00,6.329721e+00,6.791221e+00,7.254885e+00
5.442418e+00,7.054450e+00,6.541030e+00,6.599870e+00,6.437752e+00,6.440947e+00,6.563856e+00,7.263330e+00,6.459904e+00,6.236370e+00,6.709304e+00,7.231287e+00,5.389072e+00,6.931472e+00,6.584791e+00,5.446737e+00,6.329721e+00,6.794587e+00,7.254885e+00
5.587249e+00,7.056175e+00,6.541030e+00,6.595781e+00,6.442540e+00,6.331502e+00,6.651572e+00,7.261225e+00,6.464588e+00,6.210600e+00,6.710523e+00,7.256297e+00,5.389072e+00,6.931472e+00,6.654153e+00,5.971262e+00,6.329721e+00,6.794587e+00,7.254885e+00
5.605802e+00,7.056175e+00,6.541030e+00,6.313548e+00,6.661855e+00,6.248043e+00,6.739337e+00,7.140453e+00,6.687109e+00,6.230481e+00,6.710523e+00,7.221836e+00,5.407172e+00,6.931472e+00,6.652863e+00,5.971262e+00,6.329721e+00,6.794587e+00,7.252762e+00
5.620401e+00,7.056175e+00,6.541030e+00,6.163315e+00,6.709304e+00,6.320768e+00,6.739337e+00,7.009409e+00,6.861711e+00,6.558198e+00,6.675823e+00,7.180070e+00,5.407172e+00,6.934397e+00,6.520621e+00,5.971262e+00,6.335054e+00,6.812345e+00,7.353722e+00
5.620401e+00,7.056175e+00,6.541030e+00,6.154858e+00,6.714171e+00,6.320768e+00,6.733402e+00,7.013915e+00,6.861711e+00,6.588926e+00,6.675823e+00,7.087574e+00,5.407172e+00,6.981006e+00,6.520621e+00,5.981414e+00,6.343880e+00,6.812345e+00,7.370231e+00
5.620401e+00,7.056175e+00,6.541030e+00,6.154858e+00,6.714171e+00,6.320768e+00,6.725034e+00,7.020191e+00,6.861711e+00,6.588926e+00,6.675823e+00,7.051856e+00,5.407172e+00,6.996681e+00,6.523562e+00,5.986452e+00,6.347389e+00,6.812345e+00,7.375256e+00
5.758902e+00,6.992096e+00,6.639876e+00,6.154858e+00,6.689599e+00,6.345636e+00,6.703188e+00,7.041412e+00,6.861711e+00,6.566672e+00,6.432940e+00,6.988413e+00,4.406719e+00,6.994850e+00,6.535241e+00,6.154858e+00,6.347389e+00,6.812345e+00,7.471932e+00
5.758902e+00,6.864848e+00,6.763885e+00,6.214608e+00,6.680855e+00,6.352629e+00,6.469250e+00,7.182352e+00,6.861711e+00,6.618739e+00,6.685861e+00,6.869014e+00,4.477337e+00,7.033506e+00,6.535241e+00,6.200509e+00,6.347389e+00,6.785588e+00,7.504392e+00
6.102559e+00,6.859615e+00,6.769642e+00,5.921578e+00,6.672033e+00,6.562444e+00,6.452049e+00,7.187657e+00,6.865891e+00,6.618739e+00,6.749931e+00,6.899723e+00,4.820282e+00,7.149132e+00,6.535241e+00,6.200509e+00,6.347389e+00,6.746412e+00,7.515889e+00
6.148468e+00,6.836259e+00,6.794587e+00,5.739793e+00,6.693324e+00,6.562444e+00,6.400257e+00,7.101676e+00,7.041412e+00,6.625392e+00,6.749931e+00,6.902743e+00,4.820282e+00,7.412764e+00,6.535241e+00,6.200509e+00,6.304449e+00,6.746412e+00,7.586296e+00
6.148468e+00,6.747587e+00,6.879356e+00,5.666427e+00,6.664409e+00,6.618739e+00,6.308098e+00,7.104144e+00,7.051856e+00,6.616065e+00,6.749931e+00,6.894670e+00,4.804021e+00,7.283448e+00,6.535241e+00,6.276643e+00,6.322565e+00,6.746412e+00,7.586296e+00
6.154858e+00,6.584791e+00,7.003065e+00,5.429346e+00,6.704414e+00,6.656727e+00,6.308098e+00,7.073270e+00,7.079184e+00,6.616065e+00,6.749931e+00,6.891626e+00,4.804021e+00,7.242798e+00,6.535241e+00,6.226537e+00,6.393591e+00,6.744059e+00,7.586296e+00
6.154858e+00,6.573680e+00,7.008505e+00,5.288267e+00,6.710523e+00,6.689599e+00,6.251904e+00,7.097549e+00,7.080868e+00,6.616065e+00,6.767343e+00,6.841615e+00,4.897840e+00,7.195937e+00,6.455199e+00,6.146329e+00,6.405228e+00,6.744059e+00,7.567346e+00
6.202536e+00,6.573680e+00,6.999422e+00,5.247024e+00,6.469250e+00,6.889591e+00,6.282267e+00,6.955593e+00,7.207119e+00,6.666957e+00,6.556778e+00,6.726233e+00,5.236442e+00,7.158514e+00,6.278521e+00,6.089045e+00,6.396930e+00,6.748760e+00,7.440147e+00
6.202536e+00,6.573680e+00,6.915723e+00,5.616771e+00,6.442540e+00,6.840547e+00,6.148468e+00,6.983790e+00,7.281386e+00,6.666957e+00,6.536692e+00,6.490724e+00,5.402677e+00,7.159292e+00,6.263398e+00,6.033086e+00,6.318968e+00,6.804615e+00,7.440147e+00
6.284134e+00,6.573680e+00,6.853299e+00,5.620401e+00,6.533789e+00,6.836259e+00,6.033086e+00,6.946976e+00,7.344073e+00,6.666957e+00,6.806829e+00,6.437752e+00,6.216606e+00,7.132498e+00,6.226537e+00,5.774552e+00,6.385194e+00,6.835185e+00,7.286876e+00
6.391917e+00,6.573680e+00,6.853299e+00,5.587249e+00,6.546785e+00,6.813445e+00,5.860786e+00,7.027315e+00,7.344073e+00,6.666957e+00,6.806829e+00,6.336826e+00,6.177944e+00,7.167809e+00,6.226537e+00,5.774552e+00,6.357842e+00,6.853299e+00,7.268223e+00
6.391917e+00,6.573680e+00,6.853299e+00,5.429346e+00,6.601230e+00,6.803505e+00,5.877736e+00,7.020191e+00,7.351158e+00,6.654153e+00,6.806829e+00,6.733402e+00,6.142037e+00,6.951772e+00,6.226537e+00,5.774552e+00,6.386879e+00,6.752270e+00,7.261927e+00
6.391917e+00,6.135565e+00,6.845880e+00,6.186209e+00,6.605298e+00,6.704414e+00,6.089045e+00,7.008505e+00,7.338238e+00,6.610696e+00,6.761573e+00,6.781058e+00,6.142037e+00,6.961296e+00,6.118097e+00,5.774552e+00,6.386879e+00,6.908755e+00,7.097549e+00
6.405228e+00,6.135565e+00,6.823286e+00,6.228511e+00,6.551080e+00,6.539586e+00,6.403574e+00,6.956545e+00,7.345365e+00,6.556778e+00,6.778785e+00,6.697034e+00,6.133398e+00,6.914731e+00,6.006353e+00,5.774552e+00,6.390241e+00,6.909753e+00,7.094235e+00
6.405228e+00,5.765191e+00,6.967909e+00,6.228511e+00,6.551080e+00,6.535241e+00,6.408529e+00,6.955593e+00,7.295056e+00,6.496775e+00,6.778785e+00,6.801283e+00,6.163315e+00,6.914731e+00,5.945421e+00,5.774552e+00,6.432940e+00,6.910751e+00,6.855409e+00
6.257668e+00,5.828946e+00,6.978214e+00,6.278521e+00,6.586172e+00,6.480045e+00,6.467699e+00,6.881411e+00,7.220374e+00,6.723832e+00,6.773080e+00,6.810142e+00,6.274762e+00,6.914731e+00,6.212606e+00,5.774552e+00,6.144186e+00,6.900731e+00,6.813445e+00
6.070738e+00,5.934894e+00,7.059618e+00,6.278521e+00,6.586172e+00,6.480045e+00,6.467699e+00,6.823286e+00,7.235619e+00,6.751101e+00,6.719013e+00,6.809039e+00,6.416732e+00,6.926577e+00,6.208590e+00,5.774552e+00,6.150603e+00,6.899723e+00,6.800170e+00
6.655440e+00,5.840642e+00,7.003065e+00,6.448889e+00,6.586172e+00,6.480045e+00,6.463029e+00,6.786717e+00,7.255591e+00,6.697034e+00,6.776507e+00,6.805723e+00,6.424869e+00,6.939254e+00,6.340359e+00,5.774552e+00,6.146329e+00,6.852243e+00,6.791221e+00
6.655440e+00,5.752573e+00,7.029088e+00,6.448889e+00,6.586172e+00,6.480045e+00,6.463029e+00,6.687109e+00,7.249926e+00,6.840547e+00,6.779922e+00,6.803505e+00,6.569481e+00,7.034388e+00,6.483107e+00,5.774552e+00,5.921578e+00,6.501290e+00,6.660575e+00
6.785588e+00,5.765191e+00,7.029088e+00,6.439350e+00,6.594413e+00,6.480045e+00,6.442540e+00,6.682109e+00,7.261927e+00,6.840547e+00,6.779922e+00,6.803505e+00,6.722630e+00,7.130099e+00,6.525030e+00,5.774552e+00,5.883322e+00,6.308098e+00,6.613384e+00
6.931472e+00,5.700444e+00,7.048386e+00,6.440947e+00,6.599870e+00,6.480045e+00,6.431331e+00,6.559615e+00,7.290975e+00,6.840547e+00,6.788972e+00,6.858565e+00,6.723832e+00,7.130099e+00,6.525030e+00,5.774552e+00,5.874931e+00,6.291569e+00,6.561031e+00
7.012115e+00,5.717028e+00,7.048386e+00,6.440947e+00,6.599870e+00,6.478510e+00,6.432940e+00,6.539586e+00,7.270313e+00,6.840547e+00,6.767343e+00,6.916715e+00,6.726233e+00,7.130099e+00,6.760415e+00,5.752573e+00,5.874931e+00,6.378426e+00,6.542472e+00
7.110696e+00,5.717028e+00,7.048386e+00,6.440947e+00,6.599870e+00,6.478510e+00,6.432940e+00,6.538140e+00,7.271009e+00,6.721426e+00,6.762730e+00,6.942157e+00,6.919684e+00,7.130099e+00,6.802395e+00,6.202536e+00,5.811141e+00,6.311735e+00,6.542472e+00
7.120444e+00,5.472271e+00,7.048386e+00,6.541030e+00,6.599870e+00,6.478510e+00,6.398595e+00,6.563856e+00,7.271009e+00,6.698268e+00,6.761573e+00,6.942157e+00,6.928538e+00,7.037906e+00,6.902743e+00,6.434547e+00,5.811141e+00,6.263398e+00,6.693324e+00
7.120444e+00,5.472271e+00,7.048386e+00,6.541030e+00,6.599870e+00,6.448889e+00,6.429719e+00,6.563856e+00,7.270313e+00,6.675823e+00,6.732211e+00,6.935370e+00,6.950815e+00,7.056175e+00,6.831954e+00,6.434547e+00,5.894403e+00,6.126869e+00,6.874198e+00
7.120444e+00,5.442418e+00,7.054450e+00,6.541030e+00,6.599870e+00,6.437752e+00,6.440947e+00,6.563856e+00,7.263330e+00,6.672033e+00,6.699500e+00,6.870053e+00,6.967909e+00,6.996681e+00,6.917706e+00,6.410175e+00,5.916202e+00,6.120297e+00,7.023759e+00
7.089243e+00,5.587249e+00,7.056175e+00,6.541030e+00,6.595781e+00,6.442540e+00,6.331502e+00,6.651572e+00,7.261225e+00,6.675823e+00,6.695799e+00,6.881411e+00,7.031741e+00,6.996681e+00,6.889591e+00,6.104793e+00,6.049733e+00,6.120297e+00,7.023759e+00
7.086738e+00,5.605802e+00,7.056175e+00,6.541030e+00,6.313548e+00,6.661855e+00,6.248043e+00,6.739337e+00,7.140453e+00,6.599870e+00,6.826545e+00,7.173192e+00,7.014814e+00,6.996681e+00,6.889591e+00,6.104793e+00,6.056784e+00,6.120297e+00,7.023759e+00
7.171657e+00,5.620401e+00,7.056175e+00,6.541030e+00,6.163315e+00,6.709304e+00,6.320768e+00,6.739337e+00,7.009409e+00,6.287859e+00,6.826545e+00,7.145196e+00,7.014814e+00,6.995766e+00,6.890609e+00,6.104793e+00,6.139885e+00,6.084499e+00,6.880384e+00
7.189922e+00,5.620401e+00,7.056175e+00,6.541030e+00,6.154858e+00,6.714171e+00,6.320768e+00,6.733402e+00,7.013915e+00,6.246107e+00,6.846943e+00,7.144407e+00,7.217443e+00,6.950815e+00,6.929517e+00,6.095825e+00,6.295266e+00,6.084499e+00,6.846943e+00
7.189922e+00,5.620401e+00,7.056175e+00,6.541030e+00,6.154858e+00,6.714171e+00,6.320768e+00,6.725034e+00,7.020191e+00,6.278521e+00,6.849066e+00,7.144407e+00,7.292337e+00,6.991177e+00,7.000334e+00,6.091310e+00,6.298949e+00,6.084499e+00,6.828712e+00
7.295735e+00,5.758902e+00,6.992096e+00,6.639876e+00,6.154858e+00,6.689599e+00,6.345636e+00,6.703188e+00,7.041412e+00,6.278521e+00,6.769642e+00,7.144407e+00,7.347944e+00,6.991177e+00,7.013915e+00,5.910797e+00,6.496775e+00,6.084499e+00,6.709304e+00
7.511525e+00,5.758902e+00,6.864848e+00,6.763885e+00,6.214608e+00,6.680855e+00,6.352629e+00,6.469250e+00,7.182352e+00,6.204558e+00,6.539586e+00,7.144407e+00,7.338888e+00,6.949856e+00,7.024649e+00,5.849325e+00,6.862758e+00,6.084499e+00,6.651572e+00
7.451242e+00,6.102559e+00,6.859615e+00,6.769642e+00,5.921578e+00,6.672033e+00,6.562444e+00,6.452049e+00,7.187657e+00,6.204558e+00,6.459904e+00,7.109062e+00,7.418181e+00,6.806829e+00,7.107425e+00,5.874931e+00,6.874198e+00,6.084499e+00,6.625392e+00
7.482682e+00,6.148468e+00,6.836259e+00,6.794587e+00,5.739793e+00,6.693324e+00,6.562444e+00,6.400257e+00,7.101676e+00,6.194405e+00,6.459904e+00,7.072422e+00,7.466228e+00,6.152733e+00,7.130099e+00,6.226537e+00,7.095064e+00,6.084499e+00,6.429719e+00
7.488294e+00,6.148468e+00,6.747587e+00,6.879356e+00,5.666427e+00,6.664409e+00,6.618739e+00,6.308098e+00,7.104144e+00,6.194405e+00,6.459904e+00,7.072422e+00,7.466228e+00,6.150603e+00,7.153052e+00,6.159095e+00,7.086738e+00,6.118097e+00,6.429719e+00
7.486613e+00,6.154858e+00,6.584791e+00,7.003065e+00,5.429346e+00,6.704414e+00,6.656727e+00,6.308098e+00,7.073270e+00,6.194405e+00,6.459904e+00,7.072422e+00,7.466228e+00,6.150603e+00,7.153052e+00,6.159095e+00,7.051856e+00,6.150603e+00,6.429719e+00
7.486613e+00,6.154858e+00,6.573680e+00,7.008505e+00,5.288267e+00,6.710523e+00,6.689599e+00,6.251904e+00,7.097549e+00,6.381816e+00,6.440947e+00,7.072422e+00,7.459339e+00,6.150603e+00,7.153052e+00,6.159095e+00,7.037028e+00,6.150603e+00,6.519147e+00
7.473637e+00,6.202536e+00,6.573680e+00,6.999422e+00,5.247024e+00,6.469250e+00,6.889591e+00,6.282267e+00,6.955593e+00,6.313548e+00,6.529419e+00,6.991177e+00,7.427739e+00,6.150603e+00,7.153052e+00,6.159095e+00,6.980076e+00,6.142037e+00,6.675823e+00
7.473637e+00,6.202536e+00,6.573680e+00,6.915723e+00,5.616771e+00,6.442540e+00,6.840547e+00,6.148468e+00,6.983790e+00,6.439350e+00,6.532334e+00,7.086738e+00,7.420579e+00,6.148468e+00,7.147559e+00,6.159095e+00,6.961296e+00,6.267201e+00,6.677083e+00
7.449498e+00,6.284134e+00,6.573680e+00,6.853299e+00,5.620401e+00,6.533789e+00,6.836259e+00,6.033086e+00,6.946976e+00,6.704414e+00,6.159095e+00,7.091742e+00,7.237778e+00,6.148468e+00,7.132498e+00,6.159095e+00,6.949856e+00,6.343880e+00,6.683361e+00
7.413367e+00,6.391917e+00,6.573680e+00,6.853299e+00,5.587249e+00,6.546785e+00,6.813445e+00,5.860786e+00,7.027315e+00,6.708084e+00,6.526495e+00,7.095893e+00,7.237778e+00,6.013715e+00,7.132498e+00,6.159095e+00,6.949856e+00,6.282267e+00,6.683361e+00
7.436028e+00,6.391917e+00,6.573680e+00,6.853299e+00,5.429346e+00,6.601230e+00,6.803505e+00,5.877736e+00,7.020191e+00,6.708084e+00,6.608001e+00,6.815640e+00,7.237778e+00,6.013715e+00,7.132498e+00,6.177944e+00,6.931472e+00,6.472346e+00,6.894670e+00
7.537430e+00,6.391917e+00,6.135565e+00,6.845880e+00,6.186209e+00,6.605298e+00,6.704414e+00,6.089045e+00,7.008505e+00,6.684612e+00,6.630683e+00,6.769642e+00,7.237059e+00,5.869297e+00,7.113956e+00,6.444131e+00,6.931472e+00,6.251904e+00,6.889591e+00
7.560601e+00,6.405228e+00,6.135565e+00,6.823286e+00,6.228511e+00,6.551080e+00,6.539586e+00,6.403574e+00,6.956545e+00,6.684612e+00,6.569481e+00,6.741701e+00,7.237059e+00,5.786897e+00,7.113956e+00,6.444131e+00,6.929517e+00,6.300786e+00,6.859615e+00
7.561122e+00,6.405228e+00,5.765191e+00,6.967909e+00,6.228511e+00,6.551080e+00,6.535241e+00,6.408529e+00,6.955593e+00,6.684612e+00,6.569481e+00,6.621406e+00,7.226936e+00,5.789960e+00,7.113956e+00,6.444131e+00,6.896694e+00,6.352629e+00,6.859615e+00
7.561122e+00,6.257668e+00,5.828946e+00,6.978214e+00,6.278521e+00,6.586172e+00,6.480045e+00,6.467699e+00,6.881411e+00,6.447306e+00,6.569481e+00,6.647688e+00,7.185387e+00,6.489205e+00,7.117206e+00,6.489205e+00,7.026427e+00,6.342121e+00,6.859615e+00
7.540090e+00,6.070738e+00,5.934894e+00,7.059618e+00,6.278521e+00,6.586172e+00,6.480045e+00,6.467699e+00,6.823286e+00,6.410175e+00,6.561031e+00,6.648985e+00,7.122060e+00,6.632002e+00,7.122060e+00,6.489205e+00,7.023759e+00,6.354370e+00,6.859615e+00
7.355641e+00,6.655440e+00,5.840642e+00,7.003065e+00,6.448889e+00,6.586172e+00,6.480045e+00,6.463029e+00,6.786717e+00,6.410175e+00,6.963190e+00,6.642487e+00,7.118016e+00,6.654153e+00,7.062192e+00,6.489205e+00,7.023759e+00,6.357842e+00,6.870053e+00
7.355641e+00,6.655440e+00,5.752573e+00,7.029088e+00,6.448889e+00,6.586172e+00,6.480045e+00,6.463029e+00,6.687109e+00,5.963579e+00,7.156956e+00,6.642487e+00,7.037028e+00,6.511745e+00,6.985642e+00,6.489205e+00,7.023759e+00,6.563856e+00,6.870053e+00
7.281386e+00,6.785588e+00,5.765191e+00,7.029088e+00,6.439350e+00,6.594413e+00,6.480045e+00,6.442540e+00,6.682109e+00,6.177944e+00,7.156956e+00,6.642487e+00,6.927558e+00,6.327937e+00,6.959399e+00,6.489205e+00,7.023759e+00,6.566672e+00,6.870053e+00
7.229114e+00,6.931472e+00,5.700444e+00,7.048386e+00,6.440947e+00,6.599870e+00,6.480045e+00,6.431331e+00,6.559615e+00,6.177944e+00,7.150701e+00,6.573680e+00,6.929517e+00,6.413459e+00,6.962243e+00,6.489205e+00,7.023759e+00,6.677083e+00,6.873164e+00
7.226936e+00,7.012115e+00,5.717028e+00,7.048386e+00,6.440947e+00,6.599870e+00,6.478510e+00,6.432940e+00,6.539586e+00,6.177944e+00,7.149917e+00,6.490724e+00,6.927558e+00,6.480045e+00,6.774224e+00,6.489205e+00,7.023759e+00,6.661855e+00,7.047517e+00
7.139660e+00,7.110696e+00,5.717028e+00,7.048386e+00,6.440947e+00,6.599870e+00,6.478510e+00,6.432940e+00,6.538140e+00,6.177944e+00,7.145196e+00,6.565265e+00,6.765039e+00,6.480045e+00,6.728629e+00,6.171701e+00,7.023759e+00,6.656727e+00,7.057898e+00
7.130099e+00,7.120444e+00,5.472271e+00,7.048386e+00,6.541030e+00,6.599870e+00,6.478510e+00,6.398595e+00,6.563856e+00,6.177944e+00,7.145196e+00,6.591674e+00,6.777647e+00,6.480045e+00,6.463029e+00,5.857933e+00,7.023759e+00,6.613384e+00,6.956545e+00
7.130099e+00,7.120444e+00,5.472271e+00,7.048386e+00,6.541030e+00,6.599870e+00,6.448889e+00,6.429719e+00,6.563856e+00,6.177944e+00,7.112327e+00,6.520621e+00,6.756932e+00,6.447306e+00,6.463029e+00,5.857933e+00,6.997596e+00,6.927558e+00,6.821107e+00
7.130099e+00,7.120444e+00,5.442418e+00,7.054450e+00,6.541030e+00,6.599870e+00,6.437752e+00,6.440947e+00,6.563856e+00,6.356108e+00,7.097549e+00,6.504288e+00,6.735780e+00,6.447306e+00,6.289716e+00,5.857933e+00,6.990257e+00,6.929517e+00,6.684612e+00
7.130099e+00,7.089243e+00,5.587249e+00,7.056175e+00,6.541030e+00,6.595781e+00,6.442540e+00,6.331502e+00,6.651572e+00,6.350886e+00,7.097549e+00,6.380123e+00,6.648985e+00,6.447306e+00,6.249975e+00,5.857933e+00,6.940222e+00,6.931472e+00,6.684612e+00
7.128496e+00,7.086738e+00,5.605802e+00,7.056175e+00,6.541030e+00,6.313548e+00,6.661855e+00,6.248043e+00,6.739337e+00,6.350886e+00,6.999422e+00,5.545177e+00,6.647688e+00,6.447306e+00,6.285998e+00,5.945421e+00,7.042286e+00,6.931472e+00,6.687109e+00
7.095064e+00,7.171657e+00,5.620401e+00,7.056175e+00,6.541030e+00,6.163315e+00,6.709304e+00,6.320768e+00,6.739337e+00,6.350886e+00,7.003065e+00,5.541264e+00,6.647688e+00,6.444131e+00,6.483107e+00,5.961005e+00,7.013915e+00,6.931472e+00,6.687109e+00
7.234177e+00,7.189922e+00,5.620401e+00,7.056175e+00,6.541030e+00,6.154858e+00,6.714171e+00,6.320768e+00,6.733402e+00,6.350886e+00,6.985642e+00,5.743003e+00,6.267201e+00,6.442540e+00,6.429719e+00,5.961005e+00,6.936343e+00,6.931472e+00,6.690842e+00
7.234898e+00,7.189922e+00,5.620401e+00,7.056175e+00,6.541030e+00,6.154858e+00,6.714171e+00,6.320768e+00,6.725034e+00,6.320768e+00,6.983790e+00,5.743003e+00,6.073045e+00,6.354370e+00,6.331502e+00,5.961005e+00,6.966024e+00,6.931472e+00,6.690842e+00
7.100027e+00,7.295735e+00,5.758902e+00,6.992096e+00,6.639876e+00,6.154858e+00,6.689599e+00,6.345636e+00,6.703188e+00,6.320768e+00,6.983790e+00,5.743003e+00,5.880533e+00,6.354370e+00,6.289716e+00,5.961005e+00,6.932448e+00,7.023759e+00,6.583409e+00
6.754604e+00,7.511525e+00,5.758902e+00,6.864848e+00,6.763885e+00,6.214608e+00,6.680855e+00,6.352629e+00,6.469250e+00,6.320768e+00,6.983790e+00,6.171701e+00,5.880533e+00,6.373320e+00,6.308098e+00,5.966147e+00,6.609349e+00,7.023759e+00,6.569481e+00
6.732211e+00,7.451242e+00,6.102559e+00,6.859615e+00,6.769642e+00,5.921578e+00,6.672033e+00,6.562444e+00,6.452049e+00,6.320768e+00,6.983790e+00,6.192362e+00,5.214936e+00,6.390241e+00,6.115892e+00,5.991465e+00,6.594413e+00,7.023759e+00,6.813445e+00
6.637258e+00,7.482682e+00,6.148468e+00,6.836259e+00,6.794587e+00,5.739793e+00,6.693324e+00,6.562444e+00,6.400257e+00,6.320768e+00,6.983790e+00,6.272877e+00,4.770685e+00,6.418365e+00,6.056784e+00,5.521461e+00,6.198479e+00,7.054450e+00,6.815640e+00
6.699500e+00,7.488294e+00,6.148468e+00,6.747587e+00,6.879356e+00,5.666427e+00,6.664409e+00,6.618739e+00,6.308098e+00,6.320768e+00,7.051856e+00,6.272877e+00,5.159055e+00,6.480045e+00,6.122493e+00,5.497168e+00,6.198479e+00,7.041412e+00,6.995766e+00
6.715383e+00,7.486613e+00,6.154858e+00,6.584791e+00,7.003065e+00,5.429346e+00,6.704414e+00,6.656727e+00,6.308098e+00,6.320768e+00,7.133296e+00,6.272877e+00,5.262690e+00,6.715383e+00,6.122493e+00,5.652489e+00,6.198479e+00,7.092574e+00,7.004882e+00
6.865891e+00,7.486613e+00,6.154858e+00,6.573680e+00,7.008505e+00,5.288267e+00,6.710523e+00,6.689599e+00,6.251904e+00,6.120297e+00,7.171657e+00,6.298949e+00,5.942799e+00,6.735780e+00,6.122493e+00,5.910797e+00,6.198479e+00,7.224025e+00,6.967909e+00
6.865891e+00,7.473637e+00,6.202536e+00,6.573680e+00,6.999422e+00,5.247024e+00,6.469250e+00,6.889591e+00,6.282267e+00,6.120297e+00,7.142037e+00,6.308098e+00,6.445720e+00,6.735780e+00,6.122493e+00,5.988961e+00,6.200509e+00,7.257708e+00,6.853299e+00
6.865891e+00,7.473637e+00,6.202536e+00,6.573680e+00,6.915723e+00,5.616771e+00,6.442540e+00,6.840547e+00,6.148468e+00,5.942799e+00,7.081709e+00,6.086775e+00,6.411818e+00,6.735780e+00,6.122493e+00,5.988961e+00,6.161207e+00,7.177019e+00,6.852243e+00
6.895683e+00,7.449498e+00,6.284134e+00,6.573680e+00,6.853299e+00,5.620401e+00,6.533789e+00,6.836259e+00,6.033086e+00,5.981414e+00,7.136483e+00,6.073045e+00,6.418365e+00,6.735780e+00,6.232448e+00,6.016157e+00,6.218600e+00,7.123673e+00,6.900731e+00
6.896694e+00,7.413367e+00,6.391917e+00,6.573680e+00,6.853299e+00,5.587249e+00,6.546785e+00,6.813445e+00,5.860786e+00,6.068426e+00,6.994850e+00,6.061457e+00,6.517671e+00,6.735780e+00,6.238325e+00,6.175867e+00,6.244167e+00,7.148346e+00,6.900731e+00
6.857514e+00,7.436028e+00,6.391917e+00,6.573680e+00,6.853299e+00,5.429346e+00,6.601230e+00,6.803505e+00,5.877736e+00,6.126869e+00,6.940222e+00,6.040255e+00,6.525030e+00,6.735780e+00,6.249975e+00,6.440947e+00,6.244167e+00,7.015712e+00,6.690842e+00
6.646391e+00,7.537430e+00,6.391917e+00,6.135565e+00,6.845880e+00,6.186209e+00,6.605298e+00,6.704414e+00,6.089045e+00,6.165418e+00,6.970730e+00,6.040255e+00,6.525030e+00,6.735780e+00,6.285998e+00,6.248043e+00,6.244167e+00,6.999422e+00,6.886532e+00
6.576470e+00,7.560601e+00,6.405228e+00,6.135565e+00,6.823286e+00,6.228511e+00,6.551080e+00,6.539586e+00,6.403574e+00,6.165418e+00,6.970730e+00,6.052089e+00,6.526495e+00,6.736967e+00,6.311735e+00,6.248043e+00,6.244167e+00,6.974479e+00,7.012115e+00
6.575076e+00,7.561122e+00,6.405228e+00,5.765191e+00,6.967909e+00,6.228511e+00,6.551080e+00,6.535241e+00,6.408529e+00,6.342121e+00,6.970730e+00,6.165418e+00,6.526495e+00,6.735780e+00,6.311735e+00,6.249975e+00,6.242223e+00,6.946014e+00,7.103322e+00
6.575076e+00,7.561122e+00,6.257668e+00,5.828946e+00,6.978214e+00,6.278521e+00,6.586172e+00,6.480045e+00,6.467699e+00,6.542472e+00,6.970730e+00,6.102559e+00,6.526495e+00,6.236370e+00,6.040255e+00,6.196444e+00,5.765191e+00,6.941190e+00,7.107425e+00
6.575076e+00,7.540090e+00,6.070738e+00,5.934894e+00,7.059618e+00,6.278521e+00,6.586172e+00,6.480045e+00,6.467699e+00,6.606650e+00,6.958448e+00,6.100319e+00,6.526495e+00,5.986452e+00,6.025866e+00,6.196444e+00,5.820083e+00,6.934397e+00,7.107425e+00
6.535241e+00,7.355641e+00,6.655440e+00,5.840642e+00,7.003065e+00,6.448889e+00,6.586172e+00,6.480045e+00,6.463029e+00,6.606650e+00,6.475433e+00,6.100319e+00,6.526495e+00,5.908083e+00,6.052089e+00,6.196444e+00,5.828946e+00,6.932448e+00,7.099202e+00
6.535241e+00,7.355641e+00,6.655440e+00,5.752573e+00,7.029088e+00,6.448889e+00,6.586172e+00,6.480045e+00,6.463029e+00,6.605298e+00,6.040255e+00,6.100319e+00,6.526495e+00,5.908083e+00,6.122493e+00,6.196444e+00,5.828946e+00,6.803505e+00,7.099202e+00
6.579251e+00,7.281386e+00,6.785588e+00,5.765191e+00,7.029088e+00,6.439350e+00,6.594413e+00,6.480045e+00,6.442540e+00,6.470800e+00,6.059123e+00,6.100319e+00,6.526495e+00,5.905362e+00,6.169611e+00,6.196444e+00,5.913503e+00,6.806829e+00,7.138073e+00
6.582025e+00,7.229114e+00,6.931472e+00,5.700444e+00,7.048386e+00,6.440947e+00,6.599870e+00,6.480045e+00,6.431331e+00,6.473891e+00,6.196444e+00,6.100319e+00,6.522093e+00,5.758902e+00,6.313548e+00,6.196444e+00,6.206576e+00,6.710523e+00,7.141245e+00
6.452049e+00,7.226936e+00,7.012115e+00,5.717028e+00,7.048386e+00,6.440947e+00,6.599870e+00,6.478510e+00,6.432940e+00,6.476972e+00,6.196444e+00,6.122493e+00,6.522093e+00,5.616771e+00,6.436150e+00,6.196444e+00,6.309918e+00,6.664409e+00,6.983790e+00
6.452049e+00,7.139660e+00,7.110696e+00,5.717028e+00,7.048386e+00,6.440947e+00,6.599870e+00,6.478510e+00,6.432940e+00,6.476972e+00,6.196444e+00,5.937536e+00,6.484635e+00,5.634790e+00,6.469250e+00,6.196444e+00,6.364751e+00,6.708084e+00,7.056175e+00
6.588926e+00,7.130099e+00,7.120444e+00,5.472271e+00,7.048386e+00,6.541030e+00,6.599870e+00,6.478510e+00,6.398595e+00,6.476972e+00,6.196444e+00,5.886104e+00,6.572283e+00,5.777652e+00,6.426488e+00,6.196444e+00,6.364751e+00,6.708084e+00,7.068172e+00
6.635947e+00,7.130099e+00,7.120444e+00,5.472271e+00,7.048386e+00,6.541030e+00,6.599870e+00,6.448889e+00,6.429719e+00,6.476972e+00,6.196444e+00,5.886104e+00,6.616065e+00,5.948035e+00,6.629363e+00,6.196444e+00,6.390241e+00,6.293419e+00,7.044905e+00
6.635947e+00,7.130099e+00,7.120444e+00,5.442418e+00,7.054450e+00,6.541030e+00,6.599870e+00,6.437752e+00,6.440947e+00,6.320768e+00,6.234411e+00,5.924256e+00,6.622736e+00,6.049733e+00,6.614726e+00,6.196444e+00,6.555357e+00,6.315358e+00,7.010312e+00
6.635947e+00,7.130099e+00,7.089243e+00,5.587249e+00,7.056175e+00,6.541030e+00,6.595781e+00,6.442540e+00,6.331502e+00,6.320768e+00,6.234411e+00,5.926926e+00,6.664409e+00,6.167516e+00,6.610696e+00,6.196444e+00,6.856462e+00,6.313548e+00,7.010312e+00
6.683361e+00,7.128496e+00,7.086738e+00,5.605802e+00,7.056175e+00,6.541030e+00,6.313548e+00,6.661855e+00,6.248043e+00,6.324359e+00,6.236370e+00,5.926926e+00,6.839476e+00,6.175867e+00,6.584791e+00,6.129050e+00,6.769642e+00,6.393591e+00,7.036148e+00
6.593045e+00,7.095064e+00,7.171657e+00,5.620401e+00,7.056175e+00,6.541030e+00,6.163315e+00,6.709304e+00,6.320768e+00,6.396930e+00,6.244167e+00,5.926926e+00,6.902743e+00,6.175867e+00,6.466145e+00,6.115892e+00,6.807935e+00,6.423247e+00,7.036148e+00
6.265301e+00,7.234177e+00,7.189922e+00,5.620401e+00,7.056175e+00,6.541030e+00,6.154858e+00,6.714171e+00,6.320768e+00,6.405228e+00,6.244167e+00,5.762051e+00,6.897705e+00,6.180017e+00,6.458338e+00,6.115892e+00,7.136483e+00,6.423247e+00,7.044905e+00
6.263398e+00,7.234898e+00,7.189922e+00,5.620401e+00,7.056175e+00,6.541030e+00,6.154858e+00,6.714171e+00,6.320768e+00,6.405228e+00,6.244167e+00,5.762051e+00,6.884487e+00,6.165418e+00,6.393591e+00,6.115892e+00,7.244228e+00,6.423247e+00,7.044905e+00
6.238325e+00,7.100027e+00,7.295735e+00,5.758902e+00,6.992096e+00,6.639876e+00,6.154858e+00,6.689599e+00,6.345636e+00,6.405228e+00,6.520621e+00,5.762051e+00,6.876265e+00,6.165418e+00,6.572283e+00,6.115892e+00,7.259116e+00,6.270988e+00,7.032624e+00
6.236370e+00,6.754604e+00,7.511525e+00,5.758902e+00,6.864848e+00,6.763885e+00,6.214608e+00,6.680855e+00,6.352629e+00,6.405228e+00,6.525030e+00,5.017280e+00,6.883463e+00,6.142037e+00,6.569481e+00,6.159095e+00,7.252054e+00,6.272877e+00,7.037028e+00
6.228511e+00,6.732211e+00,7.451242e+00,6.102559e+00,6.859615e+00,6.769642e+00,5.921578e+00,6.672033e+00,6.562444e+00,6.405228e+00,6.553933e+00,5.940171e+00,6.884487e+00,6.120297e+00,6.624065e+00,6.154858e+00,7.252762e+00,6.272877e+00,6.846943e+00
6.259581e+00,6.637258e+00,7.482682e+00,6.148468e+00,6.836259e+00,6.794587e+00,5.739793e+00,6.693324e+00,6.562444e+00,6.405228e+00,6.633318e+00,5.863631e+00,6.867974e+00,6.082219e+00,6.624065e+00,6.248043e+00,7.253470e+00,6.204558e+00,7.001246e+00
6.274762e+00,6.699500e+00,7.488294e+00,6.148468e+00,6.747587e+00,6.879356e+00,5.666427e+00,6.664409e+00,6.618739e+00,6.405228e+00,6.598509e+00,5.863631e+00,6.833032e+00,6.200509e+00,6.543912e+00,6.555357e+00,7.255591e+00,6.251904e+00,6.858565e+00
6.249975e+00,6.715383e+00,7.486613e+00,6.154858e+00,6.584791e+00,7.003065e+00,5.429346e+00,6.704414e+00,6.656727e+00,6.459904e+00,6.535241e+00,5.863631e+00,6.831954e+00,5.823046e+00,6.569481e+00,6.508769e+00,7.289611e+00,6.095825e+00,6.985642e+00
5.953243e+00,6.865891e+00,7.486613e+00,6.154858e+00,6.573680e+00,7.008505e+00,5.288267e+00,6.710523e+00,6.689599e+00,6.527958e+00,6.456770e+00,5.823046e+00,6.605298e+00,5.996452e+00,6.641182e+00,6.472346e+00,7.409136e+00,5.616771e+00,6.978214e+00
6.006353e+00,6.865891e+00,7.473637e+00,6.202536e+00,6.573680e+00,6.999422e+00,5.247024e+00,6.469250e+00,6.889591e+00,6.634633e+00,6.415097e+00,5.808142e+00,6.194405e+00,6.154858e+00,6.732211e+00,6.461468e+00,7.439559e+00,5.429346e+00,7.028201e+00
6.047372e+00,6.865891e+00,7.473637e+00,6.202536e+00,6.573680e+00,6.915723e+00,5.616771e+00,6.442540e+00,6.840547e+00,6.848005e+00,6.411818e+00,5.808142e+00,6.192362e+00,6.257668e+00,6.742881e+00,6.461468e+00,7.450080e+00,5.424950e+00,7.033506e+00
5.976351e+00,6.895683e+00,7.449498e+00,6.284134e+00,6.573680e+00,6.853299e+00,5.620401e+00,6.533789e+00,6.836259e+00,6.647688e+00,6.295266e+00,5.808142e+00,6.184149e+00,6.304449e+00,6.678342e+00,6.444131e+00,7.418181e+00,5.416100e+00,7.094235e+00
6.251904e+00,6.896694e+00,7.413367e+00,6.391917e+00,6.573680e+00,6.853299e+00,5.587249e+00,6.546785e+00,6.813445e+00,6.606650e+00,6.224558e+00,6.006353e+00,6.042633e+00,6.304449e+00,6.726233e+00,6.324359e+00,7.447751e+00,5.509388e+00,7.163947e+00
6.440947e+00,6.857514e+00,7.436028e+00,6.391917e+00,6.573680e+00,6.853299e+00,5.429346e+00,6.601230e+00,6.803505e+00,6.692084e+00,6.226537e+00,6.013715e+00,6.030685e+00,6.313548e+00,6.719013e+00,5.998937e+00,7.461066e+00,5.874931e+00,7.237778e+00
6.562444e+00,6.646391e+00,7.537430e+00,6.391917e+00,6.135565e+00,6.845880e+00,6.186209e+00,6.605298e+00,6.704414e+00,6.669498e+00,6.124683e+00,6.232448e+00,6.047372e+00,6.313548e+00,6.697034e+00,5.902633e+00,7.526718e+00,6.218600e+00,7.147559e+00
6.689599e+00,6.576470e+00,7.560601e+00,6.405228e+00,6.135565e+00,6.823286e+00,6.228511e+00,6.551080e+00,6.539586e+00,6.739337e+00,6.343880e+00,6.421622e+00,6.045005e+00,6.329721e+00,6.735780e+00,5.902633e+00,7.542213e+00,6.224558e+00,7.057037e+00
6.754604e+00,6.575076e+00,7.561122e+00,6.405228e+00,5.765191e+00,6.967909e+00,6.228511e+00,6.551080e+00,6.535241e+00,6.680855e+00,6.426488e+00,6.383507e+00,6.045005e+00,6.329721e+00,6.747587e+00,5.899897e+00,7.636752e+00,6.224558e+00,6.961296e+00
6.920672e+00,6.575076e+00,7.561122e+00,6.257668e+00,5.828946e+00,6.978214e+00,6.278521e+00,6.586172e+00,6.480045e+00,6.508769e+00,6.504288e+00,6.436150e+00,6.184149e+00,6.333280e+00,6.747587e+00,5.894403e+00,7.644441e+00,6.222576e+00,6.956545e+00
6.952729e+00,6.575076e+00,7.540090e+00,6.070738e+00,5.934894e+00,7.059618e+00,6.278521e+00,6.586172e+00,6.480045e+00,6.442540e+00,6.513230e+00,6.436150e+00,6.184149e+00,6.350886e+00,6.749931e+00,5.942799e+00,7.636270e+00,6.267201e+00,7.085901e+00
7.033506e+00,6.535241e+00,7.355641e+00,6.655440e+00,5.840642e+00,7.003065e+00,6.448889e+00,6.586172e+00,6.480045e+00,6.444131e+00,6.513230e+00,6.522093e+00,6.336826e+00,6.350886e+00,6.736967e+00,5.942799e+00,7.654917e+00,6.267201e+00,7.128496e+00
7.037028e+00,6.535241e+00,7.355641e+00,6.655440e+00,5.752573e+00,7.029088e+00,6.448889e+00,6.586172e+00,6.480045e+00,6.459904e+00,6.513230e+00,6.536692e+00,6.363028e+00,6.350886e+00,6.698268e+00,6.035481e+00,7.667626e+00,6.253829e+00,7.132498e+00
7.010312e+00,6.579251e+00,7.281386e+00,6.785588e+00,5.765191e+00,7.029088e+00,6.439350e+00,6.594413e+00,6.480045e+00,6.464588e+00,6.507278e+00,6.536692e+00,6.363028e+00,6.472346e+00,6.670766e+00,6.035481e+00,7.675082e+00,6.244167e+00,7.115582e+00
6.941190e+00,6.582025e+00,7.229114e+00,6.931472e+00,5.700444e+00,7.048386e+00,6.440947e+00,6.599870e+00,6.480045e+00,6.687109e+00,6.452049e+00,6.536692e+00,6.442540e+00,6.499787e+00,6.572283e+00,6.206576e+00,7.662468e+00,6.244167e+00,7.111512e+00
6.941190e+00,6.452049e+00,7.226936e+00,7.012115e+00,5.717028e+00,7.048386e+00,6.440947e+00,6.599870e+00,6.478510e+00,6.861711e+00,6.452049e+00,6.522093e+00,6.455199e+00,6.522093e+00,6.478510e+00,6.318968e+00,7.640123e+00,6.244167e+00,7.118826e+00
6.942157e+00,6.452049e+00,7.139660e+00,7.110696e+00,5.717028e+00,7.048386e+00,6.440947e+00,6.599870e+00,6.478510e+00,6.861711e+00,6.461468e+00,6.522093e+00,6.543912e+00,6.514713e+00,6.609349e+00,6.329721e+00,7.625107e+00,6.173786e+00,7.040536e+00
6.850126e+00,6.588926e+00,7.130099e+00,7.120444e+00,5.472271e+00,7.048386e+00,6.541030e+00,6.599870e+00,6.478510e+00,6.861711e+00,6.464588e+00,6.716595e+00,6.546785e+00,6.448889e+00,6.597146e+00,6.333280e+00,7.625107e+00,6.173786e+00,7.055313e+00
6.812345e+00,6.635947e+00,7.130099e+00,7.120444e+00,5.472271e+00,7.048386e+00,6.541030e+00,6.599870e+00,6.448889e+00,6.861711e+00,6.473891e+00,6.723832e+00,6.630683e+00,6.349139e+00,6.386879e+00,6.333280e+00,7.617760e+00,6.171701e+00,7.066467e+00
6.812345e+00,6.635947e+00,7.130099e+00,7.120444e+00,5.442418e+00,7.054450e+00,6.541030e+00,6.599870e+00,6.437752e+00,6.861711e+00,6.487684e+00,6.752270e+00,6.661855e+00,6.289716e+00,6.408529e+00,6.333280e+00,7.592870e+00,6.142037e+00,7.124478e+00
6.828712e+00,6.635947e+00,7.130099e+00,7.089243e+00,5.587249e+00,7.056175e+00,6.541030e+00,6.595781e+00,6.442540e+00,6.865891e+00,6.579251e+00,6.751101e+00,6.654153e+00,6.186209e+00,6.428105e+00,6.336826e+00,7.462789e+00,6.282267e+00,7.210818e+00
6.788972e+00,6.683361e+00,7.128496e+00,7.086738e+00,5.605802e+00,7.056175e+00,6.541030e+00,6.313548e+00,6.661855e+00,7.041412e+00,6.591674e+00,6.771936e+00,6.785588e+00,6.177944e+00,6.444131e+00,6.383507e+00,7.456455e+00,6.202536e+00,7.290975e+00
6.788972e+00,6.593045e+00,7.095064e+00,7.171657e+00,5.620401e+00,7.056175e+00,6.541030e+00,6.163315e+00,6.709304e+00,7.051856e+00,6.602588e+00,6.771936e+00,6.746412e+00,6.253829e+00,6.383507e+00,6.383507e+00,7.436617e+00,6.238325e+00,7.290975e+00
6.791221e+00,6.265301e+00,7.234177e+00,7.189922e+00,5.620401e+00,7.056175e+00,6.541030e+00,6.154858e+00,6.714171e+00,7.079184e+00,6.602588e+00,6.794587e+00,6.831954e+00,6.249975e+00,6.383507e+00,6.436150e+00,7.248504e+00,6.311735e+00,7.346010e+00
6.792344e+00,6.263398e+00,7.234898e+00,7.189922e+00,5.620401e+00,7.056175e+00,6.541030e+00,6.154858e+00,6.714171e+00,7.080868e+00,6.602588e+00,6.842683e+00,6.834109e+00,6.295266e+00,6.423247e+00,6.511745e+00,7.113142e+00,6.415097e+00,7.387709e+00
6.794587e+00,6.238325e+00,7.100027e+00,7.295735e+00,5.758902e+00,6.992096e+00,6.639876e+00,6.154858e+00,6.689599e+00,7.207119e+00,6.350886e+00,6.852243e+00,6.834109e+00,6.343880e+00,6.212606e+00,6.575076e+00,7.023759e+00,6.447306e+00,7.408531e+00
6.794587e+00,6.236370e+00,6.754604e+00,7.511525e+00,5.758902e+00,6.864848e+00,6.763885e+00,6.214608e+00,6.680855e+00,7.281386e+00,6.345636e+00,6.852243e+00,6.853299e+00,6.385194e+00,6.175867e+00,6.543912e+00,7.031741e+00,6.447306e+00,7.404279e+00
6.835185e+00,6.228511e+00,6.732211e+00,7.451242e+00,6.102559e+00,6.859615e+00,6.769642e+00,5.921578e+00,6.672033e+00,7.344073e+00,6.309918e+00,6.573680e+00,6.852243e+00,6.385194e+00,6.086775e+00,6.522093e+00,7.039660e+00,6.569481e+00,7.403670e+00
6.818924e+00,6.259581e+00,6.637258e+00,7.482682e+00,6.148468e+00,6.836259e+00,6.794587e+00,5.739793e+00,6.693324e+00,7.344073e+00,6.267201e+00,6.561031e+00,6.853299e+00,6.385194e+00,6.082219e+00,6.519147e+00,7.042286e+00,6.679599e+00,7.301822e+00
6.742881e+00,6.274762e+00,6.699500e+00,7.488294e+00,6.148468e+00,6.747587e+00,6.879356e+00,5.666427e+00,6.664409e+00,7.351158e+00,6.315358e+00,6.716595e+00,6.828712e+00,6.212606e+00,6.124683e+00,6.216606e+00,7.097549e+00,6.669498e+00,7.315218e+00
6.745236e+00,6.249975e+00,6.715383e+00,7.486613e+00,6.154858e+00,6.584791e+00,7.003065e+00,5.429346e+00,6.704414e+00,7.338238e+00,6.230481e+00,7.054450e+00,6.809039e+00,6.408529e+00,6.113682e+00,6.198479e+00,7.080026e+00,6.685861e+00,7.250636e+00
6.744059e+00,5.953243e+00,6.865891e+00,7.486613e+00,6.154858e+00,6.573680e+00,7.008505e+00,5.288267e+00,6.710523e+00,7.345365e+00,6.329721e+00,7.107425e+00,6.900731e+00,6.428105e+00,5.988961e+00,6.068426e+00,6.912743e+00,6.699500e+00,7.211557e+00
6.723832e+00,6.006353e+00,6.865891e+00,7.473637e+00,6.202536e+00,6.573680e+00,6.999422e+00,5.247024e+00,6.469250e+00,7.295056e+00,6.483107e+00,7.132498e+00,7.007601e+00,6.501290e+00,5.786897e+00,6.013715e+00,6.859615e+00,6.752270e+00,7.172425e+00
6.709304e+00,6.047372e+00,6.865891e+00,7.473637e+00,6.202536e+00,6.573680e+00,6.915723e+00,5.616771e+00,6.442540e+00,7.220374e+00,6.656727e+00,7.146772e+00,7.022868e+00,6.508769e+00,5.758902e+00,6.013715e+00,6.840547e+00,6.800170e+00,7.167809e+00
6.710523e+00,5.976351e+00,6.895683e+00,7.449498e+00,6.284134e+00,6.573680e+00,6.853299e+00,5.620401e+00,6.533789e+00,7.235619e+00,6.742881e+00,7.224753e+00,7.028201e+00,6.504288e+00,5.758902e+00,6.013715e+00,6.840547e+00,6.800170e+00,7.113142e+00
6.582025e+00,6.251904e+00,6.896694e+00,7.413367e+00,6.391917e+00,6.573680e+00,6.853299e+00,5.587249e+00,6.546785e+00,7.255591e+00,6.735780e+00,7.246368e+00,7.086738e+00,6.504288e+00,5.616771e+00,6.013715e+00,6.770789e+00,6.738152e+00,7.126087e+00
6.625392e+00,6.440947e+00,6.857514e+00,7.436028e+00,6.391917e+00,6.573680e+00,6.853299e+00,5.429346e+00,6.601230e+00,7.249926e+00,6.734592e+00,7.280697e+00,7.153834e+00,6.549651e+00,5.616771e+00,6.013715e+00,6.744059e+00,6.572283e+00,7.059618e+00
6.553933e+00,6.562444e+00,6.646391e+00,7.537430e+00,6.391917e+00,6.135565e+00,6.845880e+00,6.186209e+00,6.605298e+00,7.261927e+00,6.749931e+00,7.313220e+00,7.153052e+00,6.549651e+00,5.613128e+00,6.013715e+00,6.594413e+00,6.331502e+00,7.012115e+00
6.416732e+00,6.689599e+00,6.576470e+00,7.560601e+00,6.405228e+00,6.135565e+00,6.823286e+00,6.228511e+00,6.551080e+00,7.290975e+00,6.610696e+00,7.252762e+00,7.153052e+00,6.535241e+00,5.429346e+00,6.013715e+00,6.553933e+00,6.326149e+00,7.124478e+00
6.326149e+00,6.754604e+00,6.575076e+00,7.561122e+00,6.405228e+00,5.765191e+00,6.967909e+00,6.228511e+00,6.551080e+00,7.270313e+00,6.542472e+00,7.239933e+00,7.185387e+00,6.535241e+00,5.384495e+00,6.028279e+00,6.244167e+00,6.326149e+00,7.151485e+00
6.016157e+00,6.920672e+00,6.575076e+00,7.561122e+00,6.257668e+00,5.828946e+00,6.978214e+00,6.278521e+00,6.586172e+00,7.271009e+00,6.467699e+00,7.216709e+00,7.163947e+00,6.532334e+00,5.384495e+00,6.070738e+00,6.222576e+00,6.326149e+00,7.162397e+00
5.961005e+00,6.952729e+00,6.575076e+00,7.540090e+00,6.070738e+00,5.934894e+00,7.059618e+00,6.278521e+00,6.586172e+00,7.271009e+00,6.455199e+00,7.216709e+00,7.164720e+00,6.517671e+00,5.375278e+00,6.308098e+00,6.222576e+00,6.284134e+00,7.074117e+00
5.723585e+00,7.033506e+00,6.535241e+00,7.355641e+00,6.655440e+00,5.840642e+00,7.003065e+00,6.448889e+00,6.586172e+00,7.270313e+00,6.463029e+00,7.174724e+00,7.100852e+00,6.517671e+00,5.375278e+00,6.473891e+00,6.150603e+00,6.284134e+00,7.131699e+00
5.710427e+00,7.037028e+00,6.535241e+00,7.355641e+00,6.655440e+00,5.752573e+00,7.029088e+00,6.448889e+00,6.586172e+00,7.263330e+00,6.463029e+00,7.167038e+00,7.088409e+00,6.535241e+00,5.375278e+00,6.416732e+00,6.171701e+00,6.282267e+00,7.141245e+00
5.805135e+00,7.010312e+00,6.579251e+00,7.281386e+00,6.785588e+00,5.765191e+00,7.029088e+00,6.439350e+00,6.594413e+00,7.261225e+00,6.456770e+00,7.167038e+00,7.124478e+00,6.522093e+00,5.605802e+00,6.416732e+00,6.079933e+00,6.282267e+00,7.130099e+00
5.849325e+00,6.941190e+00,6.582025e+00,7.229114e+00,6.931472e+00,5.700444e+00,7.048386e+00,6.440947e+00,6.599870e+00,7.140453e+00,6.456770e+00,7.167038e+00,7.085064e+00,6.502790e+00,5.874931e+00,6.280396e+00,5.823046e+00,6.282267e+00,7.128496e+00
5.932245e+00,6.941190e+00,6.452049e+00,7.226936e+00,7.012115e+00,5.717028e+00,7.048386e+00,6.440947e+00,6.599870e+00,7.009409e+00,6.466145e+00,7.167038e+00,7.078342e+00,6.492240e+00,6.086775e+00,6.163315e+00,5.802118e+00,6.282267e+00,7.147559e+00
6.173786e+00,6.942157e+00,6.452049e+00,7.139660e+00,7.110696e+00,5.717028e+00,7.048386e+00,6.440947e+00,6.599870e+00,7.013915e+00,6.464588e+00,7.167038e+00,7.027315e+00,6.522093e+00,5.840642e+00,6.167516e+00,5.802118e+00,6.285998e+00,7.148346e+00
6.204558e+00,6.850126e+00,6.588926e+00,7.130099e+00,7.120444e+00,5.472271e+00,7.048386e+00,6.541030e+00,6.599870e+00,7.020191e+00,6.493754e+00,7.047517e+00,6.951772e+00,6.522093e+00,5.840642e+00,6.352629e+00,5.958425e+00,6.285998e+00,7.122867e+00
6.357842e+00,6.812345e+00,6.635947e+00,7.130099e+00,7.120444e+00,5.472271e+00,7.048386e+00,6.541030e+00,6.599870e+00,7.041412e+00,6.487684e+00,7.042286e+00,6.853299e+00,6.522093e+00,5.840642e+00,6.375025e+00,6.021023e+00,6.313548e+00,7.112327e+00
6.575076e+00,6.812345e+00,6.635947e+00,7.130099e+00,7.120444e+00,5.442418e+00,7.054450e+00,6.541030e+00,6.599870e+00,7.182352e+00,6.445720e+00,7.008505e+00,6.822197e+00,6.510258e+00,5.846439e+00,6.375025e+00,6.236370e+00,6.335054e+00,7.053586e+00
6.695799e+00,6.828712e+00,6.635947e+00,7.130099e+00,7.089243e+00,5.587249e+00,7.056175e+00,6.541030e+00,6.595781e+00,7.187657e+00,6.340359e+00,7.008505e+00,6.793466e+00,6.510258e+00,5.899897e+00,6.410175e+00,6.232448e+00,6.200509e+00,6.952729e+00
6.783325e+00,6.788972e+00,6.683361e+00,7.128496e+00,7.086738e+00,5.605802e+00,7.056175e+00,6.541030e+00,6.313548e+00,7.101676e+00,6.322565e+00,6.992096e+00,6.450470e+00,6.510258e+00,5.996452e+00,6.364751e+00,6.261492e+00,6.206576e+00,6.805723e+00
6.784457e+00,6.788972e+00,6.593045e+00,7.095064e+00,7.171657e+00,5.620401e+00,7.056175e+00,6.541030e+00,6.163315e+00,7.104144e+00,6.293419e+00,6.992096e+00,6.406880e+00,6.452049e+00,6.037871e+00,6.371612e+00,6.272877e+00,6.304449e+00,6.869014e+00
6.782192e+00,6.791221e+00,6.265301e+00,7.234177e+00,7.189922e+00,5.620401e+00,7.056175e+00,6.541030e+00,6.154858e+00,7.073270e+00,6.293419e+00,6.993933e+00,6.270988e+00,6.464588e+00,6.037871e+00,6.315358e+00,6.349139e+00,6.230481e+00,6.822197e+00
6.783325e+00,6.792344e+00,6.263398e+00,7.234898e+00,7.189922e+00,5.620401e+00,7.056175e+00,6.541030e+00,6.154858e+00,7.097549e+00,6.293419e+00,6.953684e+00,6.267201e+00,6.469250e+00,5.978886e+00,6.376727e+00,6.428105e+00,6.206576e+00,6.784457e+00
6.787845e+00,6.794587e+00,6.238325e+00,7.100027e+00,7.295735e+00,5.758902e+00,6.992096e+00,6.639876e+00,6.154858e+00,6.955593e+00,6.293419e+00,6.946976e+00,6.267201e+00,6.444131e+00,6.018593e+00,6.340359e+00,6.436150e+00,6.411818e+00,6.749931e+00
6.790097e+00,6.794587e+00,6.236370e+00,6.754604e+00,7.511525e+00,5.758902e+00,6.864848e+00,6.763885e+00,6.214608e+00,6.983790e+00,6.293419e+00,7.010312e+00,6.218600e+00,6.406880e+00,6.018593e+00,6.340359e+00,6.630683e+00,6.637258e+00,6.767343e+00
6.747587e+00,6.835185e+00,6.228511e+00,6.732211e+00,7.451242e+00,6.102559e+00,6.859615e+00,6.769642e+00,5.921578e+00,6.946976e+00,6.293419e+00,7.013016e+00,6.440947e+00,6.461468e+00,6.018593e+00,6.336826e+00,6.734592e+00,6.523562e+00,6.767343e+00
6.746412e+00,6.818924e+00,6.259581e+00,6.637258e+00,7.482682e+00,6.148468e+00,6.836259e+00,6.794587e+00,5.739793e+00,7.027315e+00,6.253829e+00,7.010312e+00,6.558198e+00,6.556778e+00,6.070738e+00,6.255750e+00,6.774224e+00,6.393591e+00,6.768493e+00
6.803505e+00,6.742881e+00,6.274762e+00,6.699500e+00,7.488294e+00,6.148468e+00,6.747587e+00,6.879356e+00,5.666427e+00,7.020191e+00,6.095825e+00,6.896694e+00,6.688355e+00,6.580639e+00,6.089045e+00,6.255750e+00,6.954639e+00,6.366470e+00,6.852243e+00
6.917706e+00,6.745236e+00,6.249975e+00,6.715383e+00,7.486613e+00,6.154858e+00,6.584791e+00,7.003065e+00,5.429346e+00,7.008505e+00,6.077642e+00,6.487684e+00,6.723832e+00,6.388561e+00,6.059123e+00,6.257668e+00,7.210818e+00,6.343880e+00,6.844815e+00
6.995766e+00,6.744059e+00,5.953243e+00,6.865891e+00,7.486613e+00,6.154858e+00,6.573680e+00,7.008505e+00,5.288267e+00,6.956545e+00,5.948035e+00,6.413459e+00,6.629363e+00,6.218600e+00,6.070738e+00,6.257668e+00,7.242798e+00,6.324359e+00,6.854355e+00
6.994850e+00,6.723832e+00,6.006353e+00,6.865891e+00,7.473637e+00,6.202536e+00,6.573680e+00,6.999422e+00,5.247024e+00,6.955593e+00,5.669881e+00,6.363028e+00,6.570883e+00,5.955837e+00,6.070738e+00,6.257668e+00,7.334329e+00,6.242223e+00,7.044905e+00
6.990257e+00,6.709304e+00,6.047372e+00,6.865891e+00,7.473637e+00,6.202536e+00,6.573680e+00,6.915723e+00,5.616771e+00,6.881411e+00,5.129899e+00,6.502790e+00,6.561031e+00,5.817111e+00,6.184149e+00,6.287859e+00,7.334329e+00,6.156979e+00,7.237778e+00
7.180831e+00,6.710523e+00,5.976351e+00,6.895683e+00,7.449498e+00,6.284134e+00,6.573680e+00,6.853299e+00,5.620401e+00,6.823286e+00,4.595120e+00,6.376727e+00,6.655440e+00,5.749393e+00,6.184149e+00,6.356108e+00,7.334329e+00,6.156979e+00,7.202661e+00
7.196687e+00,6.582025e+00,6.251904e+00,6.896694e+00,7.413367e+00,6.391917e+00,6.573680e+00,6.853299e+00,5.587249e+00,6.786717e+00,4.584967e+00,6.302619e+00,6.563856e+00,5.749393e+00,6.186209e+00,6.357842e+00,7.334329e+00,6.156979e+00,7.122867e+00
7.092574e+00,6.625392e+00,6.440947e+00,6.857514e+00,7.436028e+00,6.391917e+00,6.573680e+00,6.853299e+00,5.429346e+00,6.687109e+00,4.584967e+00,6.208590e+00,6.556778e+00,5.627621e+00,6.248043e+00,6.492240e+00,7.334329e+00,6.156979e+00,7.107425e+00
7.164720e+00,6.553933e+00,6.562444e+00,6.646391e+00,7.537430e+00,6.391917e+00,6.135565e+00,6.845880e+00,6.186209e+00,6.682109e+00,4.442651e+00,5.963579e+00,6.559615e+00,5.627621e+00,6.248043e+00,6.526495e+00,7.334329e+00,6.156979e+00,7.108244e+00
7.160069e+00,6.416732e+00,6.689599e+00,6.576470e+00,7.560601e+00,6.405228e+00,6.135565e+00,6.823286e+00,6.228511e+00,6.559615e+00,4.430817e+00,5.905362e+00,6.599870e+00,5.627621e+00,6.276643e+00,6.555357e+00,7.334329e+00,6.156979e+00,7.006695e+00
7.174724e+00,6.326149e+00,6.754604e+00,6.575076e+00,7.561122e+00,6.405228e+00,5.765191e+00,6.967909e+00,6.228511e+00,6.539586e+00,4.430817e+00,6.018593e+00,6.594413e+00,5.765191e+00,6.287859e+00,6.803505e+00,7.334329e+00,6.156979e+00,6.975414e+00
7.189168e+00,6.016157e+00,6.920672e+00,6.575076e+00,7.561122e+00,6.257668e+00,5.828946e+00,6.978214e+00,6.278521e+00,6.538140e+00,4.430817e+00,6.063785e+00,6.548219e+00,5.765191e+00,6.359574e+00,6.956545e+00,7.331060e+00,6.156979e+00,6.962243e+00
7.218910e+00,5.961005e+00,6.952729e+00,6.575076e+00,7.540090e+00,6.070738e+00,5.934894e+00,7.059618e+00,6.278521e+00,6.563856e+00,4.430817e+00,6.063785e+00,6.556778e+00,5.765191e+00,6.359574e+00,6.924612e+00,7.331715e+00,6.156979e+00,6.927558e+00
7.218177e+00,5.723585e+00,7.033506e+00,6.535241e+00,7.355641e+00,6.655440e+00,5.840642e+00,7.003065e+00,6.448889e+00,6.563856e+00,4.477337e+00,6.073045e+00,6.568078e+00,5.765191e+00,6.359574e+00,6.892642e+00,7.327123e+00,6.156979e+00,6.800170e+00
7.254885e+00,5.710427e+00,7.037028e+00,6.535241e+00,7.355641e+00,6.655440e+00,5.752573e+00,7.029088e+00,6.448889e+00,6.563856e+00,4.477337e+00,6.104793e+00,6.568078e+00,5.726848e+00,6.359574e+00,6.933423e+00,7.308543e+00,6.228511e+00,6.781058e+00
7.232733e+00,5.805135e+00,7.010312e+00,6.579251e+00,7.281386e+00,6.785588e+00,5.765191e+00,7.029088e+00,6.439350e+00,6.651572e+00,4.477337e+00,6.280396e+00,6.504288e+00,5.509388e+00,6.257668e+00,6.983790e+00,7.305860e+00,6.248043e+00,6.766192e+00
7.221836e+00,5.849325e+00,6.941190e+00,6.582025e+00,7.229114e+00,6.931472e+00,5.700444e+00,7.048386e+00,6.440947e+00,6.739337e+00,4.394449e+00,6.483107e+00,6.614726e+00,5.924256e+00,6.244167e+00,7.019297e+00,7.305860e+00,6.248043e+00,6.769642e+00
7.214504e+00,5.932245e+00,6.941190e+00,6.452049e+00,7.226936e+00,7.012115e+00,5.717028e+00,7.048386e+00,6.440947e+00,6.739337e+00,5.572154e+00,6.526495e+00,6.806829e+00,5.924256e+00,6.240276e+00,7.027315e+00,7.305860e+00,6.248043e+00,6.746412e+00
7.134891e+00,6.173786e+00,6.942157e+00,6.452049e+00,7.139660e+00,7.110696e+00,5.717028e+00,7.048386e+00,6.440947e+00,6.733402e+00,5.899897e+00,6.536692e+00,6.865891e+00,5.869297e+00,6.226537e+00,7.072422e+00,7.324490e+00,6.333280e+00,6.760415e+00
7.129298e+00,6.204558e+00,6.850126e+00,6.588926e+00,7.130099e+00,7.120444e+00,5.472271e+00,7.048386e+00,6.541030e+00,6.725034e+00,5.874931e+00,6.542472e+00,6.921658e+00,5.940171e+00,6.476972e+00,6.990257e+00,7.317212e+00,6.373320e+00,6.766192e+00
7.061334e+00,6.357842e+00,6.812345e+00,6.635947e+00,7.130099e+00,7.120444e+00,5.472271e+00,7.048386e+00,6.541030e+00,6.703188e+00,5.869297e+00,6.617403e+00,6.922644e+00,5.958425e+00,6.476972e+00,6.978214e+00,7.313220e+00,6.350886e+00,6.860664e+00
6.933423e+00,6.575076e+00,6.812345e+00,6.635947e+00,7.130099e+00,7.120444e+00,5.442418e+00,7.054450e+00,6.541030e+00,6.469250e+00,5.942799e+00,6.688355e+00,6.922644e+00,5.958425e+00,6.453625e+00,6.978214e+00,7.224025e+00,6.349139e+00,6.943122e+00
6.823286e+00,6.695799e+00,6.828712e+00,6.635947e+00,7.130099e+00,7.089243e+00,5.587249e+00,7.056175e+00,6.541030e+00,6.452049e+00,6.620073e+00,6.688355e+00,6.922644e+00,5.958425e+00,6.410175e+00,6.956545e+00,7.223296e+00,6.476972e+00,7.024649e+00
6.738152e+00,6.783325e+00,6.788972e+00,6.683361e+00,7.128496e+00,7.086738e+00,5.605802e+00,7.056175e+00,6.541030e+00,6.400257e+00,6.620073e+00,6.703188e+00,6.922644e+00,5.958425e+00,6.331502e+00,6.977281e+00,7.194437e+00,6.552508e+00,7.080026e+00
6.766192e+00,6.784457e+00,6.788972e+00,6.593045e+00,7.095064e+00,7.171657e+00,5.620401e+00,7.056175e+00,6.541030e+00,6.308098e+00,6.620073e+00,6.703188e+00,6.922644e+00,5.968708e+00,6.300786e+00,6.984716e+00,7.183871e+00,6.476972e+00,7.066467e+00
6.800170e+00,6.782192e+00,6.791221e+00,6.265301e+00,7.234177e+00,7.189922e+00,5.620401e+00,7.056175e+00,6.541030e+00,6.308098e+00,6.620073e+00,6.675823e+00,6.922644e+00,5.950643e+00,6.300786e+00,7.004882e+00,7.123673e+00,6.642487e+00,7.090077e+00
6.797940e+00,6.783325e+00,6.792344e+00,6.263398e+00,7.234898e+00,7.189922e+00,5.620401e+00,7.056175e+00,6.541030e+00,6.251904e+00,6.620073e+00,6.674561e+00,6.943122e+00,5.877736e+00,6.300786e+00,6.933423e+00,7.100852e+00,6.655440e+00,7.094235e+00
6.802395e+00,6.787845e+00,6.794587e+00,6.238325e+00,7.100027e+00,7.295735e+00,5.758902e+00,6.992096e+00,6.639876e+00,6.282267e+00,6.620073e+00,6.672033e+00,6.943122e+00,5.846439e+00,6.272877e+00,6.923629e+00,7.153834e+00,6.464588e+00,7.087574e+00
6.833032e+00,6.790097e+00,6.794587e+00,6.236370e+00,6.754604e+00,7.511525e+00,5.758902e+00,6.864848e+00,6.763885e+00,6.148468e+00,6.620073e+00,6.582025e+00,6.946014e+00,5.843544e+00,6.269096e+00,6.924612e+00,7.048386e+00,6.188264e+00,7.074963e+00
6.833032e+00,6.747587e+00,6.835185e+00,6.228511e+00,6.732211e+00,7.451242e+00,6.102559e+00,6.859615e+00,6.769642e+00,6.033086e+00,6.620073e+00,6.614726e+00,6.817831e+00,5.739793e+00,6.272877e+00,6.924612e+00,6.964136e+00,6.188264e+00,7.074963e+00
6.833032e+00,6.746412e+00,6.818924e+00,6.259581e+00,6.637258e+00,7.482682e+00,6.148468e+00,6.836259e+00,6.794587e+00,5.860786e+00,6.601230e+00,6.659294e+00,6.728629e+00,5.509388e+00,6.263398e+00,6.955593e+00,6.927558e+00,6.194405e+00,7.074117e+00
6.777647e+00,6.803505e+00,6.742881e+00,6.274762e+00,6.699500e+00,7.488294e+00,6.148468e+00,6.747587e+00,6.879356e+00,5.877736e+00,6.601230e+00,6.898715e+00,6.603944e+00,5.438079e+00,6.214608e+00,6.994850e+00,6.661855e+00,6.196444e+00,6.957497e+00
6.646391e+00,6.917706e+00,6.745236e+00,6.249975e+00,6.715383e+00,7.486613e+00,6.154858e+00,6.584791e+00,7.003065e+00,6.089045e+00,6.638568e+00,6.901737e+00,6.563856e+00,5.438079e+00,6.246107e+00,6.994850e+00,6.309918e+00,6.196444e+00,6.943122e+00
6.562444e+00,6.995766e+00,6.744059e+00,5.953243e+00,6.865891e+00,7.486613e+00,6.154858e+00,6.573680e+00,7.008505e+00,6.403574e+00,6.647688e+00,6.885510e+00,6.546785e+00,5.438079e+00,6.240276e+00,6.994850e+00,6.335054e+00,6.196444e+00,6.995766e+00
6.558198e+00,6.994850e+00,6.723832e+00,6.006353e+00,6.865891e+00,7.473637e+00,6.202536e+00,6.573680e+00,6.999422e+00,6.408529e+00,6.656727e+00,6.955593e+00,6.442540e+00,5.438079e+00,6.240276e+00,6.994850e+00,6.079933e+00,6.204558e+00,6.906755e+00
6.558198e+00,6.990257e+00,6.709304e+00,6.047372e+00,6.865891e+00,7.473637e+00,6.202536e+00,6.573680e+00,6.915723e+00,6.467699e+00,6.652863e+00,6.990257e+00,6.432940e+00,5.411646e+00,6.133398e+00,6.980076e+00,6.082219e+00,6.293419e+00,6.732211e+00
6.165418e+00,7.180831e+00,6.710523e+00,5.976351e+00,6.895683e+00,7.449498e+00,6.284134e+00,6.573680e+00,6.853299e+00,6.467699e+00,6.652863e+00,7.173192e+00,6.381816e+00,5.411646e+00,6.133398e+00,6.948897e+00,6.082219e+00,6.302619e+00,6.810142e+00
6.059123e+00,7.196687e+00,6.582025e+00,6.251904e+00,6.896694e+00,7.413367e+00,6.391917e+00,6.573680e+00,6.853299e+00,6.463029e+00,6.666957e+00,7.125283e+00,6.398595e+00,5.416100e+00,6.131226e+00,6.986566e+00,6.093570e+00,6.383507e+00,6.862758e+00
6.059123e+00,7.092574e+00,6.625392e+00,6.440947e+00,6.857514e+00,7.436028e+00,6.391917e+00,6.573680e+00,6.853299e+00,6.463029e+00,6.666957e+00,7.122867e+00,6.561031e+00,5.505332e+00,6.061457e+00,6.965080e+00,6.098074e+00,6.408529e+00,6.892642e+00
5.733341e+00,7.164720e+00,6.553933e+00,6.562444e+00,6.646391e+00,7.537430e+00,6.391917e+00,6.135565e+00,6.845880e+00,6.442540e+00,6.788972e+00,7.090077e+00,6.559615e+00,5.552960e+00,6.061457e+00,6.943122e+00,6.098074e+00,6.768493e+00,6.894670e+00
5.739793e+00,7.160069e+00,6.416732e+00,6.689599e+00,6.576470e+00,7.560601e+00,6.405228e+00,6.135565e+00,6.823286e+00,6.431331e+00,6.948897e+00,7.089243e+00,6.556778e+00,5.598422e+00,6.171701e+00,6.928538e+00,6.098074e+00,6.829794e+00,6.858565e+00
5.733341e+00,7.174724e+00,6.326149e+00,6.754604e+00,6.575076e+00,7.561122e+00,6.405228e+00,5.765191e+00,6.967909e+00,6.432940e+00,6.968850e+00,7.043160e+00,6.685861e+00,5.433722e+00,6.249975e+00,6.705639e+00,6.098074e+00,6.887553e+00,6.858565e+00
5.849325e+00,7.189168e+00,6.016157e+00,6.920672e+00,6.575076e+00,7.561122e+00,6.257668e+00,5.828946e+00,6.978214e+00,6.432940e+00,6.987490e+00,7.026427e+00,6.817831e+00,5.476464e+00,6.385194e+00,6.476972e+00,6.098074e+00,6.919684e+00,7.042286e+00
5.755742e+00,7.218910e+00,5.961005e+00,6.952729e+00,6.575076e+00,7.540090e+00,6.070738e+00,5.934894e+00,7.059618e+00,6.398595e+00,6.990257e+00,7.026427e+00,6.835185e+00,5.476464e+00,6.587550e+00,6.308098e+00,6.093570e+00,7.100027e+00,7.044905e+00
5.771441e+00,7.218177e+00,5.723585e+00,7.033506e+00,6.535241e+00,7.355641e+00,6.655440e+00,5.840642e+00,7.003065e+00,6.429719e+00,6.981935e+00,7.022868e+00,6.971669e+00,5.480639e+00,6.613384e+00,6.177944e+00,6.093570e+00,7.103322e+00,7.044905e+00
5.860786e+00,7.254885e+00,5.710427e+00,7.037028e+00,6.535241e+00,7.355641e+00,6.655440e+00,5.752573e+00,7.029088e+00,6.440947e+00,6.984716e+00,7.010312e+00,6.971669e+00,6.066108e+00,6.614726e+00,6.086775e+00,6.073045e+00,7.074117e+00,7.044905e+00
5.883322e+00,7.232733e+00,5.805135e+00,7.010312e+00,6.579251e+00,7.281386e+00,6.785588e+00,5.765191e+00,7.029088e+00,6.331502e+00,7.045777e+00,6.929517e+00,6.971669e+00,6.095825e+00,6.614726e+00,5.958425e+00,6.073045e+00,7.065613e+00,7.053586e+00
5.883322e+00,7.221836e+00,5.849325e+00,6.941190e+00,6.582025e+00,7.229114e+00,6.931472e+00,5.700444e+00,7.048386e+00,6.248043e+00,7.037906e+00,6.804615e+00,6.895683e+00,5.826000e+00,6.501290e+00,5.852202e+00,6.073045e+00,7.065613e+00,7.050989e+00
5.826000e+00,7.214504e+00,5.932245e+00,6.941190e+00,6.452049e+00,7.226936e+00,7.012115e+00,5.717028e+00,7.048386e+00,6.320768e+00,6.857514e+00,6.771936e+00,6.721426e+00,6.056784e+00,6.405228e+00,5.826000e+00,6.073045e+00,7.099202e+00,7.039660e+00
5.826000e+00,7.134891e+00,6.173786e+00,6.942157e+00,6.452049e+00,7.139660e+00,7.110696e+00,5.717028e+00,7.048386e+00,6.320768e+00,6.742881e+00,6.763885e+00,6.652863e+00,6.070738e+00,6.411818e+00,5.631212e+00,6.006353e+00,7.150701e+00,7.028201e+00
5.820083e+00,7.129298e+00,6.204558e+00,6.850126e+00,6.588926e+00,7.130099e+00,7.120444e+00,5.472271e+00,7.048386e+00,6.320768e+00,6.729824e+00,6.784457e+00,6.579251e+00,6.033086e+00,6.265301e+00,5.609472e+00,5.888878e+00,7.231287e+00,7.023759e+00
5.820083e+00,7.061334e+00,6.357842e+00,6.812345e+00,6.635947e+00,7.130099e+00,7.120444e+00,5.472271e+00,7.048386e+00,6.345636e+00,6.729824e+00,6.721426e+00,6.595781e+00,6.100319e+00,6.324359e+00,5.609472e+00,5.834811e+00,7.229839e+00,6.957497e+00
5.820083e+00,6.933423e+00,6.575076e+00,6.812345e+00,6.635947e+00,7.130099e+00,7.120444e+00,5.442418e+00,7.054450e+00,6.352629e+00,6.727432e+00,6.652863e+00,6.595781e+00,6.100319e+00,6.324359e+00,5.680173e+00,5.749393e+00,7.257708e+00,6.887553e+00
5.820083e+00,6.823286e+00,6.695799e+00,6.828712e+00,6.635947e+00,7.130099e+00,7.089243e+00,5.587249e+00,7.056175e+00,6.562444e+00,6.184149e+00,6.652863e+00,6.655440e+00,6.100319e+00,6.318968e+00,5.680173e+00,5.743003e+00,7.268920e+00,6.828712e+00
5.905362e+00,6.738152e+00,6.783325e+00,6.788972e+00,6.683361e+00,7.128496e+00,7.086738e+00,5.605802e+00,7.056175e+00,6.562444e+00,6.184149e+00,6.637258e+00,6.779922e+00,6.100319e+00,6.318968e+00,5.609472e+00,5.743003e+00,7.245655e+00,6.755769e+00
5.834811e+00,6.766192e+00,6.784457e+00,6.788972e+00,6.593045e+00,7.095064e+00,7.171657e+00,5.620401e+00,7.056175e+00,6.618739e+00,6.184149e+00,6.654153e+00,6.906755e+00,6.091310e+00,6.318968e+00,5.676754e+00,5.743003e+00,7.292337e+00,6.705639e+00
5.968708e+00,6.800170e+00,6.782192e+00,6.791221e+00,6.265301e+00,7.234177e+00,7.189922e+00,5.620401e+00,7.056175e+00,6.656727e+00,6.184149e+00,6.727432e+00,6.923629e+00,6.089045e+00,6.342121e+00,5.602119e+00,5.655992e+00,7.307202e+00,6.612041e+00
5.988961e+00,6.797940e+00,6.783325e+00,6.792344e+00,6.263398e+00,7.234898e+00,7.189922e+00,5.620401e+00,7.056175e+00,6.689599e+00,6.192362e+00,6.727432e+00,6.948897e+00,6.139885e+00,6.342121e+00,5.602119e+00,5.587249e+00,7.284135e+00,6.561031e+00
5.961005e+00,6.802395e+00,6.787845e+00,6.794587e+00,6.238325e+00,7.100027e+00,7.295735e+00,5.758902e+00,6.992096e+00,6.889591e+00,6.192362e+00,6.817831e+00,7.095064e+00,6.186209e+00,6.340359e+00,5.749393e+00,5.288267e+00,7.277939e+00,6.591674e+00
5.880533e+00,6.833032e+00,6.790097e+00,6.794587e+00,6.236370e+00,6.754604e+00,7.511525e+00,5.758902e+00,6.864848e+00,6.840547e+00,6.230481e+00,6.983790e+00,7.165493e+00,6.244167e+00,6.340359e+00,5.746203e+00,5.780744e+00,7.277939e+00,6.645091e+00
5.880533e+00,6.833032e+00,6.747587e+00,6.835185e+00,6.228511e+00,6.732211e+00,7.451242e+00,6.102559e+00,6.859615e+00,6.836259e+00,6.234411e+00,6.976348e+00,7.191429e+00,6.257668e+00,6.336826e+00,5.746203e+00,5.902633e+00,7.277939e+00,6.645091e+00
5.880533e+00,6.833032e+00,6.746412e+00,6.818924e+00,6.259581e+00,6.637258e+00,7.482682e+00,6.148468e+00,6.836259e+00,6.813445e+00,6.234411e+00,6.991177e+00,7.252762e+00,6.513230e+00,6.306275e+00,5.638355e+00,5.905362e+00,7.275865e+00,6.709304e+00
5.880533e+00,6.777647e+00,6.803505e+00,6.742881e+00,6.274762e+00,6.699500e+00,7.488294e+00,6.148468e+00,6.747587e+00,6.803505e+00,6.448889e+00,6.824374e+00,7.252762e+00,6.513230e+00,6.315358e+00,5.438079e+00,5.897154e+00,7.275172e+00,6.799056e+00
5.872118e+00,6.646391e+00,6.917706e+00,6.745236e+00,6.249975e+00,6.715383e+00,7.486613e+00,6.154858e+00,6.584791e+00,6.704414e+00,6.510258e+00,6.821107e+00,7.264730e+00,6.514713e+00,6.297109e+00,5.459586e+00,5.568345e+00,7.275172e+00,6.773080e+00
5.934894e+00,6.562444e+00,6.995766e+00,6.744059e+00,5.953243e+00,6.865891e+00,7.486613e+00,6.154858e+00,6.573680e+00,6.539586e+00,6.579251e+00,6.821107e+00,7.312553e+00,6.532334e+00,6.298949e+00,5.484797e+00,5.796058e+00,7.292337e+00,6.712956e+00
5.934894e+00,6.558198e+00,6.994850e+00,6.723832e+00,6.006353e+00,6.865891e+00,7.473637e+00,6.202536e+00,6.573680e+00,6.535241e+00,6.569481e+00,6.740519e+00,7.328437e+00,6.538140e+00,6.309918e+00,5.583496e+00,5.774552e+00,7.299121e+00,6.624065e+00
5.934894e+00,6.558198e+00,6.990257e+00,6.709304e+00,6.047372e+00,6.865891e+00,7.473637e+00,6.202536e+00,6.573680e+00,6.480045e+00,6.639876e+00,6.556778e+00,7.325808e+00,6.635947e+00,6.317165e+00,5.583496e+00,5.771441e+00,7.267525e+00,6.588926e+00
5.934894e+00,6.165418e+00,7.180831e+00,6.710523e+00,5.976351e+00,6.895683e+00,7.449498e+00,6.284134e+00,6.573680e+00,6.480045e+00,6.659294e+00,6.137727e+00,7.319202e+00,6.711740e+00,6.327937e+00,5.572154e+00,5.771441e+00,7.264030e+00,6.507278e+00
5.934894e+00,6.059123e+00,7.196687e+00,6.582025e+00,6.251904e+00,6.896694e+00,7.413367e+00,6.391917e+00,6.573680e+00,6.480045e+00,6.729824e+00,6.240276e+00,7.312553e+00,6.723832e+00,6.327937e+00,5.429346e+00,5.755742e+00,7.231287e+00,6.504288e+00
5.913503e+00,6.059123e+00,7.092574e+00,6.625392e+00,6.440947e+00,6.857514e+00,7.436028e+00,6.391917e+00,6.573680e+00,6.480045e+00,6.731018e+00,6.572283e+00,7.181592e+00,6.705639e+00,6.350886e+00,5.123964e+00,5.758902e+00,7.220374e+00,6.562444e+00
5.913503e+00,5.733341e+00,7.164720e+00,6.553933e+00,6.562444e+00,6.646391e+00,7.537430e+00,6.391917e+00,6.135565e+00,6.480045e+00,6.610696e+00,6.666957e+00,7.176255e+00,6.690842e+00,6.386879e+00,5.541264e+00,5.758902e+00,7.007601e+00,6.630683e+00
5.961005e+00,5.739793e+00,7.160069e+00,6.416732e+00,6.689599e+00,6.576470e+00,7.560601e+00,6.405228e+00,6.135565e+00,6.480045e+00,6.383507e+00,6.699500e+00,7.155396e+00,6.675823e+00,6.270988e+00,5.525453e+00,5.758902e+00,6.956545e+00,6.659294e+00
5.926926e+00,5.733341e+00,7.174724e+00,6.326149e+00,6.754604e+00,6.575076e+00,7.561122e+00,6.405228e+00,5.765191e+00,6.478510e+00,6.347389e+00,6.760415e+00,7.044033e+00,6.675823e+00,6.182085e+00,5.525453e+00,5.758902e+00,6.994850e+00,6.746412e+00
5.743003e+00,5.849325e+00,7.189168e+00,6.016157e+00,6.920672e+00,6.575076e+00,7.561122e+00,6.257668e+00,5.828946e+00,6.478510e+00,6.311735e+00,6.793466e+00,6.938284e+00,6.663133e+00,5.910797e+00,5.525453e+00,5.758902e+00,6.965080e+00,6.575076e+00
5.693732e+00,5.755742e+00,7.218910e+00,5.961005e+00,6.952729e+00,6.575076e+00,7.540090e+00,6.070738e+00,5.934894e+00,6.478510e+00,6.306275e+00,6.915723e+00,6.915723e+00,6.663133e+00,5.463832e+00,5.525453e+00,5.758902e+00,6.755769e+00,6.583409e+00
5.690359e+00,5.771441e+00,7.218177e+00,5.723585e+00,7.033506e+00,6.535241e+00,7.355641e+00,6.655440e+00,5.840642e+00,6.448889e+00,6.306275e+00,6.925595e+00,6.768493e+00,6.661855e+00,5.379897e+00,5.525453e+00,5.758902e+00,6.751101e+00,6.677083e+00
5.370638e+00,5.860786e+00,7.254885e+00,5.710427e+00,7.037028e+00,6.535241e+00,7.355641e+00,6.655440e+00,5.752573e+00,6.437752e+00,6.300786e+00,6.925595e+00,6.824374e+00,6.381816e+00,5.375278e+00,5.525453e+00,5.758902e+00,6.993015e+00,6.708084e+00
5.389072e+00,5.883322e+00,7.232733e+00,5.805135e+00,7.010312e+00,6.579251e+00,7.281386e+00,6.785588e+00,5.765191e+00,6.442540e+00,6.167516e+00,6.929517e+00,6.861711e+00,6.350886e+00,5.375278e+00,5.669881e+00,5.758902e+00,7.127694e+00,6.703188e+00
5.389072e+00,5.883322e+00,7.221836e+00,5.849325e+00,6.941190e+00,6.582025e+00,7.229114e+00,6.931472e+00,5.700444e+00,6.661855e+00,6.144186e+00,6.961296e+00,6.899723e+00,6.381816e+00,5.375278e+00,5.891644e+00,5.758902e+00,7.207119e+00,6.827629e+00
5.389072e+00,5.826000e+00,7.214504e+00,5.932245e+00,6.941190e+00,6.452049e+00,7.226936e+00,7.012115e+00,5.717028e+00,6.709304e+00,6.144186e+00,7.115582e+00,6.899723e+00,6.246107e+00,5.231109e+00,5.981414e+00,5.758902e+00,7.221105e+00,7.034388e+00
5.389072e+00,5.826000e+00,7.134891e+00,6.173786e+00,6.942157e+00,6.452049e+00,7.139660e+00,7.110696e+00,5.717028e+00,6.714171e+00,6.135565e+00,7.134094e+00,7.095893e+00,6.234411e+00,5.247024e+00,6.093570e+00,5.758902e+00,7.138867e+00,7.062192e+00
5.351858e+00,5.820083e+00,7.129298e+00,6.204558e+00,6.850126e+00,6.588926e+00,7.130099e+00,7.120444e+00,5.472271e+00,6.714171e+00,6.280396e+00,7.116394e+00,7.099202e+00,6.214608e+00,4.859812e+00,6.102559e+00,5.758902e+00,7.029973e+00,7.105786e+00
5.351858e+00,5.820083e+00,7.061334e+00,6.357842e+00,6.812345e+00,6.635947e+00,7.130099e+00,7.120444e+00,5.472271e+00,6.689599e+00,6.304449e+00,7.131699e+00,7.105786e+00,6.452049e+00,4.663439e+00,6.102559e+00,5.758902e+00,7.029973e+00,7.154615e+00
5.351858e+00,5.820083e+00,6.933423e+00,6.575076e+00,6.812345e+00,6.635947e+00,7.130099e+00,7.120444e+00,5.442418e+00,6.680855e+00,6.347389e+00,7.131699e+00,7.109879e+00,6.575076e+00,4.663439e+00,6.056784e+00,5.996452e+00,6.984716e+00,7.173958e+00
5.351858e+00,5.820083e+00,6.823286e+00,6.695799e+00,6.828712e+00,6.635947e+00,7.130099e+00,7.089243e+00,5.587249e+00,6.672033e+00,6.396930e+00,7.135687e+00,7.072422e+00,6.580639e+00,5.087596e+00,6.056784e+00,6.082219e+00,6.893656e+00,7.148346e+00
5.198497e+00,5.905362e+00,6.738152e+00,6.783325e+00,6.788972e+00,6.683361e+00,7.128496e+00,7.086738e+00,5.605802e+00,6.693324e+00,6.432940e+00,7.190676e+00,6.981006e+00,6.643790e+00,5.214936e+00,6.052089e+00,6.082219e+00,6.866933e+00,7.158514e+00
5.198497e+00,5.834811e+00,6.766192e+00,6.784457e+00,6.788972e+00,6.593045e+00,7.095064e+00,7.171657e+00,5.620401e+00,6.664409e+00,6.473891e+00,7.213768e+00,6.883463e+00,6.690842e+00,5.241747e+00,5.976351e+00,6.086775e+00,6.753438e+00,7.247081e+00
4.624973e+00,5.968708e+00,6.800170e+00,6.782192e+00,6.791221e+00,6.265301e+00,7.234177e+00,7.189922e+00,5.620401e+00,6.704414e+00,6.483107e+00,7.169350e+00,6.879356e+00,6.774224e+00,5.424950e+00,5.973810e+00,6.086775e+00,6.576470e+00,7.244228e+00
4.543295e+00,5.988961e+00,6.797940e+00,6.783325e+00,6.792344e+00,6.263398e+00,7.234898e+00,7.189922e+00,5.620401e+00,6.710523e+00,6.476972e+00,7.174724e+00,6.860664e+00,6.864848e+00,5.529429e+00,5.953243e+00,6.154858e+00,6.542472e+00,7.244228e+00
4.820282e+00,5.961005e+00,6.802395e+00,6.787845e+00,6.794587e+00,6.238325e+00,7.100027e+00,7.295735e+00,5.758902e+00,6.469250e+00,6.476972e+00,7.117206e+00,6.722630e+00,6.856462e+00,5.529429e+00,5.796058e+00,6.150603e+00,6.541030e+00,7.228388e+00
5.036953e+00,5.880533e+00,6.833032e+00,6.790097e+00,6.794587e+00,6.236370e+00,6.754604e+00,7.511525e+00,5.758902e+00,6.442540e+00,6.447306e+00,6.973543e+00,6.606650e+00,6.962243e+00,5.529429e+00,5.796058e+00,6.045005e+00,6.541030e+00,7.198931e+00
5.283204e+00,5.880533e+00,6.833032e+00,6.747587e+00,6.835185e+00,6.228511e+00,6.732211e+00,7.451242e+00,6.102559e+00,6.533789e+00,6.444131e+00,6.946976e+00,6.559615e+00,7.006695e+00,5.529429e+00,6.028279e+00,6.013715e+00,6.541030e+00,7.211557e+00
5.556828e+00,5.880533e+00,6.833032e+00,6.746412e+00,6.818924e+00,6.259581e+00,6.637258e+00,7.482682e+00,6.148468e+00,6.546785e+00,6.444131e+00,6.896694e+00,6.431331e+00,6.884487e+00,5.529429e+00,6.033086e+00,6.013715e+00,6.541030e+00,7.186901e+00
5.799093e+00,5.880533e+00,6.777647e+00,6.803505e+00,6.742881e+00,6.274762e+00,6.699500e+00,7.488294e+00,6.148468e+00,6.601230e+00,6.228511e+00,6.851185e+00,6.431331e+00,6.884487e+00,5.572154e+00,6.115892e+00,6.013715e+00,6.541030e+00,7.201171e+00
5.799093e+00,5.872118e+00,6.646391e+00,6.917706e+00,6.745236e+00,6.249975e+00,6.715383e+00,7.486613e+00,6.154858e+00,6.605298e+00,6.084499e+00,6.884487e+00,6.403574e+00,6.883463e+00,5.579730e+00,6.248043e+00,6.016157e+00,6.541030e+00,7.226209e+00
5.693732e+00,5.934894e+00,6.562444e+00,6.995766e+00,6.744059e+00,5.953243e+00,6.865891e+00,7.486613e+00,6.154858e+00,6.551080e+00,5.950643e+00,6.997596e+00,6.280396e+00,6.871091e+00,5.762051e+00,6.265301e+00,5.641907e+00,6.504288e+00,7.262629e+00
5.693732e+00,5.934894e+00,6.558198e+00,6.994850e+00,6.723832e+00,6.006353e+00,6.865891e+00,7.473637e+00,6.202536e+00,6.551080e+00,5.961005e+00,7.013915e+00,6.234411e+00,6.866933e+00,5.828946e+00,6.238325e+00,5.641907e+00,6.483107e+00,7.261225e+00
5.693732e+00,5.934894e+00,6.558198e+00,6.990257e+00,6.709304e+00,6.047372e+00,6.865891e+00,7.473637e+00,6.202536e+00,6.586172e+00,5.828946e+00,7.013915e+00,6.234411e+00,6.790097e+00,5.834811e+00,6.270988e+00,5.641907e+00,6.483107e+00,7.225481e+00
5.693732e+00,5.934894e+00,6.165418e+00,7.180831e+00,6.710523e+00,5.976351e+00,6.895683e+00,7.449498e+00,6.284134e+00,6.586172e+00,5.786897e+00,7.054450e+00,6.163315e+00,6.720220e+00,5.817111e+00,6.267201e+00,5.641907e+00,6.483107e+00,7.273093e+00
5.693732e+00,5.934894e+00,6.059123e+00,7.196687e+00,6.582025e+00,6.251904e+00,6.896694e+00,7.413367e+00,6.391917e+00,6.586172e+00,5.552960e+00,7.010312e+00,6.163315e+00,6.706862e+00,5.817111e+00,6.259581e+00,5.652489e+00,6.483107e+00,7.280697e+00
5.693732e+00,5.913503e+00,6.059123e+00,7.092574e+00,6.625392e+00,6.440947e+00,6.857514e+00,7.436028e+00,6.391917e+00,6.586172e+00,5.549076e+00,6.821107e+00,6.163315e+00,6.703188e+00,5.777652e+00,6.259581e+00,5.641907e+00,6.483107e+00,7.232733e+00
5.758902e+00,5.913503e+00,5.733341e+00,7.164720e+00,6.553933e+00,6.562444e+00,6.646391e+00,7.537430e+00,6.391917e+00,6.594413e+00,5.521461e+00,6.747587e+00,6.163315e+00,6.712956e+00,5.710427e+00,6.077642e+00,5.641907e+00,6.481577e+00,7.193686e+00
5.693732e+00,5.961005e+00,5.739793e+00,7.160069e+00,6.416732e+00,6.689599e+00,6.576470e+00,7.560601e+00,6.405228e+00,6.599870e+00,5.509388e+00,6.788972e+00,6.163315e+00,6.740519e+00,5.710427e+00,6.075346e+00,5.641907e+00,6.481577e+00,7.177019e+00
5.676754e+00,5.926926e+00,5.733341e+00,7.174724e+00,6.326149e+00,6.754604e+00,6.575076e+00,7.561122e+00,6.405228e+00,6.599870e+00,5.509388e+00,6.835185e+00,6.163315e+00,6.752270e+00,5.710427e+00,6.075346e+00,5.641907e+00,6.371612e+00,7.197435e+00
5.676754e+00,5.743003e+00,5.849325e+00,7.189168e+00,6.016157e+00,6.920672e+00,6.575076e+00,7.561122e+00,6.257668e+00,6.599870e+00,5.509388e+00,6.831954e+00,6.163315e+00,6.818924e+00,5.834811e+00,6.075346e+00,5.641907e+00,6.470800e+00,7.192934e+00
5.659482e+00,5.693732e+00,5.755742e+00,7.218910e+00,5.961005e+00,6.952729e+00,6.575076e+00,7.540090e+00,6.070738e+00,6.599870e+00,5.669881e+00,6.698268e+00,6.163315e+00,6.826545e+00,5.948035e+00,6.075346e+00,5.641907e+00,6.559615e+00,7.195937e+00
5.686975e+00,5.690359e+00,5.771441e+00,7.218177e+00,5.723585e+00,7.033506e+00,6.535241e+00,7.355641e+00,6.655440e+00,6.599870e+00,6.198479e+00,6.685861e+00,6.150603e+00,6.826545e+00,5.948035e+00,6.093570e+00,5.641907e+00,6.562444e+00,7.141245e+00
5.686975e+00,5.370638e+00,5.860786e+00,7.254885e+00,5.710427e+00,7.037028e+00,6.535241e+00,7.355641e+00,6.655440e+00,6.599870e+00,6.359574e+00,6.688355e+00,6.037871e+00,6.826545e+00,6.006353e+00,6.156979e+00,5.641907e+00,6.272877e+00,7.141245e+00
5.645447e+00,5.389072e+00,5.883322e+00,7.232733e+00,5.805135e+00,7.010312e+00,6.579251e+00,7.281386e+00,6.785588e+00,6.595781e+00,6.359574e+00,6.753438e+00,5.950643e+00,6.826545e+00,6.152733e+00,6.244167e+00,5.641907e+00,6.070738e+00,7.144407e+00
5.645447e+00,5.389072e+00,5.883322e+00,7.221836e+00,5.849325e+00,6.941190e+00,6.582025e+00,7.229114e+00,6.931472e+00,6.313548e+00,6.359574e+00,6.715383e+00,5.849325e+00,6.776507e+00,6.165418e+00,6.100319e+00,5.641907e+00,5.799093e+00,7.057037e+00
5.645447e+00,5.389072e+00,5.826000e+00,7.214504e+00,5.932245e+00,6.941190e+00,6.452049e+00,7.226936e+00,7.012115e+00,6.163315e+00,6.359574e+00,6.545350e+00,5.849325e+00,6.809039e+00,6.165418e+00,6.021023e+00,5.645447e+00,5.602119e+00,6.858565e+00
5.645447e+00,5.389072e+00,5.826000e+00,7.134891e+00,6.173786e+00,6.942157e+00,6.452049e+00,7.139660e+00,7.110696e+00,6.154858e+00,6.359574e+00,6.511745e+00,4.882802e+00,6.809039e+00,6.131226e+00,6.242223e+00,5.648974e+00,5.587249e+00,6.824374e+00
5.662960e+00,5.351858e+00,5.820083e+00,7.129298e+00,6.204558e+00,6.850126e+00,6.588926e+00,7.130099e+00,7.120444e+00,6.154858e+00,6.224558e+00,6.529419e+00,4.852030e+00,6.809039e+00,6.137727e+00,6.234411e+00,5.648974e+00,5.587249e+00,6.766192e+00
5.749393e+00,5.351858e+00,5.820083e+00,7.061334e+00,6.357842e+00,6.812345e+00,6.635947e+00,7.130099e+00,7.120444e+00,6.154858e+00,6.198479e+00,6.513230e+00,4.672829e+00,6.601230e+00,6.120297e+00,6.234411e+00,5.648974e+00,5.587249e+00,6.969791e+00
5.749393e+00,5.351858e+00,5.820083e+00,6.933423e+00,6.575076e+00,6.812345e+00,6.635947e+00,7.130099e+00,7.120444e+00,6.214608e+00,6.104793e+00,6.513230e+00,4.624973e+00,6.481577e+00,6.335054e+00,6.234411e+00,5.308268e+00,5.587249e+00,6.991177e+00
5.749393e+00,5.351858e+00,5.820083e+00,6.823286e+00,6.695799e+00,6.828712e+00,6.635947e+00,7.130099e+00,7.089243e+00,5.921578e+00,6.154858e+00,6.505784e+00,4.624973e+00,6.525030e+00,6.342121e+00,6.234411e+00,5.659482e+00,5.686975e+00,7.018402e+00
5.749393e+00,5.198497e+00,5.905362e+00,6.738152e+00,6.783325e+00,6.788972e+00,6.683361e+00,7.128496e+00,7.086738e+00,5.739793e+00,6.111467e+00,6.393591e+00,4.624973e+00,6.453625e+00,6.300786e+00,6.295266e+00,5.700444e+00,5.793014e+00,7.023759e+00
5.863631e+00,5.198497e+00,5.834811e+00,6.766192e+00,6.784457e+00,6.788972e+00,6.593045e+00,7.095064e+00,7.171657e+00,5.666427e+00,6.171701e+00,6.573680e+00,4.418841e+00,6.393591e+00,6.311735e+00,6.333280e+00,5.786897e+00,5.973810e+00,6.963190e+00
5.886104e+00,4.624973e+00,5.968708e+00,6.800170e+00,6.782192e+00,6.791221e+00,6.265301e+00,7.234177e+00,7.189922e+00,5.429346e+00,6.159095e+00,6.584791e+00,4.912655e+00,6.269096e+00,6.214608e+00,6.343880e+00,5.913503e+00,6.003887e+00,7.097549e+00
5.966147e+00,4.543295e+00,5.988961e+00,6.797940e+00,6.783325e+00,6.792344e+00,6.263398e+00,7.234898e+00,7.189922e+00,5.288267e+00,6.159095e+00,6.593045e+00,4.672829e+00,6.253829e+00,6.163315e+00,6.343880e+00,6.249975e+00,6.063785e+00,7.097549e+00
5.886104e+00,4.820282e+00,5.961005e+00,6.802395e+00,6.787845e+00,6.794587e+00,6.238325e+00,7.100027e+00,7.295735e+00,5.247024e+00,6.159095e+00,6.616065e+00,4.189655e+00,6.248043e+00,6.163315e+00,6.347389e+00,6.263398e+00,6.142037e+00,7.097549e+00
5.799093e+00,5.036953e+00,5.880533e+00,6.833032e+00,6.790097e+00,6.794587e+00,6.236370e+00,6.754604e+00,7.511525e+00,5.616771e+00,6.159095e+00,6.616065e+00,4.189655e+00,5.945421e+00,6.163315e+00,6.347389e+00,6.068426e+00,6.144186e+00,7.160846e+00
5.659482e+00,5.283204e+00,5.880533e+00,6.833032e+00,6.747587e+00,6.835185e+00,6.228511e+00,6.732211e+00,7.451242e+00,5.620401e+00,6.159095e+00,6.616065e+00,4.189655e+00,5.789960e+00,6.300786e+00,6.259581e+00,5.998937e+00,6.210600e+00,7.147559e+00
5.416100e+00,5.556828e+00,5.880533e+00,6.833032e+00,6.746412e+00,6.818924e+00,6.259581e+00,6.637258e+00,7.482682e+00,5.587249e+00,6.159095e+00,6.616065e+00,4.499810e+00,5.710427e+00,6.342121e+00,6.287859e+00,5.996452e+00,6.620073e+00,7.133296e+00
5.036953e+00,5.799093e+00,5.880533e+00,6.777647e+00,6.803505e+00,6.742881e+00,6.274762e+00,6.699500e+00,7.488294e+00,5.429346e+00,6.163315e+00,6.616065e+00,4.521789e+00,5.758902e+00,6.326149e+00,6.220590e+00,5.996452e+00,6.695799e+00,7.053586e+00
5.036953e+00,5.799093e+00,5.872118e+00,6.646391e+00,6.917706e+00,6.745236e+00,6.249975e+00,6.715383e+00,7.486613e+00,6.186209e+00,6.163315e+00,6.572283e+00,4.521789e+00,5.758902e+00,6.336826e+00,6.218600e+00,5.993961e+00,6.706862e+00,7.023759e+00
4.969813e+00,5.693732e+00,5.934894e+00,6.562444e+00,6.995766e+00,6.744059e+00,5.953243e+00,6.865891e+00,7.486613e+00,6.228511e+00,6.163315e+00,6.393591e+00,5.288267e+00,5.758902e+00,6.408529e+00,6.542472e+00,5.993961e+00,6.706862e+00,6.964136e+00
4.969813e+00,5.693732e+00,5.934894e+00,6.558198e+00,6.994850e+00,6.723832e+00,6.006353e+00,6.865891e+00,7.473637e+00,6.228511e+00,6.165418e+00,6.361302e+00,5.631212e+00,6.056784e+00,6.380123e+00,6.793466e+00,6.003887e+00,6.706862e+00,6.928538e+00
5.225747e+00,5.693732e+00,5.934894e+00,6.558198e+00,6.990257e+00,6.709304e+00,6.047372e+00,6.865891e+00,7.473637e+00,6.278521e+00,6.291569e+00,6.361302e+00,5.913503e+00,6.068426e+00,6.369901e+00,6.776507e+00,6.023448e+00,6.706862e+00,6.920672e+00
5.225747e+00,5.693732e+00,5.934894e+00,6.165418e+00,7.180831e+00,6.710523e+00,5.976351e+00,6.895683e+00,7.449498e+00,6.278521e+00,6.526495e+00,6.276643e+00,5.913503e+00,6.068426e+00,6.369901e+00,6.776507e+00,6.023448e+00,6.706862e+00,6.834109e+00
5.225747e+00,5.693732e+00,5.934894e+00,6.059123e+00,7.196687e+00,6.582025e+00,6.251904e+00,6.896694e+00,7.413367e+00,6.448889e+00,6.580639e+00,6.276643e+00,5.986452e+00,6.068426e+00,6.369901e+00,6.891626e+00,6.016157e+00,6.709304e+00,6.769642e+00
5.225747e+00,5.693732e+00,5.913503e+00,6.059123e+00,7.092574e+00,6.625392e+00,6.440947e+00,6.857514e+00,7.436028e+00,6.448889e+00,6.654153e+00,6.255750e+00,6.023448e+00,6.322565e+00,6.369901e+00,6.891626e+00,6.113682e+00,6.709304e+00,6.768493e+00
5.187386e+00,5.758902e+00,5.913503e+00,5.733341e+00,7.164720e+00,6.553933e+00,6.562444e+00,6.646391e+00,7.537430e+00,6.439350e+00,6.654153e+00,6.244167e+00,6.070738e+00,6.347389e+00,6.517671e+00,6.899723e+00,6.139885e+00,6.725034e+00,6.768493e+00
5.231109e+00,5.693732e+00,5.961005e+00,5.739793e+00,7.160069e+00,6.416732e+00,6.689599e+00,6.576470e+00,7.560601e+00,6.440947e+00,6.840547e+00,6.115892e+00,6.095825e+00,6.306275e+00,6.641182e+00,6.899723e+00,6.214608e+00,6.767343e+00,6.781058e+00
5.231109e+00,5.676754e+00,5.926926e+00,5.733341e+00,7.174724e+00,6.326149e+00,6.754604e+00,6.575076e+00,7.561122e+00,6.440947e+00,6.890609e+00,5.886104e+00,6.171701e+00,6.287859e+00,6.641182e+00,6.899723e+00,6.214608e+00,6.734592e+00,6.668228e+00
5.231109e+00,5.676754e+00,5.743003e+00,5.849325e+00,7.189168e+00,6.016157e+00,6.920672e+00,6.575076e+00,7.561122e+00,6.440947e+00,6.890609e+00,5.971262e+00,6.458338e+00,6.775366e+00,6.587550e+00,6.899723e+00,6.226537e+00,6.659294e+00,6.658011e+00
5.384495e+00,5.659482e+00,5.693732e+00,5.755742e+00,7.218910e+00,5.961005e+00,6.952729e+00,6.575076e+00,7.540090e+00,6.541030e+00,6.851185e+00,6.035481e+00,6.584791e+00,6.767343e+00,6.529419e+00,6.899723e+00,6.352629e+00,6.579251e+00,6.645091e+00
5.541264e+00,5.686975e+00,5.690359e+00,5.771441e+00,7.218177e+00,5.723585e+00,7.033506e+00,6.535241e+00,7.355641e+00,6.541030e+00,6.610696e+00,6.047372e+00,6.584791e+00,6.811244e+00,6.529419e+00,6.891626e+00,6.710523e+00,6.717805e+00,6.665684e+00
5.897154e+00,5.686975e+00,5.370638e+00,5.860786e+00,7.254885e+00,5.710427e+00,7.037028e+00,6.535241e+00,7.355641e+00,6.541030e+00,6.495266e+00,6.079933e+00,6.635947e+00,6.865891e+00,6.495266e+00,6.861711e+00,6.994850e+00,6.647688e+00,6.633318e+00
6.052089e+00,5.645447e+00,5.389072e+00,5.883322e+00,7.232733e+00,5.805135e+00,7.010312e+00,6.579251e+00,7.281386e+00,6.541030e+00,6.495266e+00,5.937536e+00,6.804615e+00,7.042286e+00,6.583409e+00,6.771936e+00,6.994850e+00,6.566672e+00,6.620073e+00
6.052089e+00,5.645447e+00,5.389072e+00,5.883322e+00,7.221836e+00,5.849325e+00,6.941190e+00,6.582025e+00,7.229114e+00,6.541030e+00,6.555357e+00,5.934894e+00,6.805723e+00,7.082549e+00,6.580639e+00,6.768493e+00,7.021976e+00,6.566672e+00,6.617403e+00
6.070738e+00,5.645447e+00,5.389072e+00,5.826000e+00,7.214504e+00,5.932245e+00,6.941190e+00,6.452049e+00,7.226936e+00,6.541030e+00,6.555357e+00,5.802118e+00,6.805723e+00,7.056175e+00,6.582025e+00,6.768493e+00,7.054450e+00,6.588926e+00,6.613384e+00
6.070738e+00,5.645447e+00,5.389072e+00,5.826000e+00,7.134891e+00,6.173786e+00,6.942157e+00,6.452049e+00,7.139660e+00,6.541030e+00,6.555357e+00,5.802118e+00,6.805723e+00,7.067320e+00,6.602588e+00,6.580639e+00,7.053586e+00,6.605298e+00,6.613384e+00
6.059123e+00,5.662960e+00,5.351858e+00,5.820083e+00,7.129298e+00,6.204558e+00,6.850126e+00,6.588926e+00,7.130099e+00,6.541030e+00,6.555357e+00,5.786897e+00,6.805723e+00,7.087574e+00,6.598509e+00,6.580639e+00,7.128496e+00,6.613384e+00,6.613384e+00
5.996452e+00,5.749393e+00,5.351858e+00,5.820083e+00,7.061334e+00,6.357842e+00,6.812345e+00,6.635947e+00,7.130099e+00,6.639876e+00,6.555357e+00,5.771441e+00,6.857514e+00,7.128496e+00,6.597146e+00,6.580639e+00,7.128496e+00,6.628041e+00,6.161207e+00
5.996452e+00,5.749393e+00,5.351858e+00,5.820083e+00,6.933423e+00,6.575076e+00,6.812345e+00,6.635947e+00,7.130099e+00,6.763885e+00,6.563856e+00,5.799093e+00,7.013915e+00,7.233455e+00,6.436150e+00,6.580639e+00,7.126087e+00,6.642487e+00,6.028279e+00
5.996452e+00,5.749393e+00,5.351858e+00,5.820083e+00,6.823286e+00,6.695799e+00,6.828712e+00,6.635947e+00,7.130099e+00,6.769642e+00,6.459904e+00,5.905362e+00,7.055313e+00,7.232733e+00,6.333280e+00,6.580639e+00,7.023759e+00,6.605298e+00,5.953243e+00
5.996452e+00,5.749393e+00,5.198497e+00,5.905362e+00,6.738152e+00,6.783325e+00,6.788972e+00,6.683361e+00,7.128496e+00,6.794587e+00,6.473891e+00,5.955837e+00,7.070724e+00,7.232733e+00,6.333280e+00,6.535241e+00,7.013016e+00,6.566672e+00,5.902633e+00
5.897154e+00,5.863631e+00,5.198497e+00,5.834811e+00,6.766192e+00,6.784457e+00,6.788972e+00,6.593045e+00,7.095064e+00,6.879356e+00,6.386879e+00,5.673323e+00,7.075809e+00,7.304516e+00,6.679599e+00,6.504288e+00,7.072422e+00,6.470800e+00,5.743003e+00
5.874931e+00,5.886104e+00,4.624973e+00,5.968708e+00,6.800170e+00,6.782192e+00,6.791221e+00,6.265301e+00,7.234177e+00,7.003065e+00,6.386879e+00,5.869297e+00,7.023759e+00,7.321189e+00,6.679599e+00,6.514713e+00,7.034388e+00,6.452049e+00,5.056246e+00
6.075346e+00,5.966147e+00,4.543295e+00,5.988961e+00,6.797940e+00,6.783325e+00,6.792344e+00,6.263398e+00,7.234898e+00,7.008505e+00,6.386879e+00,5.831882e+00,7.085901e+00,7.264030e+00,6.679599e+00,6.514713e+00,6.862758e+00,6.411818e+00,5.056246e+00
6.075346e+00,5.886104e+00,4.820282e+00,5.961005e+00,6.802395e+00,6.787845e+00,6.794587e+00,6.238325e+00,7.100027e+00,6.999422e+00,6.386879e+00,5.762051e+00,7.274480e+00,7.291656e+00,6.679599e+00,6.511745e+00,6.855409e+00,6.352629e+00,5.068904e+00
6.075346e+00,5.799093e+00,5.036953e+00,5.880533e+00,6.833032e+00,6.790097e+00,6.794587e+00,6.236370e+00,6.754604e+00,6.915723e+00,6.386879e+00,5.799093e+00,7.274480e+00,7.291656e+00,6.679599e+00,6.561031e+00,6.891626e+00,6.350886e+00,4.499810e+00
6.190315e+00,5.659482e+00,5.283204e+00,5.880533e+00,6.833032e+00,6.747587e+00,6.835185e+00,6.228511e+00,6.732211e+00,6.853299e+00,6.386879e+00,5.843544e+00,7.274480e+00,7.291656e+00,6.648985e+00,6.505784e+00,6.912743e+00,6.326149e+00,4.762174e+00
6.190315e+00,5.416100e+00,5.556828e+00,5.880533e+00,6.833032e+00,6.746412e+00,6.818924e+00,6.259581e+00,6.637258e+00,6.853299e+00,6.386879e+00,5.843544e+00,7.257708e+00,7.293018e+00,6.618739e+00,6.565265e+00,6.929517e+00,5.945421e+00,4.762174e+00
6.269096e+00,5.036953e+00,5.799093e+00,5.880533e+00,6.777647e+00,6.803505e+00,6.742881e+00,6.274762e+00,6.699500e+00,6.853299e+00,6.383507e+00,6.340359e+00,7.256297e+00,7.283448e+00,6.606650e+00,6.563856e+00,6.952729e+00,5.811141e+00,4.762174e+00
6.445720e+00,5.036953e+00,5.799093e+00,5.872118e+00,6.646391e+00,6.917706e+00,6.745236e+00,6.249975e+00,6.715383e+00,6.845880e+00,6.476972e+00,6.481577e+00,7.256297e+00,7.283448e+00,6.630683e+00,6.461468e+00,6.952729e+00,6.133398e+00,4.762174e+00
6.450470e+00,4.969813e+00,5.693732e+00,5.934894e+00,6.562444e+00,6.995766e+00,6.744059e+00,5.953243e+00,6.865891e+00,6.823286e+00,6.529419e+00,6.489205e+00,7.178545e+00,7.283448e+00,6.492240e+00,6.070738e+00,6.952729e+00,6.133398e+00,5.337538e+00
6.473891e+00,4.969813e+00,5.693732e+00,5.934894e+00,6.558198e+00,6.994850e+00,6.723832e+00,6.006353e+00,6.865891e+00,6.967909e+00,6.527958e+00,6.489205e+00,7.139660e+00,7.204893e+00,6.475433e+00,5.411646e+00,7.030857e+00,6.142037e+00,5.402677e+00
6.415097e+00,5.225747e+00,5.693732e+00,5.934894e+00,6.558198e+00,6.990257e+00,6.709304e+00,6.047372e+00,6.865891e+00,6.978214e+00,6.493754e+00,6.489205e+00,7.093405e+00,7.201171e+00,6.475433e+00,5.402677e+00,7.023759e+00,6.190315e+00,5.402677e+00
6.513230e+00,5.225747e+00,5.693732e+00,5.934894e+00,6.165418e+00,7.180831e+00,6.710523e+00,5.976351e+00,6.895683e+00,7.059618e+00,6.566672e+00,6.489205e+00,7.153052e+00,7.201171e+00,6.475433e+00,5.686975e+00,7.057037e+00,6.222576e+00,5.874931e+00
6.513230e+00,5.225747e+00,5.693732e+00,5.934894e+00,6.059123e+00,7.196687e+00,6.582025e+00,6.251904e+00,6.896694e+00,7.003065e+00,6.629363e+00,6.489205e+00,7.130899e+00,7.201171e+00,6.475433e+00,5.337538e+00,7.057037e+00,6.248043e+00,5.897154e+00
6.566672e+00,5.225747e+00,5.693732e+00,5.913503e+00,6.059123e+00,7.092574e+00,6.625392e+00,6.440947e+00,6.857514e+00,7.029088e+00,6.553933e+00,6.614726e+00,7.118826e+00,7.100852e+00,6.475433e+00,5.700444e+00,7.021084e+00,6.259581e+00,5.897154e+00
6.548219e+00,5.187386e+00,5.758902e+00,5.913503e+00,5.733341e+00,7.164720e+00,6.553933e+00,6.562444e+00,6.646391e+00,7.029088e+00,6.553933e+00,6.614726e+00,7.106606e+00,7.082549e+00,6.320768e+00,5.673323e+00,7.010312e+00,6.234411e+00,5.897154e+00
6.536692e+00,5.231109e+00,5.693732e+00,5.961005e+00,5.739793e+00,7.160069e+00,6.416732e+00,6.689599e+00,6.576470e+00,7.048386e+00,6.297109e+00,6.714171e+00,7.120444e+00,7.160846e+00,6.148468e+00,5.673323e+00,7.122867e+00,6.161207e+00,5.866468e+00
6.587550e+00,5.231109e+00,5.676754e+00,5.926926e+00,5.733341e+00,7.174724e+00,6.326149e+00,6.754604e+00,6.575076e+00,7.048386e+00,6.778785e+00,6.734592e+00,7.162397e+00,7.198931e+00,6.148468e+00,5.673323e+00,7.122867e+00,6.165418e+00,6.501290e+00
6.608001e+00,5.231109e+00,5.676754e+00,5.743003e+00,5.849325e+00,7.189168e+00,6.016157e+00,6.920672e+00,6.575076e+00,7.048386e+00,6.778785e+00,6.728629e+00,7.069023e+00,6.846943e+00,6.148468e+00,5.673323e+00,7.118016e+00,6.165418e+00,6.519147e+00
6.633318e+00,5.384495e+00,5.659482e+00,5.693732e+00,5.755742e+00,7.218910e+00,5.961005e+00,6.952729e+00,6.575076e+00,7.048386e+00,6.773080e+00,6.697034e+00,7.100852e+00,6.846943e+00,6.148468e+00,5.673323e+00,7.114769e+00,6.165418e+00,6.617403e+00
6.625392e+00,5.541264e+00,5.686975e+00,5.690359e+00,5.771441e+00,7.218177e+00,5.723585e+00,7.033506e+00,6.535241e+00,7.048386e+00,6.773080e+00,6.690842e+00,7.144407e+00,6.924612e+00,6.148468e+00,5.720312e+00,6.890609e+00,5.905362e+00,6.597146e+00
6.761573e+00,5.897154e+00,5.686975e+00,5.370638e+00,5.860786e+00,7.254885e+00,5.710427e+00,7.037028e+00,6.535241e+00,7.054450e+00,6.767343e+00,6.740519e+00,7.114769e+00,7.015712e+00,6.148468e+00,5.786897e+00,6.569481e+00,5.905362e+00,6.597146e+00
6.698268e+00,6.052089e+00,5.645447e+00,5.389072e+00,5.883322e+00,7.232733e+00,5.805135e+00,7.010312e+00,6.579251e+00,7.056175e+00,6.782192e+00,6.742881e+00,7.022868e+00,6.834109e+00,5.837730e+00,5.786897e+00,6.569481e+00,5.905362e+00,6.597146e+00
7.000334e+00,6.052089e+00,5.645447e+00,5.389072e+00,5.883322e+00,7.221836e+00,5.849325e+00,6.941190e+00,6.582025e+00,7.056175e+00,6.790097e+00,6.742881e+00,7.067320e+00,6.800170e+00,5.826000e+00,5.789960e+00,6.526495e+00,5.905362e+00,6.597146e+00
7.003974e+00,6.070738e+00,5.645447e+00,5.389072e+00,5.826000e+00,7.214504e+00,5.932245e+00,6.941190e+00,6.452049e+00,7.056175e+00,6.790097e+00,6.775366e+00,7.143618e+00,6.778785e+00,5.823046e+00,6.047372e+00,6.469250e+00,5.860786e+00,6.597146e+00
7.004882e+00,6.070738e+00,5.645447e+00,5.389072e+00,5.826000e+00,7.134891e+00,6.173786e+00,6.942157e+00,6.452049e+00,7.056175e+00,6.790097e+00,6.775366e+00,7.232010e+00,6.763885e+00,5.777652e+00,6.047372e+00,6.469250e+00,5.826000e+00,6.597146e+00
7.006695e+00,6.059123e+00,5.662960e+00,5.351858e+00,5.820083e+00,7.129298e+00,6.204558e+00,6.850126e+00,6.588926e+00,7.056175e+00,6.790097e+00,6.767343e+00,7.261927e+00,6.735780e+00,5.777652e+00,6.095825e+00,6.318968e+00,5.808142e+00,6.597146e+00
7.006695e+00,5.996452e+00,5.749393e+00,5.351858e+00,5.820083e+00,7.061334e+00,6.357842e+00,6.812345e+00,6.635947e+00,6.992096e+00,6.807935e+00,7.011214e+00,7.277939e+00,6.838405e+00,5.783825e+00,6.095825e+00,6.318968e+00,5.774552e+00,6.597146e+00
7.007601e+00,5.996452e+00,5.749393e+00,5.351858e+00,5.820083e+00,6.933423e+00,6.575076e+00,6.812345e+00,6.635947e+00,6.864848e+00,6.794587e+00,7.003065e+00,7.250636e+00,6.688355e+00,5.786897e+00,6.095825e+00,6.318968e+00,5.739793e+00,6.629363e+00
7.007601e+00,5.996452e+00,5.749393e+00,5.351858e+00,5.820083e+00,6.823286e+00,6.695799e+00,6.828712e+00,6.635947e+00,6.859615e+00,6.793466e+00,6.968850e+00,7.226936e+00,6.661855e+00,5.786897e+00,6.095825e+00,6.318968e+00,5.739793e+00,6.673298e+00
7.059618e+00,5.996452e+00,5.749393e+00,5.198497e+00,5.905362e+00,6.738152e+00,6.783325e+00,6.788972e+00,6.683361e+00,6.836259e+00,6.781058e+00,6.950815e+00,7.243513e+00,6.661855e+00,5.929589e+00,6.095825e+00,6.318968e+00,5.799093e+00,6.673298e+00
7.059618e+00,5.897154e+00,5.863631e+00,5.198497e+00,5.834811e+00,6.766192e+00,6.784457e+00,6.788972e+00,6.593045e+00,6.747587e+00,6.788972e+00,6.884487e+00,7.244942e+00,6.523562e+00,5.811141e+00,6.095825e+00,6.126869e+00,5.799093e+00,6.673298e+00
7.059618e+00,5.874931e+00,5.886104e+00,4.624973e+00,5.968708e+00,6.800170e+00,6.782192e+00,6.791221e+00,6.265301e+00,6.584791e+00,6.788972e+00,6.809039e+00,7.242798e+00,6.486161e+00,5.971262e+00,6.066108e+00,6.182085e+00,5.799093e+00,6.675823e+00
6.961296e+00,6.075346e+00,5.966147e+00,4.543295e+00,5.988961e+00,6.797940e+00,6.783325e+00,6.792344e+00,6.263398e+00,6.573680e+00,6.788972e+00,6.809039e+00,7.225481e+00,6.464588e+00,6.122493e+00,6.182085e+00,6.259581e+00,5.828946e+00,6.675823e+00
6.961296e+00,6.075346e+00,5.886104e+00,4.820282e+00,5.961005e+00,6.802395e+00,6.787845e+00,6.794587e+00,6.238325e+00,6.573680e+00,6.788972e+00,6.981935e+00,7.185387e+00,6.381816e+00,6.224558e+00,6.375025e+00,6.308098e+00,6.011267e+00,6.673298e+00
6.961296e+00,6.075346e+00,5.799093e+00,5.036953e+00,5.880533e+00,6.833032e+00,6.790097e+00,6.794587e+00,6.236370e+00,6.573680e+00,6.788972e+00,7.050123e+00,7.309881e+00,6.381816e+00,6.224558e+00,6.342121e+00,6.285998e+00,6.198479e+00,6.660575e+00
6.909753e+00,6.190315e+00,5.659482e+00,5.283204e+00,5.880533e+00,6.833032e+00,6.747587e+00,6.835185e+00,6.228511e+00,6.573680e+00,6.788972e+00,7.037028e+00,7.332369e+00,6.381816e+00,6.200509e+00,6.406880e+00,6.415097e+00,6.161207e+00,6.625392e+00
6.909753e+00,6.190315e+00,5.416100e+00,5.556828e+00,5.880533e+00,6.833032e+00,6.746412e+00,6.818924e+00,6.259581e+00,6.573680e+00,6.788972e+00,7.037028e+00,7.370860e+00,6.410175e+00,6.228511e+00,6.306275e+00,6.386879e+00,6.028279e+00,6.648985e+00
6.869014e+00,6.269096e+00,5.036953e+00,5.799093e+00,5.880533e+00,6.777647e+00,6.803505e+00,6.742881e+00,6.274762e+00,6.573680e+00,6.800170e+00,6.820016e+00,7.388946e+00,6.436150e+00,6.632002e+00,6.306275e+00,6.345636e+00,6.006353e+00,6.834109e+00
6.756932e+00,6.445720e+00,5.036953e+00,5.799093e+00,5.872118e+00,6.646391e+00,6.917706e+00,6.745236e+00,6.249975e+00,6.135565e+00,6.793466e+00,6.768493e+00,7.388946e+00,6.437752e+00,6.648985e+00,6.434547e+00,6.345636e+00,5.598422e+00,6.842683e+00
6.753438e+00,6.450470e+00,4.969813e+00,5.693732e+00,5.934894e+00,6.562444e+00,6.995766e+00,6.744059e+00,5.953243e+00,6.135565e+00,6.797940e+00,6.796824e+00,7.446001e+00,6.444131e+00,6.742881e+00,6.508769e+00,6.345636e+00,5.598422e+00,6.740519e+00
6.755769e+00,6.473891e+00,4.969813e+00,5.693732e+00,5.934894e+00,6.558198e+00,6.994850e+00,6.723832e+00,6.006353e+00,5.765191e+00,6.838405e+00,6.796824e+00,7.431892e+00,6.444131e+00,6.742881e+00,6.543912e+00,6.175867e+00,5.613128e+00,6.723832e+00
6.749931e+00,6.415097e+00,5.225747e+00,5.693732e+00,5.934894e+00,6.558198e+00,6.990257e+00,6.709304e+00,6.047372e+00,5.828946e+00,6.788972e+00,6.802395e+00,7.412160e+00,6.444131e+00,6.742881e+00,6.558198e+00,6.175867e+00,6.142037e+00,6.749931e+00
6.699500e+00,6.513230e+00,5.225747e+00,5.693732e+00,5.934894e+00,6.165418e+00,7.180831e+00,6.710523e+00,5.976351e+00,5.934894e+00,6.542472e+00,6.874198e+00,7.367077e+00,6.444131e+00,6.742881e+00,6.452049e+00,6.093570e+00,6.107023e+00,6.580639e+00
6.725034e+00,6.513230e+00,5.225747e+00,5.693732e+00,5.934894e+00,6.059123e+00,7.196687e+00,6.582025e+00,6.251904e+00,5.840642e+00,6.484635e+00,6.878326e+00,7.372118e+00,6.444131e+00,6.742881e+00,6.419995e+00,6.093570e+00,6.077642e+00,6.632002e+00
6.698268e+00,6.566672e+00,5.225747e+00,5.693732e+00,5.913503e+00,6.059123e+00,7.092574e+00,6.625392e+00,6.440947e+00,5.752573e+00,6.620073e+00,6.783325e+00,7.373374e+00,6.444131e+00,6.742881e+00,6.259581e+00,6.091310e+00,6.261492e+00,6.946014e+00
6.698268e+00,6.548219e+00,5.187386e+00,5.758902e+00,5.913503e+00,5.733341e+00,7.164720e+00,6.553933e+00,6.562444e+00,5.765191e+00,6.620073e+00,6.783325e+00,7.370231e+00,6.444131e+00,6.742881e+00,6.259581e+00,6.091310e+00,6.287859e+00,7.052721e+00
6.842683e+00,6.536692e+00,5.231109e+00,5.693732e+00,5.961005e+00,5.739793e+00,7.160069e+00,6.416732e+00,6.689599e+00,5.700444e+00,6.620073e+00,6.690842e+00,7.352441e+00,6.276643e+00,6.741701e+00,6.259581e+00,5.613128e+00,6.293419e+00,7.060476e+00
6.939254e+00,6.587550e+00,5.231109e+00,5.676754e+00,5.926926e+00,5.733341e+00,7.174724e+00,6.326149e+00,6.754604e+00,5.717028e+00,5.902633e+00,6.694562e+00,7.294377e+00,6.177944e+00,6.741701e+00,6.259581e+00,5.638355e+00,6.289716e+00,6.742881e+00
6.939254e+00,6.608001e+00,5.231109e+00,5.676754e+00,5.743003e+00,5.849325e+00,7.189168e+00,6.016157e+00,6.920672e+00,5.717028e+00,6.154858e+00,6.639876e+00,7.264030e+00,6.177944e+00,6.741701e+00,6.263398e+00,5.638355e+00,6.329721e+00,6.726233e+00
6.896694e+00,6.633318e+00,5.384495e+00,5.659482e+00,5.693732e+00,5.755742e+00,7.218910e+00,5.961005e+00,6.952729e+00,5.472271e+00,6.194405e+00,6.641182e+00,7.173192e+00,6.177944e+00,6.863803e+00,6.493754e+00,5.379897e+00,6.329721e+00,6.709304e+00
6.852243e+00,6.625392e+00,5.541264e+00,5.686975e+00,5.690359e+00,5.771441e+00,7.218177e+00,5.723585e+00,7.033506e+00,5.472271e+00,6.230481e+00,6.723832e+00,7.175490e+00,5.905362e+00,6.863803e+00,6.572283e+00,5.379897e+00,6.329721e+00,6.791221e+00
6.591674e+00,6.761573e+00,5.897154e+00,5.686975e+00,5.370638e+00,5.860786e+00,7.254885e+00,5.710427e+00,7.037028e+00,5.442418e+00,6.236370e+00,6.709304e+00,7.231287e+00,5.389072e+00,6.931472e+00,6.584791e+00,5.446737e+00,6.329721e+00,6.794587e+00
6.599870e+00,6.698268e+00,6.052089e+00,5.645447e+00,5.389072e+00,5.883322e+00,7.232733e+00,5.805135e+00,7.010312e+00,5.587249e+00,6.210600e+00,6.710523e+00,7.256297e+00,5.389072e+00,6.931472e+00,6.654153e+00,5.971262e+00,6.329721e+00,6.794587e+00
6.111467e+00,7.000334e+00,6.052089e+00,5.645447e+00,5.389072e+00,5.883322e+00,7.221836e+00,5.849325e+00,6.941190e+00,5.605802e+00,6.230481e+00,6.710523e+00,7.221836e+00,5.407172e+00,6.931472e+00,6.652863e+00,5.971262e+00,6.329721e+00,6.794587e+00
6.126869e+00,7.003974e+00,6.070738e+00,5.645447e+00,5.389072e+00,5.826000e+00,7.214504e+00,5.932245e+00,6.941190e+00,5.620401e+00,6.558198e+00,6.675823e+00,7.180070e+00,5.407172e+00,6.934397e+00,6.520621e+00,5.971262e+00,6.335054e+00,6.812345e+00
6.124683e+00,7.004882e+00,6.070738e+00,5.645447e+00,5.389072e+00,5.826000e+00,7.134891e+00,6.173786e+00,6.942157e+00,5.620401e+00,6.588926e+00,6.675823e+00,7.087574e+00,5.407172e+00,6.981006e+00,6.520621e+00,5.981414e+00,6.343880e+00,6.812345e+00
6.146329e+00,7.006695e+00,6.059123e+00,5.662960e+00,5.351858e+00,5.820083e+00,7.129298e+00,6.204558e+00,6.850126e+00,5.620401e+00,6.588926e+00,6.675823e+00,7.051856e+00,5.407172e+00,6.996681e+00,6.523562e+00,5.986452e+00,6.347389e+00,6.812345e+00
6.313548e+00,7.006695e+00,5.996452e+00,5.749393e+00,5.351858e+00,5.820083e+00,7.061334e+00,6.357842e+00,6.812345e+00,5.758902e+00,6.566672e+00,6.432940e+00,6.988413e+00,4.406719e+00,6.994850e+00,6.535241e+00,6.154858e+00,6.347389e+00,6.812345e+00
6.380123e+00,7.007601e+00,5.996452e+00,5.749393e+00,5.351858e+00,5.820083e+00,6.933423e+00,6.575076e+00,6.812345e+00,5.758902e+00,6.618739e+00,6.685861e+00,6.869014e+00,4.477337e+00,7.033506e+00,6.535241e+00,6.200509e+00,6.347389e+00,6.785588e+00
6.380123e+00,7.007601e+00,5.996452e+00,5.749393e+00,5.351858e+00,5.820083e+00,6.823286e+00,6.695799e+00,6.828712e+00,6.102559e+00,6.618739e+00,6.749931e+00,6.899723e+00,4.820282e+00,7.149132e+00,6.535241e+00,6.200509e+00,6.347389e+00,6.746412e+00
6.274762e+00,7.059618e+00,5.996452e+00,5.749393e+00,5.198497e+00,5.905362e+00,6.738152e+00,6.783325e+00,6.788972e+00,6.148468e+00,6.625392e+00,6.749931e+00,6.902743e+00,4.820282e+00,7.412764e+00,6.535241e+00,6.200509e+00,6.304449e+00,6.746412e+00
6.284134e+00,7.059618e+00,5.897154e+00,5.863631e+00,5.198497e+00,5.834811e+00,6.766192e+00,6.784457e+00,6.788972e+00,6.148468e+00,6.616065e+00,6.749931e+00,6.894670e+00,4.804021e+00,7.283448e+00,6.535241e+00,6.276643e+00,6.322565e+00,6.746412e+00
6.284134e+00,7.059618e+00,5.874931e+00,5.886104e+00,4.624973e+00,5.968708e+00,6.800170e+00,6.782192e+00,6.791221e+00,6.154858e+00,6.616065e+00,6.749931e+00,6.891626e+00,4.804021e+00,7.242798e+00,6.535241e+00,6.226537e+00,6.393591e+00,6.744059e+00
6.284134e+00,6.961296e+00,6.075346e+00,5.966147e+00,4.543295e+00,5.988961e+00,6.797940e+00,6.783325e+00,6.792344e+00,6.154858e+00,6.616065e+00,6.767343e+00,6.841615e+00,4.897840e+00,7.195937e+00,6.455199e+00,6.146329e+00,6.405228e+00,6.744059e+00
6.295266e+00,6.961296e+00,6.075346e+00,5.886104e+00,4.820282e+00,5.961005e+00,6.802395e+00,6.787845e+00,6.794587e+00,6.202536e+00,6.666957e+00,6.556778e+00,6.726233e+00,5.236442e+00,7.158514e+00,6.278521e+00,6.089045e+00,6.396930e+00,6.748760e+00
6.393591e+00,6.961296e+00,6.075346e+00,5.799093e+00,5.036953e+00,5.880533e+00,6.833032e+00,6.790097e+00,6.794587e+00,6.202536e+00,6.666957e+00,6.536692e+00,6.490724e+00,5.402677e+00,7.159292e+00,6.263398e+00,6.033086e+00,6.318968e+00,6.804615e+00
6.591674e+00,6.909753e+00,6.190315e+00,5.659482e+00,5.283204e+00,5.880533e+00,6.833032e+00,6.747587e+00,6.835185e+00,6.284134e+00,6.666957e+00,6.806829e+00,6.437752e+00,6.216606e+00,7.132498e+00,6.226537e+00,5.774552e+00,6.385194e+00,6.835185e+00
6.720220e+00,6.909753e+00,6.190315e+00,5.416100e+00,5.556828e+00,5.880533e+00,6.833032e+00,6.746412e+00,6.818924e+00,6.391917e+00,6.666957e+00,6.806829e+00,6.336826e+00,6.177944e+00,7.167809e+00,6.226537e+00,5.774552e+00,6.357842e+00,6.853299e+00
6.723832e+00,6.869014e+00,6.269096e+00,5.036953e+00,5.799093e+00,5.880533e+00,6.777647e+00,6.803505e+00,6.742881e+00,6.391917e+00,6.654153e+00,6.806829e+00,6.733402e+00,6.142037e+00,6.951772e+00,6.226537e+00,5.774552e+00,6.386879e+00,6.752270e+00
6.878326e+00,6.756932e+00,6.445720e+00,5.036953e+00,5.799093e+00,5.872118e+00,6.646391e+00,6.917706e+00,6.745236e+00,6.391917e+00,6.610696e+00,6.761573e+00,6.781058e+00,6.142037e+00,6.961296e+00,6.118097e+00,5.774552e+00,6.386879e+00,6.908755e+00
6.928538e+00,6.753438e+00,6.450470e+00,4.969813e+00,5.693732e+00,5.934894e+00,6.562444e+00,6.995766e+00,6.744059e+00,6.405228e+00,6.556778e+00,6.778785e+00,6.697034e+00,6.133398e+00,6.914731e+00,6.006353e+00,5.774552e+00,6.390241e+00,6.909753e+00
6.911747e+00,6.755769e+00,6.473891e+00,4.969813e+00,5.693732e+00,5.934894e+00,6.558198e+00,6.994850e+00,6.723832e+00,6.405228e+00,6.496775e+00,6.778785e+00,6.801283e+00,6.163315e+00,6.914731e+00,5.945421e+00,5.774552e+00,6.432940e+00,6.910751e+00
6.911747e+00,6.749931e+00,6.415097e+00,5.225747e+00,5.693732e+00,5.934894e+00,6.558198e+00,6.990257e+00,6.709304e+00,6.257668e+00,6.723832e+00,6.773080e+00,6.810142e+00,6.274762e+00,6.914731e+00,6.212606e+00,5.774552e+00,6.144186e+00,6.900731e+00
6.904751e+00,6.699500e+00,6.513230e+00,5.225747e+00,5.693732e+00,5.934894e+00,6.165418e+00,7.180831e+00,6.710523e+00,6.070738e+00,6.751101e+00,6.719013e+00,6.809039e+00,6.416732e+00,6.926577e+00,6.208590e+00,5.774552e+00,6.150603e+00,6.899723e+00
6.884487e+00,6.725034e+00,6.513230e+00,5.225747e+00,5.693732e+00,5.934894e+00,6.059123e+00,7.196687e+00,6.582025e+00,6.655440e+00,6.697034e+00,6.776507e+00,6.805723e+00,6.424869e+00,6.939254e+00,6.340359e+00,5.774552e+00,6.146329e+00,6.852243e+00
6.887553e+00,6.698268e+00,6.566672e+00,5.225747e+00,5.693732e+00,5.913503e+00,6.059123e+00,7.092574e+00,6.625392e+00,6.655440e+00,6.840547e+00,6.779922e+00,6.803505e+00,6.569481e+00,7.034388e+00,6.483107e+00,5.774552e+00,5.921578e+00,6.501290e+00
6.887553e+00,6.698268e+00,6.548219e+00,5.187386e+00,5.758902e+00,5.913503e+00,5.733341e+00,7.164720e+00,6.553933e+00,6.785588e+00,6.840547e+00,6.779922e+00,6.803505e+00,6.722630e+00,7.130099e+00,6.525030e+00,5.774552e+00,5.883322e+00,6.308098e+00
6.749931e+00,6.842683e+00,6.536692e+00,5.231109e+00,5.693732e+00,5.961005e+00,5.739793e+00,7.160069e+00,6.416732e+00,6.931472e+00,6.840547e+00,6.788972e+00,6.858565e+00,6.723832e+00,7.130099e+00,6.525030e+00,5.774552e+00,5.874931e+00,6.291569e+00
6.586172e+00,6.939254e+00,6.587550e+00,5.231109e+00,5.676754e+00,5.926926e+00,5.733341e+00,7.174724e+00,6.326149e+00,7.012115e+00,6.840547e+00,6.767343e+00,6.916715e+00,6.726233e+00,7.130099e+00,6.760415e+00,5.752573e+00,5.874931e+00,6.378426e+00
6.565265e+00,6.939254e+00,6.608001e+00,5.231109e+00,5.676754e+00,5.743003e+00,5.849325e+00,7.189168e+00,6.016157e+00,7.110696e+00,6.721426e+00,6.762730e+00,6.942157e+00,6.919684e+00,7.130099e+00,6.802395e+00,6.202536e+00,5.811141e+00,6.311735e+00
6.558198e+00,6.896694e+00,6.633318e+00,5.384495e+00,5.659482e+00,5.693732e+00,5.755742e+00,7.218910e+00,5.961005e+00,7.120444e+00,6.698268e+00,6.761573e+00,6.942157e+00,6.928538e+00,7.037906e+00,6.902743e+00,6.434547e+00,5.811141e+00,6.263398e+00
6.551080e+00,6.852243e+00,6.625392e+00,5.541264e+00,5.686975e+00,5.690359e+00,5.771441e+00,7.218177e+00,5.723585e+00,7.120444e+00,6.675823e+00,6.732211e+00,6.935370e+00,6.950815e+00,7.056175e+00,6.831954e+00,6.434547e+00,5.894403e+00,6.126869e+00
6.590301e+00,6.591674e+00,6.761573e+00,5.897154e+00,5.686975e+00,5.370638e+00,5.860786e+00,7.254885e+00,5.710427e+00,7.120444e+00,6.672033e+00,6.699500e+00,6.870053e+00,6.967909e+00,6.996681e+00,6.917706e+00,6.410175e+00,5.916202e+00,6.120297e+00
6.570883e+00,6.599870e+00,6.698268e+00,6.052089e+00,5.645447e+00,5.389072e+00,5.883322e+00,7.232733e+00,5.805135e+00,7.089243e+00,6.675823e+00,6.695799e+00,6.881411e+00,7.031741e+00,6.996681e+00,6.889591e+00,6.104793e+00,6.049733e+00,6.120297e+00
6.568078e+00,6.111467e+00,7.000334e+00,6.052089e+00,5.645447e+00,5.389072e+00,5.883322e+00,7.221836e+00,5.849325e+00,7.086738e+00,6.599870e+00,6.826545e+00,7.173192e+00,7.014814e+00,6.996681e+00,6.889591e+00,6.104793e+00,6.056784e+00,6.120297e+00
6.576470e+00,6.126869e+00,7.003974e+00,6.070738e+00,5.645447e+00,5.389072e+00,5.826000e+00,7.214504e+00,5.932245e+00,7.171657e+00,6.287859e+00,6.826545e+00,7.145196e+00,7.014814e+00,6.995766e+00,6.890609e+00,6.104793e+00,6.139885e+00,6.084499e+00
6.624065e+00,6.124683e+00,7.004882e+00,6.070738e+00,5.645447e+00,5.389072e+00,5.826000e+00,7.134891e+00,6.173786e+00,7.189922e+00,6.246107e+00,6.846943e+00,7.144407e+00,7.217443e+00,6.950815e+00,6.929517e+00,6.095825e+00,6.295266e+00,6.084499e+00
6.690842e+00,6.146329e+00,7.006695e+00,6.059123e+00,5.662960e+00,5.351858e+00,5.820083e+00,7.129298e+00,6.204558e+00,7.189922e+00,6.278521e+00,6.849066e+00,7.144407e+00,7.292337e+00,6.991177e+00,7.000334e+00,6.091310e+00,6.298949e+00,6.084499e+00
6.758095e+00,6.313548e+00,7.006695e+00,5.996452e+00,5.749393e+00,5.351858e+00,5.820083e+00,7.061334e+00,6.357842e+00,7.295735e+00,6.278521e+00,6.769642e+00,7.144407e+00,7.347944e+00,6.991177e+00,7.013915e+00,5.910797e+00,6.496775e+00,6.084499e+00
6.711740e+00,6.380123e+00,7.007601e+00,5.996452e+00,5.749393e+00,5.351858e+00,5.820083e+00,6.933423e+00,6.575076e+00,7.511525e+00,6.204558e+00,6.539586e+00,7.144407e+00,7.338888e+00,6.949856e+00,7.024649e+00,5.849325e+00,6.862758e+00,6.084499e+00
6.711740e+00,6.380123e+00,7.007601e+00,5.996452e+00,5.749393e+00,5.351858e+00,5.820083e+00,6.823286e+00,6.695799e+00,7.451242e+00,6.204558e+00,6.459904e+00,7.109062e+00,7.418181e+00,6.806829e+00,7.107425e+00,5.874931e+00,6.874198e+00,6.084499e+00
6.711740e+00,6.274762e+00,7.059618e+00,5.996452e+00,5.749393e+00,5.198497e+00,5.905362e+00,6.738152e+00,6.783325e+00,7.482682e+00,6.194405e+00,6.459904e+00,7.072422e+00,7.466228e+00,6.152733e+00,7.130099e+00,6.226537e+00,7.095064e+00,6.084499e+00
6.705639e+00,6.284134e+00,7.059618e+00,5.897154e+00,5.863631e+00,5.198497e+00,5.834811e+00,6.766192e+00,6.784457e+00,7.488294e+00,6.194405e+00,6.459904e+00,7.072422e+00,7.466228e+00,6.150603e+00,7.153052e+00,6.159095e+00,7.086738e+00,6.118097e+00
6.705639e+00,6.284134e+00,7.059618e+00,5.874931e+00,5.886104e+00,4.624973e+00,5.968708e+00,6.800170e+00,6.782192e+00,7.486613e+00,6.194405e+00,6.459904e+00,7.072422e+00,7.466228e+00,6.150603e+00,7.153052e+00,6.159095e+00,7.051856e+00,6.150603e+00
6.705639e+00,6.284134e+00,6.961296e+00,6.075346e+00,5.966147e+00,4.543295e+00,5.988961e+00,6.797940e+00,6.783325e+00,7.486613e+00,6.381816e+00,6.440947e+00,7.072422e+00,7.459339e+00,6.150603e+00,7.153052e+00,6.159095e+00,7.037028e+00,6.150603e+00
6.698268e+00,6.295266e+00,6.961296e+00,6.075346e+00,5.886104e+00,4.820282e+00,5.961005e+00,6.802395e+00,6.787845e+00,7.473637e+00,6.313548e+00,6.529419e+00,6.991177e+00,7.427739e+00,6.150603e+00,7.153052e+00,6.159095e+00,6.980076e+00,6.142037e+00
6.646391e+00,6.393591e+00,6.961296e+00,6.075346e+00,5.799093e+00,5.036953e+00,5.880533e+00,6.833032e+00,6.790097e+00,7.473637e+00,6.439350e+00,6.532334e+00,7.086738e+00,7.420579e+00,6.148468e+00,7.147559e+00,6.159095e+00,6.961296e+00,6.267201e+00
6.459904e+00,6.591674e+00,6.909753e+00,6.190315e+00,5.659482e+00,5.283204e+00,5.880533e+00,6.833032e+00,6.747587e+00,7.449498e+00,6.704414e+00,6.159095e+00,7.091742e+00,7.237778e+00,6.148468e+00,7.132498e+00,6.159095e+00,6.949856e+00,6.343880e+00
6.291569e+00,6.720220e+00,6.909753e+00,6.190315e+00,5.416100e+00,5.556828e+00,5.880533e+00,6.833032e+00,6.746412e+00,7.413367e+00,6.708084e+00,6.526495e+00,7.095893e+00,7.237778e+00,6.013715e+00,7.132498e+00,6.159095e+00,6.949856e+00,6.282267e+00
6.361302e+00,6.723832e+00,6.869014e+00,6.269096e+00,5.036953e+00,5.799093e+00,5.880533e+00,6.777647e+00,6.803505e+00,7.436028e+00,6.708084e+00,6.608001e+00,6.815640e+00,7.237778e+00,6.013715e+00,7.132498e+00,6.177944e+00,6.931472e+00,6.472346e+00
6.086775e+00,6.878326e+00,6.756932e+00,6.445720e+00,5.036953e+00,5.799093e+00,5.872118e+00,6.646391e+00,6.917706e+00,7.537430e+00,6.684612e+00,6.630683e+00,6.769642e+00,7.237059e+00,5.869297e+00,7.113956e+00,6.444131e+00,6.931472e+00,6.251904e+00
5.993961e+00,6.928538e+00,6.753438e+00,6.450470e+00,4.969813e+00,5.693732e+00,5.934894e+00,6.562444e+00,6.995766e+00,7.560601e+00,6.684612e+00,6.569481e+00,6.741701e+00,7.237059e+00,5.786897e+00,7.113956e+00,6.444131e+00,6.929517e+00,6.300786e+00
5.996452e+00,6.911747e+00,6.755769e+00,6.473891e+00,4.969813e+00,5.693732e+00,5.934894e+00,6.558198e+00,6.994850e+00,7.561122e+00,6.684612e+00,6.569481e+00,6.621406e+00,7.226936e+00,5.789960e+00,7.113956e+00,6.444131e+00,6.896694e+00,6.352629e+00
6.486161e+00,6.911747e+00,6.749931e+00,6.415097e+00,5.225747e+00,5.693732e+00,5.934894e+00,6.558198e+00,6.990257e+00,7.561122e+00,6.447306e+00,6.569481e+00,6.647688e+00,7.185387e+00,6.489205e+00,7.117206e+00,6.489205e+00,7.026427e+00,6.342121e+00
6.464588e+00,6.904751e+00,6.699500e+00,6.513230e+00,5.225747e+00,5.693732e+00,5.934894e+00,6.165418e+00,7.180831e+00,7.540090e+00,6.410175e+00,6.561031e+00,6.648985e+00,7.122060e+00,6.632002e+00,7.122060e+00,6.489205e+00,7.023759e+00,6.354370e+00
6.478510e+00,6.884487e+00,6.725034e+00,6.513230e+00,5.225747e+00,5.693732e+00,5.934894e+00,6.059123e+00,7.196687e+00,7.355641e+00,6.410175e+00,6.963190e+00,6.642487e+00,7.118016e+00,6.654153e+00,7.062192e+00,6.489205e+00,7.023759e+00,6.357842e+00
6.450470e+00,6.887553e+00,6.698268e+00,6.566672e+00,5.225747e+00,5.693732e+00,5.913503e+00,6.059123e+00,7.092574e+00,7.355641e+00,5.963579e+00,7.156956e+00,6.642487e+00,7.037028e+00,6.511745e+00,6.985642e+00,6.489205e+00,7.023759e+00,6.563856e+00
6.450470e+00,6.887553e+00,6.698268e+00,6.548219e+00,5.187386e+00,5.758902e+00,5.913503e+00,5.733341e+00,7.164720e+00,7.281386e+00,6.177944e+00,7.156956e+00,6.642487e+00,6.927558e+00,6.327937e+00,6.959399e+00,6.489205e+00,7.023759e+00,6.566672e+00
6.450470e+00,6.749931e+00,6.842683e+00,6.536692e+00,5.231109e+00,5.693732e+00,5.961005e+00,5.739793e+00,7.160069e+00,7.229114e+00,6.177944e+00,7.150701e+00,6.573680e+00,6.929517e+00,6.413459e+00,6.962243e+00,6.489205e+00,7.023759e+00,6.677083e+00
6.516193e+00,6.586172e+00,6.939254e+00,6.587550e+00,5.231109e+00,5.676754e+00,5.926926e+00,5.733341e+00,7.174724e+00,7.226936e+00,6.177944e+00,7.149917e+00,6.490724e+00,6.927558e+00,6.480045e+00,6.774224e+00,6.489205e+00,7.023759e+00,6.661855e+00
6.598509e+00,6.565265e+00,6.939254e+00,6.608001e+00,5.231109e+00,5.676754e+00,5.743003e+00,5.849325e+00,7.189168e+00,7.139660e+00,6.177944e+00,7.145196e+00,6.565265e+00,6.765039e+00,6.480045e+00,6.728629e+00,6.171701e+00,7.023759e+00,6.656727e+00
6.624065e+00,6.558198e+00,6.896694e+00,6.633318e+00,5.384495e+00,5.659482e+00,5.693732e+00,5.755742e+00,7.218910e+00,7.130099e+00,6.177944e+00,7.145196e+00,6.591674e+00,6.777647e+00,6.480045e+00,6.463029e+00,5.857933e+00,7.023759e+00,6.613384e+00
6.624065e+00,6.551080e+00,6.852243e+00,6.625392e+00,5.541264e+00,5.686975e+00,5.690359e+00,5.771441e+00,7.218177e+00,7.130099e+00,6.177944e+00,7.112327e+00,6.520621e+00,6.756932e+00,6.447306e+00,6.463029e+00,5.857933e+00,6.997596e+00,6.927558e+00
6.583409e+00,6.590301e+00,6.591674e+00,6.761573e+00,5.897154e+00,5.686975e+00,5.370638e+00,5.860786e+00,7.254885e+00,7.130099e+00,6.356108e+00,7.097549e+00,6.504288e+00,6.735780e+00,6.447306e+00,6.289716e+00,5.857933e+00,6.990257e+00,6.929517e+00
6.583409e+00,6.570883e+00,6.599870e+00,6.698268e+00,6.052089e+00,5.645447e+00,5.389072e+00,5.883322e+00,7.232733e+00,7.130099e+00,6.350886e+00,7.097549e+00,6.380123e+00,6.648985e+00,6.447306e+00,6.249975e+00,5.857933e+00,6.940222e+00,6.931472e+00
6.583409e+00,6.568078e+00,6.111467e+00,7.000334e+00,6.052089e+00,5.645447e+00,5.389072e+00,5.883322e+00,7.221836e+00,7.128496e+00,6.350886e+00,6.999422e+00,5.545177e+00,6.647688e+00,6.447306e+00,6.285998e+00,5.945421e+00,7.042286e+00,6.931472e+00
6.548219e+00,6.576470e+00,6.126869e+00,7.003974e+00,6.070738e+00,5.645447e+00,5.389072e+00,5.826000e+00,7.214504e+00,7.095064e+00,6.350886e+00,7.003065e+00,5.541264e+00,6.647688e+00,6.444131e+00,6.483107e+00,5.961005e+00,7.013915e+00,6.931472e+00
6.496775e+00,6.624065e+00,6.124683e+00,7.004882e+00,6.070738e+00,5.645447e+00,5.389072e+00,5.826000e+00,7.134891e+00,7.234177e+00,6.350886e+00,6.985642e+00,5.743003e+00,6.267201e+00,6.442540e+00,6.429719e+00,5.961005e+00,6.936343e+00,6.931472e+00
6.395262e+00,6.690842e+00,6.146329e+00,7.006695e+00,6.059123e+00,5.662960e+00,5.351858e+00,5.820083e+00,7.129298e+00,7.234898e+00,6.320768e+00,6.983790e+00,5.743003e+00,6.073045e+00,6.354370e+00,6.331502e+00,5.961005e+00,6.966024e+00,6.931472e+00
6.126869e+00,6.758095e+00,6.313548e+00,7.006695e+00,5.996452e+00,5.749393e+00,5.351858e+00,5.820083e+00,7.061334e+00,7.100027e+00,6.320768e+00,6.983790e+00,5.743003e+00,5.880533e+00,6.354370e+00,6.289716e+00,5.961005e+00,6.932448e+00,7.023759e+00
6.126869e+00,6.711740e+00,6.380123e+00,7.007601e+00,5.996452e+00,5.749393e+00,5.351858e+00,5.820083e+00,6.933423e+00,6.754604e+00,6.320768e+00,6.983790e+00,6.171701e+00,5.880533e+00,6.373320e+00,6.308098e+00,5.966147e+00,6.609349e+00,7.023759e+00
6.126869e+00,6.711740e+00,6.380123e+00,7.007601e+00,5.996452e+00,5.749393e+00,5.351858e+00,5.820083e+00,6.823286e+00,6.732211e+00,6.320768e+00,6.983790e+00,6.192362e+00,5.214936e+00,6.390241e+00,6.115892e+00,5.991465e+00,6.594413e+00,7.023759e+00
6.126869e+00,6.711740e+00,6.274762e+00,7.059618e+00,5.996452e+00,5.749393e+00,5.198497e+00,5.905362e+00,6.738152e+00,6.637258e+00,6.320768e+00,6.983790e+00,6.272877e+00,4.770685e+00,6.418365e+00,6.056784e+00,5.521461e+00,6.198479e+00,7.054450e+00
6.126869e+00,6.705639e+00,6.284134e+00,7.059618e+00,5.897154e+00,5.863631e+00,5.198497e+00,5.834811e+00,6.766192e+00,6.699500e+00,6.320768e+00,7.051856e+00,6.272877e+00,5.159055e+00,6.480045e+00,6.122493e+00,5.497168e+00,6.198479e+00,7.041412e+00
6.126869e+00,6.705639e+00,6.284134e+00,7.059618e+00,5.874931e+00,5.886104e+00,4.624973e+00,5.968708e+00,6.800170e+00,6.715383e+00,6.320768e+00,7.133296e+00,6.272877e+00,5.262690e+00,6.715383e+00,6.122493e+00,5.652489e+00,6.198479e+00,7.092574e+00
6.126869e+00,6.705639e+00,6.284134e+00,6.961296e+00,6.075346e+00,5.966147e+00,4.543295e+00,5.988961e+00,6.797940e+00,6.865891e+00,6.120297e+00,7.171657e+00,6.298949e+00,5.942799e+00,6.735780e+00,6.122493e+00,5.910797e+00,6.198479e+00,7.224025e+00
6.126869e+00,6.698268e+00,6.295266e+00,6.961296e+00,6.075346e+00,5.886104e+00,4.820282e+00,5.961005e+00,6.802395e+00,6.865891e+00,6.120297e+00,7.142037e+00,6.308098e+00,6.445720e+00,6.735780e+00,6.122493e+00,5.988961e+00,6.200509e+00,7.257708e+00
6.093570e+00,6.646391e+00,6.393591e+00,6.961296e+00,6.075346e+00,5.799093e+00,5.036953e+00,5.880533e+00,6.833032e+00,6.865891e+00,5.942799e+00,7.081709e+00,6.086775e+00,6.411818e+00,6.735780e+00,6.122493e+00,5.988961e+00,6.161207e+00,7.177019e+00
6.216606e+00,6.459904e+00,6.591674e+00,6.909753e+00,6.190315e+00,5.659482e+00,5.283204e+00,5.880533e+00,6.833032e+00,6.895683e+00,5.981414e+00,7.136483e+00,6.073045e+00,6.418365e+00,6.735780e+00,6.232448e+00,6.016157e+00,6.218600e+00,7.123673e+00
6.224558e+00,6.291569e+00,6.720220e+00,6.909753e+00,6.190315e+00,5.416100e+00,5.556828e+00,5.880533e+00,6.833032e+00,6.896694e+00,6.068426e+00,6.994850e+00,6.061457e+00,6.517671e+00,6.735780e+00,6.238325e+00,6.175867e+00,6.244167e+00,7.148346e+00
6.169611e+00,6.361302e+00,6.723832e+00,6.869014e+00,6.269096e+00,5.036953e+00,5.799093e+00,5.880533e+00,6.777647e+00,6.857514e+00,6.126869e+00,6.940222e+00,6.040255e+00,6.525030e+00,6.735780e+00,6.249975e+00,6.440947e+00,6.244167e+00,7.015712e+00
6.214608e+00,6.086775e+00,6.878326e+00,6.756932e+00,6.445720e+00,5.036953e+00,5.799093e+00,5.872118e+00,6.646391e+00,6.646391e+00,6.165418e+00,6.970730e+00,6.040255e+00,6.525030e+00,6.735780e+00,6.285998e+00,6.248043e+00,6.244167e+00,6.999422e+00
6.194405e+00,5.993961e+00,6.928538e+00,6.753438e+00,6.450470e+00,4.969813e+00,5.693732e+00,5.934894e+00,6.562444e+00,6.576470e+00,6.165418e+00,6.970730e+00,6.052089e+00,6.526495e+00,6.736967e+00,6.311735e+00,6.248043e+00,6.244167e+00,6.974479e+00
6.194405e+00,5.996452e+00,6.911747e+00,6.755769e+00,6.473891e+00,4.969813e+00,5.693732e+00,5.934894e+00,6.558198e+00,6.575076e+00,6.342121e+00,6.970730e+00,6.165418e+00,6.526495e+00,6.735780e+00,6.311735e+00,6.249975e+00,6.242223e+00,6.946014e+00
5.468060e+00,6.486161e+00,6.911747e+00,6.749931e+00,6.415097e+00,5.225747e+00,5.693732e+00,5.934894e+00,6.558198e+00,6.575076e+00,6.542472e+00,6.970730e+00,6.102559e+00,6.526495e+00,6.236370e+00,6.040255e+00,6.196444e+00,5.765191e+00,6.941190e+00
5.476464e+00,6.464588e+00,6.904751e+00,6.699500e+00,6.513230e+00,5.225747e+00,5.693732e+00,5.934894e+00,6.165418e+00,6.575076e+00,6.606650e+00,6.958448e+00,6.100319e+00,6.526495e+00,5.986452e+00,6.025866e+00,6.196444e+00,5.820083e+00,6.934397e+00
5.433722e+00,6.478510e+00,6.884487e+00,6.725034e+00,6.513230e+00,5.225747e+00,5.693732e+00,5.934894e+00,6.059123e+00,6.535241e+00,6.606650e+00,6.475433e+00,6.100319e+00,6.526495e+00,5.908083e+00,6.052089e+00,6.196444e+00,5.828946e+00,6.932448e+00
5.433722e+00,6.450470e+00,6.887553e+00,6.698268e+00,6.566672e+00,5.225747e+00,5.693732e+00,5.913503e+00,6.059123e+00,6.535241e+00,6.605298e+00,6.040255e+00,6.100319e+00,6.526495e+00,5.908083e+00,6.122493e+00,6.196444e+00,5.828946e+00,6.803505e+00
5.433722e+00,6.450470e+00,6.887553e+00,6.698268e+00,6.548219e+00,5.187386e+00,5.758902e+00,5.913503e+00,5.733341e+00,6.579251e+00,6.470800e+00,6.059123e+00,6.100319e+00,6.526495e+00,5.905362e+00,6.169611e+00,6.196444e+00,5.913503e+00,6.806829e+00
5.433722e+00,6.450470e+00,6.749931e+00,6.842683e+00,6.536692e+00,5.231109e+00,5.693732e+00,5.961005e+00,5.739793e+00,6.582025e+00,6.473891e+00,6.196444e+00,6.100319e+00,6.522093e+00,5.758902e+00,6.313548e+00,6.196444e+00,6.206576e+00,6.710523e+00
5.501258e+00,6.516193e+00,6.586172e+00,6.939254e+00,6.587550e+00,5.231109e+00,5.676754e+00,5.926926e+00,5.733341e+00,6.452049e+00,6.476972e+00,6.196444e+00,6.122493e+00,6.522093e+00,5.616771e+00,6.436150e+00,6.196444e+00,6.309918e+00,6.664409e+00
5.598422e+00,6.598509e+00,6.565265e+00,6.939254e+00,6.608001e+00,5.231109e+00,5.676754e+00,5.743003e+00,5.849325e+00,6.452049e+00,6.476972e+00,6.196444e+00,5.937536e+00,6.484635e+00,5.634790e+00,6.469250e+00,6.196444e+00,6.364751e+00,6.708084e+00
5.525453e+00,6.624065e+00,6.558198e+00,6.896694e+00,6.633318e+00,5.384495e+00,5.659482e+00,5.693732e+00,5.755742e+00,6.588926e+00,6.476972e+00,6.196444e+00,5.886104e+00,6.572283e+00,5.777652e+00,6.426488e+00,6.196444e+00,6.364751e+00,6.708084e+00
5.525453e+00,6.624065e+00,6.551080e+00,6.852243e+00,6.625392e+00,5.541264e+00,5.686975e+00,5.690359e+00,5.771441e+00,6.635947e+00,6.476972e+00,6.196444e+00,5.886104e+00,6.616065e+00,5.948035e+00,6.629363e+00,6.196444e+00,6.390241e+00,6.293419e+00
5.525453e+00,6.583409e+00,6.590301e+00,6.591674e+00,6.761573e+00,5.897154e+00,5.686975e+00,5.370638e+00,5.860786e+00,6.635947e+00,6.320768e+00,6.234411e+00,5.924256e+00,6.622736e+00,6.049733e+00,6.614726e+00,6.196444e+00,6.555357e+00,6.315358e+00
5.525453e+00,6.583409e+00,6.570883e+00,6.599870e+00,6.698268e+00,6.052089e+00,5.645447e+00,5.389072e+00,5.883322e+00,6.635947e+00,6.320768e+00,6.234411e+00,5.926926e+00,6.664409e+00,6.167516e+00,6.610696e+00,6.196444e+00,6.856462e+00,6.313548e+00
5.541264e+00,6.583409e+00,6.568078e+00,6.111467e+00,7.000334e+00,6.052089e+00,5.645447e+00,5.389072e+00,5.883322e+00,6.683361e+00,6.324359e+00,6.236370e+00,5.926926e+00,6.839476e+00,6.175867e+00,6.584791e+00,6.129050e+00,6.769642e+00,6.393591e+00
5.631212e+00,6.548219e+00,6.576470e+00,6.126869e+00,7.003974e+00,6.070738e+00,5.645447e+00,5.389072e+00,5.826000e+00,6.593045e+00,6.396930e+00,6.244167e+00,5.926926e+00,6.902743e+00,6.175867e+00,6.466145e+00,6.115892e+00,6.807935e+00,6.423247e+00
5.631212e+00,6.496775e+00,6.624065e+00,6.124683e+00,7.004882e+00,6.070738e+00,5.645447e+00,5.389072e+00,5.826000e+00,6.265301e+00,6.405228e+00,6.244167e+00,5.762051e+00,6.897705e+00,6.180017e+00,6.458338e+00,6.115892e+00,7.136483e+00,6.423247e+00
5.631212e+00,6.395262e+00,6.690842e+00,6.146329e+00,7.006695e+00,6.059123e+00,5.662960e+00,5.351858e+00,5.820083e+00,6.263398e+00,6.405228e+00,6.244167e+00,5.762051e+00,6.884487e+00,6.165418e+00,6.393591e+00,6.115892e+00,7.244228e+00,6.423247e+00
5.631212e+00,6.126869e+00,6.758095e+00,6.313548e+00,7.006695e+00,5.996452e+00,5.749393e+00,5.351858e+00,5.820083e+00,6.238325e+00,6.405228e+00,6.520621e+00,5.762051e+00,6.876265e+00,6.165418e+00,6.572283e+00,6.115892e+00,7.259116e+00,6.270988e+00
5.645447e+00,6.126869e+00,6.711740e+00,6.380123e+00,7.007601e+00,5.996452e+00,5.749393e+00,5.351858e+00,5.820083e+00,6.236370e+00,6.405228e+00,6.525030e+00,5.017280e+00,6.883463e+00,6.142037e+00,6.569481e+00,6.159095e+00,7.252054e+00,6.272877e+00
5.686975e+00,6.126869e+00,6.711740e+00,6.380123e+00,7.007601e+00,5.996452e+00,5.749393e+00,5.351858e+00,5.820083e+00,6.228511e+00,6.405228e+00,6.553933e+00,5.940171e+00,6.884487e+00,6.120297e+00,6.624065e+00,6.154858e+00,7.252762e+00,6.272877e+00
5.686975e+00,6.126869e+00,6.711740e+00,6.274762e+00,7.059618e+00,5.996452e+00,5.749393e+00,5.198497e+00,5.905362e+00,6.259581e+00,6.405228e+00,6.633318e+00,5.863631e+00,6.867974e+00,6.082219e+00,6.624065e+00,6.248043e+00,7.253470e+00,6.204558e+00
5.686975e+00,6.126869e+00,6.705639e+00,6.284134e+00,7.059618e+00,5.897154e+00,5.863631e+00,5.198497e+00,5.834811e+00,6.274762e+00,6.405228e+00,6.598509e+00,5.863631e+00,6.833032e+00,6.200509e+00,6.543912e+00,6.555357e+00,7.255591e+00,6.251904e+00
5.700444e+00,6.126869e+00,6.705639e+00,6.284134e+00,7.059618e+00,5.874931e+00,5.886104e+00,4.624973e+00,5.968708e+00,6.249975e+00,6.459904e+00,6.535241e+00,5.863631e+00,6.831954e+00,5.823046e+00,6.569481e+00,6.508769e+00,7.289611e+00,6.095825e+00
5.736572e+00,6.126869e+00,6.705639e+00,6.284134e+00,6.961296e+00,6.075346e+00,5.966147e+00,4.543295e+00,5.988961e+00,5.953243e+00,6.527958e+00,6.456770e+00,5.823046e+00,6.605298e+00,5.996452e+00,6.641182e+00,6.472346e+00,7.409136e+00,5.616771e+00
5.817111e+00,6.126869e+00,6.698268e+00,6.295266e+00,6.961296e+00,6.075346e+00,5.886104e+00,4.820282e+00,5.961005e+00,6.006353e+00,6.634633e+00,6.415097e+00,5.808142e+00,6.194405e+00,6.154858e+00,6.732211e+00,6.461468e+00,7.439559e+00,5.429346e+00
5.910797e+00,6.093570e+00,6.646391e+00,6.393591e+00,6.961296e+00,6.075346e+00,5.799093e+00,5.036953e+00,5.880533e+00,6.047372e+00,6.848005e+00,6.411818e+00,5.808142e+00,6.192362e+00,6.257668e+00,6.742881e+00,6.461468e+00,7.450080e+00,5.424950e+00
5.739793e+00,6.216606e+00,6.459904e+00,6.591674e+00,6.909753e+00,6.190315e+00,5.659482e+00,5.283204e+00,5.880533e+00,5.976351e+00,6.647688e+00,6.295266e+00,5.808142e+00,6.184149e+00,6.304449e+00,6.678342e+00,6.444131e+00,7.418181e+00,5.416100e+00
5.723585e+00,6.224558e+00,6.291569e+00,6.720220e+00,6.909753e+00,6.190315e+00,5.416100e+00,5.556828e+00,5.880533e+00,6.251904e+00,6.606650e+00,6.224558e+00,6.006353e+00,6.042633e+00,6.304449e+00,6.726233e+00,6.324359e+00,7.447751e+00,5.509388e+00
5.680173e+00,6.169611e+00,6.361302e+00,6.723832e+00,6.869014e+00,6.269096e+00,5.036953e+00,5.799093e+00,5.880533e+00,6.440947e+00,6.692084e+00,6.226537e+00,6.013715e+00,6.030685e+00,6.313548e+00,6.719013e+00,5.998937e+00,7.461066e+00,5.874931e+00
5.602119e+00,6.214608e+00,6.086775e+00,6.878326e+00,6.756932e+00,6.445720e+00,5.036953e+00,5.799093e+00,5.872118e+00,6.562444e+00,6.669498e+00,6.124683e+00,6.232448e+00,6.047372e+00,6.313548e+00,6.697034e+00,5.902633e+00,7.526718e+00,6.218600e+00
5.598422e+00,6.194405e+00,5.993961e+00,6.928538e+00,6.753438e+00,6.450470e+00,4.969813e+00,5.693732e+00,5.934894e+00,6.689599e+00,6.739337e+00,6.343880e+00,6.421622e+00,6.045005e+00,6.329721e+00,6.735780e+00,5.902633e+00,7.542213e+00,6.224558e+00
5.594711e+00,6.194405e+00,5.996452e+00,6.911747e+00,6.755769e+00,6.473891e+00,4.969813e+00,5.693732e+00,5.934894e+00,6.754604e+00,6.680855e+00,6.426488e+00,6.383507e+00,6.045005e+00,6.329721e+00,6.747587e+00,5.899897e+00,7.636752e+00,6.224558e+00
5.590987e+00,5.468060e+00,6.486161e+00,6.911747e+00,6.749931e+00,6.415097e+00,5.225747e+00,5.693732e+00,5.934894e+00,6.920672e+00,6.508769e+00,6.504288e+00,6.436150e+00,6.184149e+00,6.333280e+00,6.747587e+00,5.894403e+00,7.644441e+00,6.222576e+00
5.583496e+00,5.476464e+00,6.464588e+00,6.904751e+00,6.699500e+00,6.513230e+00,5.225747e+00,5.693732e+00,5.934894e+00,6.952729e+00,6.442540e+00,6.513230e+00,6.436150e+00,6.184149e+00,6.350886e+00,6.749931e+00,5.942799e+00,7.636270e+00,6.267201e+00
5.583496e+00,5.433722e+00,6.478510e+00,6.884487e+00,6.725034e+00,6.513230e+00,5.225747e+00,5.693732e+00,5.934894e+00,7.033506e+00,6.444131e+00,6.513230e+00,6.522093e+00,6.336826e+00,6.350886e+00,6.736967e+00,5.942799e+00,7.654917e+00,6.267201e+00
5.583496e+00,5.433722e+00,6.450470e+00,6.887553e+00,6.698268e+00,6.566672e+00,5.225747e+00,5.693732e+00,5.913503e+00,7.037028e+00,6.459904e+00,6.513230e+00,6.536692e+00,6.363028e+00,6.350886e+00,6.698268e+00,6.035481e+00,7.667626e+00,6.253829e+00
5.583496e+00,5.433722e+00,6.450470e+00,6.887553e+00,6.698268e+00,6.548219e+00,5.187386e+00,5.758902e+00,5.913503e+00,7.010312e+00,6.464588e+00,6.507278e+00,6.536692e+00,6.363028e+00,6.472346e+00,6.670766e+00,6.035481e+00,7.675082e+00,6.244167e+00
5.583496e+00,5.433722e+00,6.450470e+00,6.749931e+00,6.842683e+00,6.536692e+00,5.231109e+00,5.693732e+00,5.961005e+00,6.941190e+00,6.687109e+00,6.452049e+00,6.536692e+00,6.442540e+00,6.499787e+00,6.572283e+00,6.206576e+00,7.662468e+00,6.244167e+00
5.332719e+00,5.501258e+00,6.516193e+00,6.586172e+00,6.939254e+00,6.587550e+00,5.231109e+00,5.676754e+00,5.926926e+00,6.941190e+00,6.861711e+00,6.452049e+00,6.522093e+00,6.455199e+00,6.522093e+00,6.478510e+00,6.318968e+00,7.640123e+00,6.244167e+00
4.836282e+00,5.598422e+00,6.598509e+00,6.565265e+00,6.939254e+00,6.608001e+00,5.231109e+00,5.676754e+00,5.743003e+00,6.942157e+00,6.861711e+00,6.461468e+00,6.522093e+00,6.543912e+00,6.514713e+00,6.609349e+00,6.329721e+00,7.625107e+00,6.173786e+00
4.820282e+00,5.525453e+00,6.624065e+00,6.558198e+00,6.896694e+00,6.633318e+00,5.384495e+00,5.659482e+00,5.693732e+00,6.850126e+00,6.861711e+00,6.464588e+00,6.716595e+00,6.546785e+00,6.448889e+00,6.597146e+00,6.333280e+00,7.625107e+00,6.173786e+00
4.820282e+00,5.525453e+00,6.624065e+00,6.551080e+00,6.852243e+00,6.625392e+00,5.541264e+00,5.686975e+00,5.690359e+00,6.812345e+00,6.861711e+00,6.473891e+00,6.723832e+00,6.630683e+00,6.349139e+00,6.386879e+00,6.333280e+00,7.617760e+00,6.171701e+00
4.820282e+00,5.525453e+00,6.583409e+00,6.590301e+00,6.591674e+00,6.761573e+00,5.897154e+00,5.686975e+00,5.370638e+00,6.812345e+00,6.861711e+00,6.487684e+00,6.752270e+00,6.661855e+00,6.289716e+00,6.408529e+00,6.333280e+00,7.592870e+00,6.142037e+00
4.820282e+00,5.525453e+00,6.583409e+00,6.570883e+00,6.599870e+00,6.698268e+00,6.052089e+00,5.645447e+00,5.389072e+00,6.828712e+00,6.865891e+00,6.579251e+00,6.751101e+00,6.654153e+00,6.186209e+00,6.428105e+00,6.336826e+00,7.462789e+00,6.282267e+00
4.787492e+00,5.541264e+00,6.583409e+00,6.568078e+00,6.111467e+00,7.000334e+00,6.052089e+00,5.645447e+00,5.389072e+00,6.788972e+00,7.041412e+00,6.591674e+00,6.771936e+00,6.785588e+00,6.177944e+00,6.444131e+00,6.383507e+00,7.456455e+00,6.202536e+00
4.564348e+00,5.631212e+00,6.548219e+00,6.576470e+00,6.126869e+00,7.003974e+00,6.070738e+00,5.645447e+00,5.389072e+00,6.788972e+00,7.051856e+00,6.602588e+00,6.771936e+00,6.746412e+00,6.253829e+00,6.383507e+00,6.383507e+00,7.436617e+00,6.238325e+00
4.574711e+00,5.631212e+00,6.496775e+00,6.624065e+00,6.124683e+00,7.004882e+00,6.070738e+00,5.645447e+00,5.389072e+00,6.791221e+00,7.079184e+00,6.602588e+00,6.794587e+00,6.831954e+00,6.249975e+00,6.383507e+00,6.436150e+00,7.248504e+00,6.311735e+00
4.574711e+00,5.631212e+00,6.395262e+00,6.690842e+00,6.146329e+00,7.006695e+00,6.059123e+00,5.662960e+00,5.351858e+00,6.792344e+00,7.080868e+00,6.602588e+00,6.842683e+00,6.834109e+00,6.295266e+00,6.423247e+00,6.511745e+00,7.113142e+00,6.415097e+00
4.574711e+00,5.631212e+00,6.126869e+00,6.758095e+00,6.313548e+00,7.006695e+00,5.996452e+00,5.749393e+00,5.351858e+00,6.794587e+00,7.207119e+00,6.350886e+00,6.852243e+00,6.834109e+00,6.343880e+00,6.212606e+00,6.575076e+00,7.023759e+00,6.447306e+00
4.532599e+00,5.645447e+00,6.126869e+00,6.711740e+00,6.380123e+00,7.007601e+00,5.996452e+00,5.749393e+00,5.351858e+00,6.794587e+00,7.281386e+00,6.345636e+00,6.852243e+00,6.853299e+00,6.385194e+00,6.175867e+00,6.543912e+00,7.031741e+00,6.447306e+00
4.465908e+00,5.686975e+00,6.126869e+00,6.711740e+00,6.380123e+00,7.007601e+00,5.996452e+00,5.749393e+00,5.351858e+00,6.835185e+00,7.344073e+00,6.309918e+00,6.573680e+00,6.852243e+00,6.385194e+00,6.086775e+00,6.522093e+00,7.039660e+00,6.569481e+00
4.553877e+00,5.686975e+00,6.126869e+00,6.711740e+00,6.274762e+00,7.059618e+00,5.996452e+00,5.749393e+00,5.198497e+00,6.818924e+00,7.344073e+00,6.267201e+00,6.561031e+00,6.853299e+00,6.385194e+00,6.082219e+00,6.519147e+00,7.042286e+00,6.679599e+00
4.753590e+00,5.686975e+00,6.126869e+00,6.705639e+00,6.284134e+00,7.059618e+00,5.897154e+00,5.863631e+00,5.198497e+00,6.742881e+00,7.351158e+00,6.315358e+00,6.716595e+00,6.828712e+00,6.212606e+00,6.124683e+00,6.216606e+00,7.097549e+00,6.669498e+00
5.117994e+00,5.700444e+00,6.126869e+00,6.705639e+00,6.284134e+00,7.059618e+00,5.874931e+00,5.886104e+00,4.624973e+00,6.745236e+00,7.338238e+00,6.230481e+00,7.054450e+00,6.809039e+00,6.408529e+00,6.113682e+00,6.198479e+00,7.080026e+00,6.685861e+00
6.361302e+00,5.736572e+00,6.126869e+00,6.705639e+00,6.284134e+00,6.961296e+00,6.075346e+00,5.966147e+00,4.543295e+00,6.744059e+00,7.345365e+00,6.329721e+00,7.107425e+00,6.900731e+00,6.428105e+00,5.988961e+00,6.068426e+00,6.912743e+00,6.699500e+00
6.378426e+00,5.817111e+00,6.126869e+00,6.698268e+00,6.295266e+00,6.961296e+00,6.075346e+00,5.886104e+00,4.820282e+00,6.723832e+00,7.295056e+00,6.483107e+00,7.132498e+00,7.007601e+00,6.501290e+00,5.786897e+00,6.013715e+00,6.859615e+00,6.752270e+00
6.335054e+00,5.910797e+00,6.093570e+00,6.646391e+00,6.393591e+00,6.961296e+00,6.075346e+00,5.799093e+00,5.036953e+00,6.709304e+00,7.220374e+00,6.656727e+00,7.146772e+00,7.022868e+00,6.508769e+00,5.758902e+00,6.013715e+00,6.840547e+00,6.800170e+00
6.548219e+00,5.739793e+00,6.216606e+00,6.459904e+00,6.591674e+00,6.909753e+00,6.190315e+00,5.659482e+00,5.283204e+00,6.710523e+00,7.235619e+00,6.742881e+00,7.224753e+00,7.028201e+00,6.504288e+00,5.758902e+00,6.013715e+00,6.840547e+00,6.800170e+00
6.562444e+00,5.723585e+00,6.224558e+00,6.291569e+00,6.720220e+00,6.909753e+00,6.190315e+00,5.416100e+00,5.556828e+00,6.582025e+00,7.255591e+00,6.735780e+00,7.246368e+00,7.086738e+00,6.504288e+00,5.616771e+00,6.013715e+00,6.770789e+00,6.738152e+00
6.664409e+00,5.680173e+00,6.169611e+00,6.361302e+00,6.723832e+00,6.869014e+00,6.269096e+00,5.036953e+00,5.799093e+00,6.625392e+00,7.249926e+00,6.734592e+00,7.280697e+00,7.153834e+00,6.549651e+00,5.616771e+00,6.013715e+00,6.744059e+00,6.572283e+00
6.664409e+00,5.602119e+00,6.214608e+00,6.086775e+00,6.878326e+00,6.756932e+00,6.445720e+00,5.036953e+00,5.799093e+00,6.553933e+00,7.261927e+00,6.749931e+00,7.313220e+00,7.153052e+00,6.549651e+00,5.613128e+00,6.013715e+00,6.594413e+00,6.331502e+00
6.669498e+00,5.598422e+00,6.194405e+00,5.993961e+00,6.928538e+00,6.753438e+00,6.450470e+00,4.969813e+00,5.693732e+00,6.416732e+00,7.290975e+00,6.610696e+00,7.252762e+00,7.153052e+00,6.535241e+00,5.429346e+00,6.013715e+00,6.553933e+00,6.326149e+00
6.756932e+00,5.594711e+00,6.194405e+00,5.996452e+00,6.911747e+00,6.755769e+00,6.473891e+00,4.969813e+00,5.693732e+00,6.326149e+00,7.270313e+00,6.542472e+00,7.239933e+00,7.185387e+00,6.535241e+00,5.384495e+00,6.028279e+00,6.244167e+00,6.326149e+00
6.961296e+00,5.590987e+00,5.468060e+00,6.486161e+00,6.911747e+00,6.749931e+00,6.415097e+00,5.225747e+00,5.693732e+00,6.016157e+00,7.271009e+00,6.467699e+00,7.216709e+00,7.163947e+00,6.532334e+00,5.384495e+00,6.070738e+00,6.222576e+00,6.326149e+00
7.096721e+00,5.583496e+00,5.476464e+00,6.464588e+00,6.904751e+00,6.699500e+00,6.513230e+00,5.225747e+00,5.693732e+00,5.961005e+00,7.271009e+00,6.455199e+00,7.216709e+00,7.164720e+00,6.517671e+00,5.375278e+00,6.308098e+00,6.222576e+00,6.284134e+00
7.171657e+00,5.583496e+00,5.433722e+00,6.478510e+00,6.884487e+00,6.725034e+00,6.513230e+00,5.225747e+00,5.693732e+00,5.723585e+00,7.270313e+00,6.463029e+00,7.174724e+00,7.100852e+00,6.517671e+00,5.375278e+00,6.473891e+00,6.150603e+00,6.284134e+00
7.382746e+00,5.583496e+00,5.433722e+00,6.450470e+00,6.887553e+00,6.698268e+00,6.566672e+00,5.225747e+00,5.693732e+00,5.710427e+00,7.263330e+00,6.463029e+00,7.167038e+00,7.088409e+00,6.535241e+00,5.375278e+00,6.416732e+00,6.171701e+00,6.282267e+00
7.413970e+00,5.583496e+00,5.433722e+00,6.450470e+00,6.887553e+00,6.698268e+00,6.548219e+00,5.187386e+00,5.758902e+00,5.805135e+00,7.261225e+00,6.456770e+00,7.167038e+00,7.124478e+00,6.522093e+00,5.605802e+00,6.416732e+00,6.079933e+00,6.282267e+00
7.421178e+00,5.583496e+00,5.433722e+00,6.450470e+00,6.749931e+00,6.842683e+00,6.536692e+00,5.231109e+00,5.693732e+00,5.849325e+00,7.140453e+00,6.456770e+00,7.167038e+00,7.085064e+00,6.502790e+00,5.874931e+00,6.280396e+00,5.823046e+00,6.282267e+00
7.419980e+00,5.332719e+00,5.501258e+00,6.516193e+00,6.586172e+00,6.939254e+00,6.587550e+00,5.231109e+00,5.676754e+00,5.932245e+00,7.009409e+00,6.466145e+00,7.167038e+00,7.078342e+00,6.492240e+00,6.086775e+00,6.163315e+00,5.802118e+00,6.282267e+00
7.432484e+00,4.836282e+00,5.598422e+00,6.598509e+00,6.565265e+00,6.939254e+00,6.608001e+00,5.231109e+00,5.676754e+00,6.173786e+00,7.013915e+00,6.464588e+00,7.167038e+00,7.027315e+00,6.522093e+00,5.840642e+00,6.167516e+00,5.802118e+00,6.285998e+00
7.449498e+00,4.820282e+00,5.525453e+00,6.624065e+00,6.558198e+00,6.896694e+00,6.633318e+00,5.384495e+00,5.659482e+00,6.204558e+00,7.020191e+00,6.493754e+00,7.047517e+00,6.951772e+00,6.522093e+00,5.840642e+00,6.352629e+00,5.958425e+00,6.285998e+00
7.459915e+00,4.820282e+00,5.525453e+00,6.624065e+00,6.551080e+00,6.852243e+00,6.625392e+00,5.541264e+00,5.686975e+00,6.357842e+00,7.041412e+00,6.487684e+00,7.042286e+00,6.853299e+00,6.522093e+00,5.840642e+00,6.375025e+00,6.021023e+00,6.313548e+00
7.471932e+00,4.820282e+00,5.525453e+00,6.583409e+00,6.590301e+00,6.591674e+00,6.761573e+00,5.897154e+00,5.686975e+00,6.575076e+00,7.182352e+00,6.445720e+00,7.008505e+00,6.822197e+00,6.510258e+00,5.846439e+00,6.375025e+00,6.236370e+00,6.335054e+00
7.482119e+00,4.820282e+00,5.525453e+00,6.583409e+00,6.570883e+00,6.599870e+00,6.698268e+00,6.052089e+00,5.645447e+00,6.695799e+00,7.187657e+00,6.340359e+00,7.008505e+00,6.793466e+00,6.510258e+00,5.899897e+00,6.410175e+00,6.232448e+00,6.200509e+00
7.483807e+00,4.787492e+00,5.541264e+00,6.583409e+00,6.568078e+00,6.111467e+00,7.000334e+00,6.052089e+00,5.645447e+00,6.783325e+00,7.101676e+00,6.322565e+00,6.992096e+00,6.450470e+00,6.510258e+00,5.996452e+00,6.364751e+00,6.261492e+00,6.206576e+00
7.483807e+00,4.564348e+00,5.631212e+00,6.548219e+00,6.576470e+00,6.126869e+00,7.003974e+00,6.070738e+00,5.645447e+00,6.784457e+00,7.104144e+00,6.293419e+00,6.992096e+00,6.406880e+00,6.452049e+00,6.037871e+00,6.371612e+00,6.272877e+00,6.304449e+00
7.483244e+00,4.574711e+00,5.631212e+00,6.496775e+00,6.624065e+00,6.124683e+00,7.004882e+00,6.070738e+00,5.645447e+00,6.782192e+00,7.073270e+00,6.293419e+00,6.993933e+00,6.270988e+00,6.464588e+00,6.037871e+00,6.315358e+00,6.349139e+00,6.230481e+00
7.486053e+00,4.574711e+00,5.631212e+00,6.395262e+00,6.690842e+00,6.146329e+00,7.006695e+00,6.059123e+00,5.662960e+00,6.783325e+00,7.097549e+00,6.293419e+00,6.953684e+00,6.267201e+00,6.469250e+00,5.978886e+00,6.376727e+00,6.428105e+00,6.206576e+00
7.509883e+00,4.574711e+00,5.631212e+00,6.126869e+00,6.758095e+00,6.313548e+00,7.006695e+00,5.996452e+00,5.749393e+00,6.787845e+00,6.955593e+00,6.293419e+00,6.946976e+00,6.267201e+00,6.444131e+00,6.018593e+00,6.340359e+00,6.436150e+00,6.411818e+00
7.518064e+00,4.532599e+00,5.645447e+00,6.126869e+00,6.711740e+00,6.380123e+00,7.007601e+00,5.996452e+00,5.749393e+00,6.790097e+00,6.983790e+00,6.293419e+00,7.010312e+00,6.218600e+00,6.406880e+00,6.018593e+00,6.340359e+00,6.630683e+00,6.637258e+00
7.534763e+00,4.465908e+00,5.686975e+00,6.126869e+00,6.711740e+00,6.380123e+00,7.007601e+00,5.996452e+00,5.749393e+00,6.747587e+00,6.946976e+00,6.293419e+00,7.013016e+00,6.440947e+00,6.461468e+00,6.018593e+00,6.336826e+00,6.734592e+00,6.523562e+00
7.540622e+00,4.553877e+00,5.686975e+00,6.126869e+00,6.711740e+00,6.274762e+00,7.059618e+00,5.996452e+00,5.749393e+00,6.746412e+00,7.027315e+00,6.253829e+00,7.010312e+00,6.558198e+00,6.556778e+00,6.070738e+00,6.255750e+00,6.774224e+00,6.393591e+00
7.629004e+00,4.753590e+00,5.686975e+00,6.126869e+00,6.705639e+00,6.284134e+00,7.059618e+00,5.897154e+00,5.863631e+00,6.803505e+00,7.020191e+00,6.095825e+00,6.896694e+00,6.688355e+00,6.580639e+00,6.089045e+00,6.255750e+00,6.954639e+00,6.366470e+00
7.629004e+00,5.117994e+00,5.700444e+00,6.126869e+00,6.705639e+00,6.284134e+00,7.059618e+00,5.874931e+00,5.886104e+00,6.917706e+00,7.008505e+00,6.077642e+00,6.487684e+00,6.723832e+00,6.388561e+00,6.059123e+00,6.257668e+00,7.210818e+00,6.343880e+00
7.432484e+00,6.361302e+00,5.736572e+00,6.126869e+00,6.705639e+00,6.284134e+00,6.961296e+00,6.075346e+00,5.966147e+00,6.995766e+00,6.956545e+00,5.948035e+00,6.413459e+00,6.629363e+00,6.218600e+00,6.070738e+00,6.257668e+00,7.242798e+00,6.324359e+00
7.534228e+00,6.378426e+00,5.817111e+00,6.126869e+00,6.698268e+00,6.295266e+00,6.961296e+00,6.075346e+00,5.886104e+00,6.994850e+00,6.955593e+00,5.669881e+00,6.363028e+00,6.570883e+00,5.955837e+00,6.070738e+00,6.257668e+00,7.334329e+00,6.242223e+00
7.550661e+00,6.335054e+00,5.910797e+00,6.093570e+00,6.646391e+00,6.393591e+00,6.961296e+00,6.075346e+00,5.799093e+00,6.990257e+00,6.881411e+00,5.129899e+00,6.502790e+00,6.561031e+00,5.817111e+00,6.184149e+00,6.287859e+00,7.334329e+00,6.156979e+00
7.488294e+00,6.548219e+00,5.739793e+00,6.216606e+00,6.459904e+00,6.591674e+00,6.909753e+00,6.190315e+00,5.659482e+00,7.180831e+00,6.823286e+00,4.595120e+00,6.376727e+00,6.655440e+00,5.749393e+00,6.184149e+00,6.356108e+00,7.334329e+00,6.156979e+00
7.491088e+00,6.562444e+00,5.723585e+00,6.224558e+00,6.291569e+00,6.720220e+00,6.909753e+00,6.190315e+00,5.416100e+00,7.196687e+00,6.786717e+00,4.584967e+00,6.302619e+00,6.563856e+00,5.749393e+00,6.186209e+00,6.357842e+00,7.334329e+00,6.156979e+00
7.449498e+00,6.664409e+00,5.680173e+00,6.169611e+00,6.361302e+00,6.723832e+00,6.869014e+00,6.269096e+00,5.036953e+00,7.092574e+00,6.687109e+00,4.584967e+00,6.208590e+00,6.556778e+00,5.627621e+00,6.248043e+00,6.492240e+00,7.334329e+00,6.156979e+00
7.449498e+00,6.664409e+00,5.602119e+00,6.214608e+00,6.086775e+00,6.878326e+00,6.756932e+00,6.445720e+00,5.036953e+00,7.164720e+00,6.682109e+00,4.442651e+00,5.963579e+00,6.559615e+00,5.627621e+00,6.248043e+00,6.526495e+00,7.334329e+00,6.156979e+00
7.447168e+00,6.669498e+00,5.598422e+00,6.194405e+00,5.993961e+00,6.928538e+00,6.753438e+00,6.450470e+00,4.969813e+00,7.160069e+00,6.559615e+00,4.430817e+00,5.905362e+00,6.599870e+00,5.627621e+00,6.276643e+00,6.555357e+00,7.334329e+00,6.156979e+00
7.410952e+00,6.756932e+00,5.594711e+00,6.194405e+00,5.996452e+00,6.911747e+00,6.755769e+00,6.473891e+00,4.969813e+00,7.174724e+00,6.539586e+00,4.430817e+00,6.018593e+00,6.594413e+00,5.765191e+00,6.287859e+00,6.803505e+00,7.334329e+00,6.156979e+00
7.288928e+00,6.961296e+00,5.590987e+00,5.468060e+00,6.486161e+00,6.911747e+00,6.749931e+00,6.415097e+00,5.225747e+00,7.189168e+00,6.538140e+00,4.430817e+00,6.063785e+00,6.548219e+00,5.765191e+00,6.359574e+00,6.956545e+00,7.331060e+00,6.156979e+00
7.178545e+00,7.096721e+00,5.583496e+00,5.476464e+00,6.464588e+00,6.904751e+00,6.699500e+00,6.513230e+00,5.225747e+00,7.218910e+00,6.563856e+00,4.430817e+00,6.063785e+00,6.556778e+00,5.765191e+00,6.359574e+00,6.924612e+00,7.331715e+00,6.156979e+00
7.104144e+00,7.171657e+00,5.583496e+00,5.433722e+00,6.478510e+00,6.884487e+00,6.725034e+00,6.513230e+00,5.225747e+00,7.218177e+00,6.563856e+00,4.477337e+00,6.073045e+00,6.568078e+00,5.765191e+00,6.359574e+00,6.892642e+00,7.327123e+00,6.156979e+00
6.814543e+00,7.382746e+00,5.583496e+00,5.433722e+00,6.450470e+00,6.887553e+00,6.698268e+00,6.566672e+00,5.225747e+00,7.254885e+00,6.563856e+00,4.477337e+00,6.104793e+00,6.568078e+00,5.726848e+00,6.359574e+00,6.933423e+00,7.308543e+00,6.228511e+00
6.756932e+00,7.413970e+00,5.583496e+00,5.433722e+00,6.450470e+00,6.887553e+00,6.698268e+00,6.548219e+00,5.187386e+00,7.232733e+00,6.651572e+00,4.477337e+00,6.280396e+00,6.504288e+00,5.509388e+00,6.257668e+00,6.983790e+00,7.305860e+00,6.248043e+00
6.747587e+00,7.421178e+00,5.583496e+00,5.433722e+00,6.450470e+00,6.749931e+00,6.842683e+00,6.536692e+00,5.231109e+00,7.221836e+00,6.739337e+00,4.394449e+00,6.483107e+00,6.614726e+00,5.924256e+00,6.244167e+00,7.019297e+00,7.305860e+00,6.248043e+00
6.799056e+00,7.419980e+00,5.332719e+00,5.501258e+00,6.516193e+00,6.586172e+00,6.939254e+00,6.587550e+00,5.231109e+00,7.214504e+00,6.739337e+00,5.572154e+00,6.526495e+00,6.806829e+00,5.924256e+00,6.240276e+00,7.027315e+00,7.305860e+00,6.248043e+00
6.854355e+00,7.432484e+00,4.836282e+00,5.598422e+00,6.598509e+00,6.565265e+00,6.939254e+00,6.608001e+00,5.231109e+00,7.134891e+00,6.733402e+00,5.899897e+00,6.536692e+00,6.865891e+00,5.869297e+00,6.226537e+00,7.072422e+00,7.324490e+00,6.333280e+00
6.922644e+00,7.449498e+00,4.820282e+00,5.525453e+00,6.624065e+00,6.558198e+00,6.896694e+00,6.633318e+00,5.384495e+00,7.129298e+00,6.725034e+00,5.874931e+00,6.542472e+00,6.921658e+00,5.940171e+00,6.476972e+00,6.990257e+00,7.317212e+00,6.373320e+00
6.913737e+00,7.459915e+00,4.820282e+00,5.525453e+00,6.624065e+00,6.551080e+00,6.852243e+00,6.625392e+00,5.541264e+00,7.061334e+00,6.703188e+00,5.869297e+00,6.617403e+00,6.922644e+00,5.958425e+00,6.476972e+00,6.978214e+00,7.313220e+00,6.350886e+00
6.892642e+00,7.471932e+00,4.820282e+00,5.525453e+00,6.583409e+00,6.590301e+00,6.591674e+00,6.761573e+00,5.897154e+00,6.933423e+00,6.469250e+00,5.942799e+00,6.688355e+00,6.922644e+00,5.958425e+00,6.453625e+00,6.978214e+00,7.224025e+00,6.349139e+00
6.874198e+00,7.482119e+00,4.820282e+00,5.525453e+00,6.583409e+00,6.570883e+00,6.599870e+00,6.698268e+00,6.052089e+00,6.823286e+00,6.452049e+00,6.620073e+00,6.688355e+00,6.922644e+00,5.958425e+00,6.410175e+00,6.956545e+00,7.223296e+00,6.476972e+00
6.871091e+00,7.483807e+00,4.787492e+00,5.541264e+00,6.583409e+00,6.568078e+00,6.111467e+00,7.000334e+00,6.052089e+00,6.738152e+00,6.400257e+00,6.620073e+00,6.703188e+00,6.922644e+00,5.958425e+00,6.331502e+00,6.977281e+00,7.194437e+00,6.552508e+00
6.880384e+00,7.483807e+00,4.564348e+00,5.631212e+00,6.548219e+00,6.576470e+00,6.126869e+00,7.003974e+00,6.070738e+00,6.766192e+00,6.308098e+00,6.620073e+00,6.703188e+00,6.922644e+00,5.968708e+00,6.300786e+00,6.984716e+00,7.183871e+00,6.476972e+00
6.880384e+00,7.483244e+00,4.574711e+00,5.631212e+00,6.496775e+00,6.624065e+00,6.124683e+00,7.004882e+00,6.070738e+00,6.800170e+00,6.308098e+00,6.620073e+00,6.675823e+00,6.922644e+00,5.950643e+00,6.300786e+00,7.004882e+00,7.123673e+00,6.642487e+00
6.875232e+00,7.486053e+00,4.574711e+00,5.631212e+00,6.395262e+00,6.690842e+00,6.146329e+00,7.006695e+00,6.059123e+00,6.797940e+00,6.251904e+00,6.620073e+00,6.674561e+00,6.943122e+00,5.877736e+00,6.300786e+00,6.933423e+00,7.100852e+00,6.655440e+00
6.829794e+00,7.509883e+00,4.574711e+00,5.631212e+00,6.126869e+00,6.758095e+00,6.313548e+00,7.006695e+00,5.996452e+00,6.802395e+00,6.282267e+00,6.620073e+00,6.672033e+00,6.943122e+00,5.846439e+00,6.272877e+00,6.923629e+00,7.153834e+00,6.464588e+00
6.846943e+00,7.518064e+00,4.532599e+00,5.645447e+00,6.126869e+00,6.711740e+00,6.380123e+00,7.007601e+00,5.996452e+00,6.833032e+00,6.148468e+00,6.620073e+00,6.582025e+00,6.946014e+00,5.843544e+00,6.269096e+00,6.924612e+00,7.048386e+00,6.188264e+00
6.806829e+00,7.534763e+00,4.465908e+00,5.686975e+00,6.126869e+00,6.711740e+00,6.380123e+00,7.007601e+00,5.996452e+00,6.833032e+00,6.033086e+00,6.620073e+00,6.614726e+00,6.817831e+00,5.739793e+00,6.272877e+00,6.924612e+00,6.964136e+00,6.188264e+00
6.805723e+00,7.540622e+00,4.553877e+00,5.686975e+00,6.126869e+00,6.711740e+00,6.274762e+00,7.059618e+00,5.996452e+00,6.833032e+00,5.860786e+00,6.601230e+00,6.659294e+00,6.728629e+00,5.509388e+00,6.263398e+00,6.955593e+00,6.927558e+00,6.194405e+00
6.562444e+00,7.629004e+00,4.753590e+00,5.686975e+00,6.126869e+00,6.705639e+00,6.284134e+00,7.059618e+00,5.897154e+00,6.777647e+00,5.877736e+00,6.601230e+00,6.898715e+00,6.603944e+00,5.438079e+00,6.214608e+00,6.994850e+00,6.661855e+00,6.196444e+00
6.481577e+00,7.629004e+00,5.117994e+00,5.700444e+00,6.126869e+00,6.705639e+00,6.284134e+00,7.059618e+00,5.874931e+00,6.646391e+00,6.089045e+00,6.638568e+00,6.901737e+00,6.563856e+00,5.438079e+00,6.246107e+00,6.994850e+00,6.309918e+00,6.196444e+00
6.391917e+00,7.432484e+00,6.361302e+00,5.736572e+00,6.126869e+00,6.705639e+00,6.284134e+00,6.961296e+00,6.075346e+00,6.562444e+00,6.403574e+00,6.647688e+00,6.885510e+00,6.546785e+00,5.438079e+00,6.240276e+00,6.994850e+00,6.335054e+00,6.196444e+00
5.940171e+00,7.534228e+00,6.378426e+00,5.817111e+00,6.126869e+00,6.698268e+00,6.295266e+00,6.961296e+00,6.075346e+00,6.558198e+00,6.408529e+00,6.656727e+00,6.955593e+00,6.442540e+00,5.438079e+00,6.240276e+00,6.994850e+00,6.079933e+00,6.204558e+00
5.831882e+00,7.550661e+00,6.335054e+00,5.910797e+00,6.093570e+00,6.646391e+00,6.393591e+00,6.961296e+00,6.075346e+00,6.558198e+00,6.467699e+00,6.652863e+00,6.990257e+00,6.432940e+00,5.411646e+00,6.133398e+00,6.980076e+00,6.082219e+00,6.293419e+00
5.777652e+00,7.488294e+00,6.548219e+00,5.739793e+00,6.216606e+00,6.459904e+00,6.591674e+00,6.909753e+00,6.190315e+00,6.165418e+00,6.467699e+00,6.652863e+00,7.173192e+00,6.381816e+00,5.411646e+00,6.133398e+00,6.948897e+00,6.082219e+00,6.302619e+00
5.730100e+00,7.491088e+00,6.562444e+00,5.723585e+00,6.224558e+00,6.291569e+00,6.720220e+00,6.909753e+00,6.190315e+00,6.059123e+00,6.463029e+00,6.666957e+00,7.125283e+00,6.398595e+00,5.416100e+00,6.131226e+00,6.986566e+00,6.093570e+00,6.383507e+00
5.713733e+00,7.449498e+00,6.664409e+00,5.680173e+00,6.169611e+00,6.361302e+00,6.723832e+00,6.869014e+00,6.269096e+00,6.059123e+00,6.463029e+00,6.666957e+00,7.122867e+00,6.561031e+00,5.505332e+00,6.061457e+00,6.965080e+00,6.098074e+00,6.408529e+00
5.713733e+00,7.449498e+00,6.664409e+00,5.602119e+00,6.214608e+00,6.086775e+00,6.878326e+00,6.756932e+00,6.445720e+00,5.733341e+00,6.442540e+00,6.788972e+00,7.090077e+00,6.559615e+00,5.552960e+00,6.061457e+00,6.943122e+00,6.098074e+00,6.768493e+00
5.713733e+00,7.447168e+00,6.669498e+00,5.598422e+00,6.194405e+00,5.993961e+00,6.928538e+00,6.753438e+00,6.450470e+00,5.739793e+00,6.431331e+00,6.948897e+00,7.089243e+00,6.556778e+00,5.598422e+00,6.171701e+00,6.928538e+00,6.098074e+00,6.829794e+00
5.676754e+00,7.410952e+00,6.756932e+00,5.594711e+00,6.194405e+00,5.996452e+00,6.911747e+00,6.755769e+00,6.473891e+00,5.733341e+00,6.432940e+00,6.968850e+00,7.043160e+00,6.685861e+00,5.433722e+00,6.249975e+00,6.705639e+00,6.098074e+00,6.887553e+00
5.669881e+00,7.288928e+00,6.961296e+00,5.590987e+00,5.468060e+00,6.486161e+00,6.911747e+00,6.749931e+00,6.415097e+00,5.849325e+00,6.432940e+00,6.987490e+00,7.026427e+00,6.817831e+00,5.476464e+00,6.385194e+00,6.476972e+00,6.098074e+00,6.919684e+00
5.733341e+00,7.178545e+00,7.096721e+00,5.583496e+00,5.476464e+00,6.464588e+00,6.904751e+00,6.699500e+00,6.513230e+00,5.755742e+00,6.398595e+00,6.990257e+00,7.026427e+00,6.835185e+00,5.476464e+00,6.587550e+00,6.308098e+00,6.093570e+00,7.100027e+00
5.831882e+00,7.104144e+00,7.171657e+00,5.583496e+00,5.433722e+00,6.478510e+00,6.884487e+00,6.725034e+00,6.513230e+00,5.771441e+00,6.429719e+00,6.981935e+00,7.022868e+00,6.971669e+00,5.480639e+00,6.613384e+00,6.177944e+00,6.093570e+00,7.103322e+00
5.837730e+00,6.814543e+00,7.382746e+00,5.583496e+00,5.433722e+00,6.450470e+00,6.887553e+00,6.698268e+00,6.566672e+00,5.860786e+00,6.440947e+00,6.984716e+00,7.010312e+00,6.971669e+00,6.066108e+00,6.614726e+00,6.086775e+00,6.073045e+00,7.074117e+00
5.840642e+00,6.756932e+00,7.413970e+00,5.583496e+00,5.433722e+00,6.450470e+00,6.887553e+00,6.698268e+00,6.548219e+00,5.883322e+00,6.331502e+00,7.045777e+00,6.929517e+00,6.971669e+00,6.095825e+00,6.614726e+00,5.958425e+00,6.073045e+00,7.065613e+00
5.877736e+00,6.747587e+00,7.421178e+00,5.583496e+00,5.433722e+00,6.450470e+00,6.749931e+00,6.842683e+00,6.536692e+00,5.883322e+00,6.248043e+00,7.037906e+00,6.804615e+00,6.895683e+00,5.826000e+00,6.501290e+00,5.852202e+00,6.073045e+00,7.065613e+00
5.877736e+00,6.799056e+00,7.419980e+00,5.332719e+00,5.501258e+00,6.516193e+00,6.586172e+00,6.939254e+00,6.587550e+00,5.826000e+00,6.320768e+00,6.857514e+00,6.771936e+00,6.721426e+00,6.056784e+00,6.405228e+00,5.826000e+00,6.073045e+00,7.099202e+00
5.645447e+00,6.854355e+00,7.432484e+00,4.836282e+00,5.598422e+00,6.598509e+00,6.565265e+00,6.939254e+00,6.608001e+00,5.826000e+00,6.320768e+00,6.742881e+00,6.763885e+00,6.652863e+00,6.070738e+00,6.411818e+00,5.631212e+00,6.006353e+00,7.150701e+00
5.231109e+00,6.922644e+00,7.449498e+00,4.820282e+00,5.525453e+00,6.624065e+00,6.558198e+00,6.896694e+00,6.633318e+00,5.820083e+00,6.320768e+00,6.729824e+00,6.784457e+00,6.579251e+00,6.033086e+00,6.265301e+00,5.609472e+00,5.888878e+00,7.231287e+00
5.181784e+00,6.913737e+00,7.459915e+00,4.820282e+00,5.525453e+00,6.624065e+00,6.551080e+00,6.852243e+00,6.625392e+00,5.820083e+00,6.345636e+00,6.729824e+00,6.721426e+00,6.595781e+00,6.100319e+00,6.324359e+00,5.609472e+00,5.834811e+00,7.229839e+00
5.198497e+00,6.892642e+00,7.471932e+00,4.820282e+00,5.525453e+00,6.583409e+00,6.590301e+00,6.591674e+00,6.761573e+00,5.820083e+00,6.352629e+00,6.727432e+00,6.652863e+00,6.595781e+00,6.100319e+00,6.324359e+00,5.680173e+00,5.749393e+00,7.257708e+00
5.225747e+00,6.874198e+00,7.482119e+00,4.820282e+00,5.525453e+00,6.583409e+00,6.570883e+00,6.599870e+00,6.698268e+00,5.820083e+00,6.562444e+00,6.184149e+00,6.652863e+00,6.655440e+00,6.100319e+00,6.318968e+00,5.680173e+00,5.743003e+00,7.268920e+00
5.257495e+00,6.871091e+00,7.483807e+00,4.787492e+00,5.541264e+00,6.583409e+00,6.568078e+00,6.111467e+00,7.000334e+00,5.905362e+00,6.562444e+00,6.184149e+00,6.637258e+00,6.779922e+00,6.100319e+00,6.318968e+00,5.609472e+00,5.743003e+00,7.245655e+00
5.209486e+00,6.880384e+00,7.483807e+00,4.564348e+00,5.631212e+00,6.548219e+00,6.576470e+00,6.126869e+00,7.003974e+00,5.834811e+00,6.618739e+00,6.184149e+00,6.654153e+00,6.906755e+00,6.091310e+00,6.318968e+00,5.676754e+00,5.743003e+00,7.292337e+00
5.209486e+00,6.880384e+00,7.483244e+00,4.574711e+00,5.631212e+00,6.496775e+00,6.624065e+00,6.124683e+00,7.004882e+00,5.968708e+00,6.656727e+00,6.184149e+00,6.727432e+00,6.923629e+00,6.089045e+00,6.342121e+00,5.602119e+00,5.655992e+00,7.307202e+00
5.209486e+00,6.875232e+00,7.486053e+00,4.574711e+00,5.631212e+00,6.395262e+00,6.690842e+00,6.146329e+00,7.006695e+00,5.988961e+00,6.689599e+00,6.192362e+00,6.727432e+00,6.948897e+00,6.139885e+00,6.342121e+00,5.602119e+00,5.587249e+00,7.284135e+00
5.209486e+00,6.829794e+00,7.509883e+00,4.574711e+00,5.631212e+00,6.126869e+00,6.758095e+00,6.313548e+00,7.006695e+00,5.961005e+00,6.889591e+00,6.192362e+00,6.817831e+00,7.095064e+00,6.186209e+00,6.340359e+00,5.749393e+00,5.288267e+00,7.277939e+00
5.036953e+00,6.846943e+00,7.518064e+00,4.532599e+00,5.645447e+00,6.126869e+00,6.711740e+00,6.380123e+00,7.007601e+00,5.880533e+00,6.840547e+00,6.230481e+00,6.983790e+00,7.165493e+00,6.244167e+00,6.340359e+00,5.746203e+00,5.780744e+00,7.277939e+00
5.043425e+00,6.806829e+00,7.534763e+00,4.465908e+00,5.686975e+00,6.126869e+00,6.711740e+00,6.380123e+00,7.007601e+00,5.880533e+00,6.836259e+00,6.234411e+00,6.976348e+00,7.191429e+00,6.257668e+00,6.336826e+00,5.746203e+00,5.902633e+00,7.277939e+00
5.159055e+00,6.805723e+00,7.540622e+00,4.553877e+00,5.686975e+00,6.126869e+00,6.711740e+00,6.274762e+00,7.059618e+00,5.880533e+00,6.813445e+00,6.234411e+00,6.991177e+00,7.252762e+00,6.513230e+00,6.306275e+00,5.638355e+00,5.905362e+00,7.275865e+00
5.308268e+00,6.562444e+00,7.629004e+00,4.753590e+00,5.686975e+00,6.126869e+00,6.705639e+00,6.284134e+00,7.059618e+00,5.880533e+00,6.803505e+00,6.448889e+00,6.824374e+00,7.252762e+00,6.513230e+00,6.315358e+00,5.438079e+00,5.897154e+00,7.275172e+00
5.308268e+00,6.481577e+00,7.629004e+00,5.117994e+00,5.700444e+00,6.126869e+00,6.705639e+00,6.284134e+00,7.059618e+00,5.872118e+00,6.704414e+00,6.510258e+00,6.821107e+00,7.264730e+00,6.514713e+00,6.297109e+00,5.459586e+00,5.568345e+00,7.275172e+00
5.398163e+00,6.391917e+00,7.432484e+00,6.361302e+00,5.736572e+00,6.126869e+00,6.705639e+00,6.284134e+00,6.961296e+00,5.934894e+00,6.539586e+00,6.579251e+00,6.821107e+00,7.312553e+00,6.532334e+00,6.298949e+00,5.484797e+00,5.796058e+00,7.292337e+00
5.398163e+00,5.940171e+00,7.534228e+00,6.378426e+00,5.817111e+00,6.126869e+00,6.698268e+00,6.295266e+00,6.961296e+00,5.934894e+00,6.535241e+00,6.569481e+00,6.740519e+00,7.328437e+00,6.538140e+00,6.309918e+00,5.583496e+00,5.774552e+00,7.299121e+00
5.398163e+00,5.831882e+00,7.550661e+00,6.335054e+00,5.910797e+00,6.093570e+00,6.646391e+00,6.393591e+00,6.961296e+00,5.934894e+00,6.480045e+00,6.639876e+00,6.556778e+00,7.325808e+00,6.635947e+00,6.317165e+00,5.583496e+00,5.771441e+00,7.267525e+00
5.411646e+00,5.777652e+00,7.488294e+00,6.548219e+00,5.739793e+00,6.216606e+00,6.459904e+00,6.591674e+00,6.909753e+00,5.934894e+00,6.480045e+00,6.659294e+00,6.137727e+00,7.319202e+00,6.711740e+00,6.327937e+00,5.572154e+00,5.771441e+00,7.264030e+00
5.420535e+00,5.730100e+00,7.491088e+00,6.562444e+00,5.723585e+00,6.224558e+00,6.291569e+00,6.720220e+00,6.909753e+00,5.934894e+00,6.480045e+00,6.729824e+00,6.240276e+00,7.312553e+00,6.723832e+00,6.327937e+00,5.429346e+00,5.755742e+00,7.231287e+00
5.420535e+00,5.713733e+00,7.449498e+00,6.664409e+00,5.680173e+00,6.169611e+00,6.361302e+00,6.723832e+00,6.869014e+00,5.913503e+00,6.480045e+00,6.731018e+00,6.572283e+00,7.181592e+00,6.705639e+00,6.350886e+00,5.123964e+00,5.758902e+00,7.220374e+00
5.420535e+00,5.713733e+00,7.449498e+00,6.664409e+00,5.602119e+00,6.214608e+00,6.086775e+00,6.878326e+00,6.756932e+00,5.913503e+00,6.480045e+00,6.610696e+00,6.666957e+00,7.176255e+00,6.690842e+00,6.386879e+00,5.541264e+00,5.758902e+00,7.007601e+00
5.424950e+00,5.713733e+00,7.447168e+00,6.669498e+00,5.598422e+00,6.194405e+00,5.993961e+00,6.928538e+00,6.753438e+00,5.961005e+00,6.480045e+00,6.383507e+00,6.699500e+00,7.155396e+00,6.675823e+00,6.270988e+00,5.525453e+00,5.758902e+00,6.956545e+00
5.424950e+00,5.676754e+00,7.410952e+00,6.756932e+00,5.594711e+00,6.194405e+00,5.996452e+00,6.911747e+00,6.755769e+00,5.926926e+00,6.478510e+00,6.347389e+00,6.760415e+00,7.044033e+00,6.675823e+00,6.182085e+00,5.525453e+00,5.758902e+00,6.994850e+00
5.411646e+00,5.669881e+00,7.288928e+00,6.961296e+00,5.590987e+00,5.468060e+00,6.486161e+00,6.911747e+00,6.749931e+00,5.743003e+00,6.478510e+00,6.311735e+00,6.793466e+00,6.938284e+00,6.663133e+00,5.910797e+00,5.525453e+00,5.758902e+00,6.965080e+00
5.398163e+00,5.733341e+00,7.178545e+00,7.096721e+00,5.583496e+00,5.476464e+00,6.464588e+00,6.904751e+00,6.699500e+00,5.693732e+00,6.478510e+00,6.306275e+00,6.915723e+00,6.915723e+00,6.663133e+00,5.463832e+00,5.525453e+00,5.758902e+00,6.755769e+00
5.605802e+00,5.831882e+00,7.104144e+00,7.171657e+00,5.583496e+00,5.433722e+00,6.478510e+00,6.884487e+00,6.725034e+00,5.690359e+00,6.448889e+00,6.306275e+00,6.925595e+00,6.768493e+00,6.661855e+00,5.379897e+00,5.525453e+00,5.758902e+00,6.751101e+00
5.602119e+00,5.837730e+00,6.814543e+00,7.382746e+00,5.583496e+00,5.433722e+00,6.450470e+00,6.887553e+00,6.698268e+00,5.370638e+00,6.437752e+00,6.300786e+00,6.925595e+00,6.824374e+00,6.381816e+00,5.375278e+00,5.525453e+00,5.758902e+00,6.993015e+00
5.598422e+00,5.840642e+00,6.756932e+00,7.413970e+00,5.583496e+00,5.433722e+00,6.450470e+00,6.887553e+00,6.698268e+00,5.389072e+00,6.442540e+00,6.167516e+00,6.929517e+00,6.861711e+00,6.350886e+00,5.375278e+00,5.669881e+00,5.758902e+00,7.127694e+00
5.533389e+00,5.877736e+00,6.747587e+00,7.421178e+00,5.583496e+00,5.433722e+00,6.450470e+00,6.749931e+00,6.842683e+00,5.389072e+00,6.661855e+00,6.144186e+00,6.961296e+00,6.899723e+00,6.381816e+00,5.375278e+00,5.891644e+00,5.758902e+00,7.207119e+00
5.337538e+00,5.877736e+00,6.799056e+00,7.419980e+00,5.332719e+00,5.501258e+00,6.516193e+00,6.586172e+00,6.939254e+00,5.389072e+00,6.709304e+00,6.144186e+00,7.115582e+00,6.899723e+00,6.246107e+00,5.231109e+00,5.981414e+00,5.758902e+00,7.221105e+00
5.337538e+00,5.645447e+00,6.854355e+00,7.432484e+00,4.836282e+00,5.598422e+00,6.598509e+00,6.565265e+00,6.939254e+00,5.389072e+00,6.714171e+00,6.135565e+00,7.134094e+00,7.095893e+00,6.234411e+00,5.247024e+00,6.093570e+00,5.758902e+00,7.138867e+00
5.337538e+00,5.231109e+00,6.922644e+00,7.449498e+00,4.820282e+00,5.525453e+00,6.624065e+00,6.558198e+00,6.896694e+00,5.351858e+00,6.714171e+00,6.280396e+00,7.116394e+00,7.099202e+00,6.214608e+00,4.859812e+00,6.102559e+00,5.758902e+00,7.029973e+00
5.337538e+00,5.181784e+00,6.913737e+00,7.459915e+00,4.820282e+00,5.525453e+00,6.624065e+00,6.551080e+00,6.852243e+00,5.351858e+00,6.689599e+00,6.304449e+00,7.131699e+00,7.105786e+00,6.452049e+00,4.663439e+00,6.102559e+00,5.758902e+00,7.029973e+00
5.323010e+00,5.198497e+00,6.892642e+00,7.471932e+00,4.820282e+00,5.525453e+00,6.583409e+00,6.590301e+00,6.591674e+00,5.351858e+00,6.680855e+00,6.347389e+00,7.131699e+00,7.109879e+00,6.575076e+00,4.663439e+00,6.056784e+00,5.996452e+00,6.984716e+00
5.298317e+00,5.225747e+00,6.874198e+00,7.482119e+00,4.820282e+00,5.525453e+00,6.583409e+00,6.570883e+00,6.599870e+00,5.351858e+00,6.672033e+00,6.396930e+00,7.135687e+00,7.072422e+00,6.580639e+00,5.087596e+00,6.056784e+00,6.082219e+00,6.893656e+00
5.267858e+00,5.257495e+00,6.871091e+00,7.483807e+00,4.787492e+00,5.541264e+00,6.583409e+00,6.568078e+00,6.111467e+00,5.198497e+00,6.693324e+00,6.432940e+00,7.190676e+00,6.981006e+00,6.643790e+00,5.214936e+00,6.052089e+00,6.082219e+00,6.866933e+00
5.267858e+00,5.209486e+00,6.880384e+00,7.483807e+00,4.564348e+00,5.631212e+00,6.548219e+00,6.576470e+00,6.126869e+00,5.198497e+00,6.664409e+00,6.473891e+00,7.213768e+00,6.883463e+00,6.690842e+00,5.241747e+00,5.976351e+00,6.086775e+00,6.753438e+00
5.267858e+00,5.209486e+00,6.880384e+00,7.483244e+00,4.574711e+00,5.631212e+00,6.496775e+00,6.624065e+00,6.124683e+00,4.624973e+00,6.704414e+00,6.483107e+00,7.169350e+00,6.879356e+00,6.774224e+00,5.424950e+00,5.973810e+00,6.086775e+00,6.576470e+00
5.267858e+00,5.209486e+00,6.875232e+00,7.486053e+00,4.574711e+00,5.631212e+00,6.395262e+00,6.690842e+00,6.146329e+00,4.543295e+00,6.710523e+00,6.476972e+00,7.174724e+00,6.860664e+00,6.864848e+00,5.529429e+00,5.953243e+00,6.154858e+00,6.542472e+00
5.267858e+00,5.209486e+00,6.829794e+00,7.509883e+00,4.574711e+00,5.631212e+00,6.126869e+00,6.758095e+00,6.313548e+00,4.820282e+00,6.469250e+00,6.476972e+00,7.117206e+00,6.722630e+00,6.856462e+00,5.529429e+00,5.796058e+00,6.150603e+00,6.541030e+00
5.257495e+00,5.036953e+00,6.846943e+00,7.518064e+00,4.532599e+00,5.645447e+00,6.126869e+00,6.711740e+00,6.380123e+00,5.036953e+00,6.442540e+00,6.447306e+00,6.973543e+00,6.606650e+00,6.962243e+00,5.529429e+00,5.796058e+00,6.045005e+00,6.541030e+00
5.288267e+00,5.043425e+00,6.806829e+00,7.534763e+00,4.465908e+00,5.686975e+00,6.126869e+00,6.711740e+00,6.380123e+00,5.283204e+00,6.533789e+00,6.444131e+00,6.946976e+00,6.559615e+00,7.006695e+00,5.529429e+00,6.028279e+00,6.013715e+00,6.541030e+00
5.081404e+00,5.159055e+00,6.805723e+00,7.540622e+00,4.553877e+00,5.686975e+00,6.126869e+00,6.711740e+00,6.274762e+00,5.556828e+00,6.546785e+00,6.444131e+00,6.896694e+00,6.431331e+00,6.884487e+00,5.529429e+00,6.033086e+00,6.013715e+00,6.541030e+00
4.890349e+00,5.308268e+00,6.562444e+00,7.629004e+00,4.753590e+00,5.686975e+00,6.126869e+00,6.705639e+00,6.284134e+00,5.799093e+00,6.601230e+00,6.228511e+00,6.851185e+00,6.431331e+00,6.884487e+00,5.572154e+00,6.115892e+00,6.013715e+00,6.541030e+00
4.890349e+00,5.308268e+00,6.481577e+00,7.629004e+00,5.117994e+00,5.700444e+00,6.126869e+00,6.705639e+00,6.284134e+00,5.799093e+00,6.605298e+00,6.084499e+00,6.884487e+00,6.403574e+00,6.883463e+00,5.579730e+00,6.248043e+00,6.016157e+00,6.541030e+00
4.779123e+00,5.398163e+00,6.391917e+00,7.432484e+00,6.361302e+00,5.736572e+00,6.126869e+00,6.705639e+00,6.284134e+00,5.693732e+00,6.551080e+00,5.950643e+00,6.997596e+00,6.280396e+00,6.871091e+00,5.762051e+00,6.265301e+00,5.641907e+00,6.504288e+00
4.779123e+00,5.398163e+00,5.940171e+00,7.534228e+00,6.378426e+00,5.817111e+00,6.126869e+00,6.698268e+00,6.295266e+00,5.693732e+00,6.551080e+00,5.961005e+00,7.013915e+00,6.234411e+00,6.866933e+00,5.828946e+00,6.238325e+00,5.641907e+00,6.483107e+00
5.159055e+00,5.398163e+00,5.831882e+00,7.550661e+00,6.335054e+00,5.910797e+00,6.093570e+00,6.646391e+00,6.393591e+00,5.693732e+00,6.586172e+00,5.828946e+00,7.013915e+00,6.234411e+00,6.790097e+00,5.834811e+00,6.270988e+00,5.641907e+00,6.483107e+00
5.384495e+00,5.411646e+00,5.777652e+00,7.488294e+00,6.548219e+00,5.739793e+00,6.216606e+00,6.459904e+00,6.591674e+00,5.693732e+00,6.586172e+00,5.786897e+00,7.054450e+00,6.163315e+00,6.720220e+00,5.817111e+00,6.267201e+00,5.641907e+00,6.483107e+00
5.472271e+00,5.420535e+00,5.730100e+00,7.491088e+00,6.562444e+00,5.723585e+00,6.224558e+00,6.291569e+00,6.720220e+00,5.693732e+00,6.586172e+00,5.552960e+00,7.010312e+00,6.163315e+00,6.706862e+00,5.817111e+00,6.259581e+00,5.652489e+00,6.483107e+00
5.758902e+00,5.420535e+00,5.713733e+00,7.449498e+00,6.664409e+00,5.680173e+00,6.169611e+00,6.361302e+00,6.723832e+00,5.693732e+00,6.586172e+00,5.549076e+00,6.821107e+00,6.163315e+00,6.703188e+00,5.777652e+00,6.259581e+00,5.641907e+00,6.483107e+00
5.758902e+00,5.420535e+00,5.713733e+00,7.449498e+00,6.664409e+00,5.602119e+00,6.214608e+00,6.086775e+00,6.878326e+00,5.758902e+00,6.594413e+00,5.521461e+00,6.747587e+00,6.163315e+00,6.712956e+00,5.710427e+00,6.077642e+00,5.641907e+00,6.481577e+00
5.755742e+00,5.424950e+00,5.713733e+00,7.447168e+00,6.669498e+00,5.598422e+00,6.194405e+00,5.993961e+00,6.928538e+00,5.693732e+00,6.599870e+00,5.509388e+00,6.788972e+00,6.163315e+00,6.740519e+00,5.710427e+00,6.075346e+00,5.641907e+00,6.481577e+00
5.755742e+00,5.424950e+00,5.676754e+00,7.410952e+00,6.756932e+00,5.594711e+00,6.194405e+00,5.996452e+00,6.911747e+00,5.676754e+00,6.599870e+00,5.509388e+00,6.835185e+00,6.163315e+00,6.752270e+00,5.710427e+00,6.075346e+00,5.641907e+00,6.371612e+00
5.755742e+00,5.411646e+00,5.669881e+00,7.288928e+00,6.961296e+00,5.590987e+00,5.468060e+00,6.486161e+00,6.911747e+00,5.676754e+00,6.599870e+00,5.509388e+00,6.831954e+00,6.163315e+00,6.818924e+00,5.834811e+00,6.075346e+00,5.641907e+00,6.470800e+00
5.743003e+00,5.398163e+00,5.733341e+00,7.178545e+00,7.096721e+00,5.583496e+00,5.476464e+00,6.464588e+00,6.904751e+00,5.659482e+00,6.599870e+00,5.669881e+00,6.698268e+00,6.163315e+00,6.826545e+00,5.948035e+00,6.075346e+00,5.641907e+00,6.559615e+00
5.529429e+00,5.605802e+00,5.831882e+00,7.104144e+00,7.171657e+00,5.583496e+00,5.433722e+00,6.478510e+00,6.884487e+00,5.686975e+00,6.599870e+00,6.198479e+00,6.685861e+00,6.150603e+00,6.826545e+00,5.948035e+00,6.093570e+00,5.641907e+00,6.562444e+00
5.762051e+00,5.602119e+00,5.837730e+00,6.814543e+00,7.382746e+00,5.583496e+00,5.433722e+00,6.450470e+00,6.887553e+00,5.686975e+00,6.599870e+00,6.359574e+00,6.688355e+00,6.037871e+00,6.826545e+00,6.006353e+00,6.156979e+00,5.641907e+00,6.272877e+00
5.880533e+00,5.598422e+00,5.840642e+00,6.756932e+00,7.413970e+00,5.583496e+00,5.433722e+00,6.450470e+00,6.887553e+00,5.645447e+00,6.595781e+00,6.359574e+00,6.753438e+00,5.950643e+00,6.826545e+00,6.152733e+00,6.244167e+00,5.641907e+00,6.070738e+00
5.996452e+00,5.533389e+00,5.877736e+00,6.747587e+00,7.421178e+00,5.583496e+00,5.433722e+00,6.450470e+00,6.749931e+00,5.645447e+00,6.313548e+00,6.359574e+00,6.715383e+00,5.849325e+00,6.776507e+00,6.165418e+00,6.100319e+00,5.641907e+00,5.799093e+00
6.047372e+00,5.337538e+00,5.877736e+00,6.799056e+00,7.419980e+00,5.332719e+00,5.501258e+00,6.516193e+00,6.586172e+00,5.645447e+00,6.163315e+00,6.359574e+00,6.545350e+00,5.849325e+00,6.809039e+00,6.165418e+00,6.021023e+00,5.645447e+00,5.602119e+00
6.248043e+00,5.337538e+00,5.645447e+00,6.854355e+00,7.432484e+00,4.836282e+00,5.598422e+00,6.598509e+00,6.565265e+00,5.645447e+00,6.154858e+00,6.359574e+00,6.511745e+00,4.882802e+00,6.809039e+00,6.131226e+00,6.242223e+00,5.648974e+00,5.587249e+00
6.416732e+00,5.337538e+00,5.231109e+00,6.922644e+00,7.449498e+00,4.820282e+00,5.525453e+00,6.624065e+00,6.558198e+00,5.662960e+00,6.154858e+00,6.224558e+00,6.529419e+00,4.852030e+00,6.809039e+00,6.137727e+00,6.234411e+00,5.648974e+00,5.587249e+00
6.536692e+00,5.337538e+00,5.181784e+00,6.913737e+00,7.459915e+00,4.820282e+00,5.525453e+00,6.624065e+00,6.551080e+00,5.749393e+00,6.154858e+00,6.198479e+00,6.513230e+00,4.672829e+00,6.601230e+00,6.120297e+00,6.234411e+00,5.648974e+00,5.587249e+00
6.740519e+00,5.323010e+00,5.198497e+00,6.892642e+00,7.471932e+00,4.820282e+00,5.525453e+00,6.583409e+00,6.590301e+00,5.749393e+00,6.214608e+00,6.104793e+00,6.513230e+00,4.624973e+00,6.481577e+00,6.335054e+00,6.234411e+00,5.308268e+00,5.587249e+00
6.818924e+00,5.298317e+00,5.225747e+00,6.874198e+00,7.482119e+00,4.820282e+00,5.525453e+00,6.583409e+00,6.570883e+00,5.749393e+00,5.921578e+00,6.154858e+00,6.505784e+00,4.624973e+00,6.525030e+00,6.342121e+00,6.234411e+00,5.659482e+00,5.686975e+00
6.821107e+00,5.267858e+00,5.257495e+00,6.871091e+00,7.483807e+00,4.787492e+00,5.541264e+00,6.583409e+00,6.568078e+00,5.749393e+00,5.739793e+00,6.111467e+00,6.393591e+00,4.624973e+00,6.453625e+00,6.300786e+00,6.295266e+00,5.700444e+00,5.793014e+00
6.821107e+00,5.267858e+00,5.209486e+00,6.880384e+00,7.483807e+00,4.564348e+00,5.631212e+00,6.548219e+00,6.576470e+00,5.863631e+00,5.666427e+00,6.171701e+00,6.573680e+00,4.418841e+00,6.393591e+00,6.311735e+00,6.333280e+00,5.786897e+00,5.973810e+00
6.867974e+00,5.267858e+00,5.209486e+00,6.880384e+00,7.483244e+00,4.574711e+00,5.631212e+00,6.496775e+00,6.624065e+00,5.886104e+00,5.429346e+00,6.159095e+00,6.584791e+00,4.912655e+00,6.269096e+00,6.214608e+00,6.343880e+00,5.913503e+00,6.003887e+00
6.867974e+00,5.267858e+00,5.209486e+00,6.875232e+00,7.486053e+00,4.574711e+00,5.631212e+00,6.395262e+00,6.690842e+00,5.966147e+00,5.288267e+00,6.159095e+00,6.593045e+00,4.672829e+00,6.253829e+00,6.163315e+00,6.343880e+00,6.249975e+00,6.063785e+00
7.084226e+00,5.267858e+00,5.209486e+00,6.829794e+00,7.509883e+00,4.574711e+00,5.631212e+00,6.126869e+00,6.758095e+00,5.886104e+00,5.247024e+00,6.159095e+00,6.616065e+00,4.189655e+00,6.248043e+00,6.163315e+00,6.347389e+00,6.263398e+00,6.142037e+00
7.084226e+00,5.257495e+00,5.036953e+00,6.846943e+00,7.518064e+00,4.532599e+00,5.645447e+00,6.126869e+00,6.711740e+00,5.799093e+00,5.616771e+00,6.159095e+00,6.616065e+00,4.189655e+00,5.945421e+00,6.163315e+00,6.347389e+00,6.068426e+00,6.144186e+00
7.078342e+00,5.288267e+00,5.043425e+00,6.806829e+00,7.534763e+00,4.465908e+00,5.686975e+00,6.126869e+00,6.711740e+00,5.659482e+00,5.620401e+00,6.159095e+00,6.616065e+00,4.189655e+00,5.789960e+00,6.300786e+00,6.259581e+00,5.998937e+00,6.210600e+00
7.142037e+00,5.081404e+00,5.159055e+00,6.805723e+00,7.540622e+00,4.553877e+00,5.686975e+00,6.126869e+00,6.711740e+00,5.416100e+00,5.587249e+00,6.159095e+00,6.616065e+00,4.499810e+00,5.710427e+00,6.342121e+00,6.287859e+00,5.996452e+00,6.620073e+00
7.192934e+00,4.890349e+00,5.308268e+00,6.562444e+00,7.629004e+00,4.753590e+00,5.686975e+00,6.126869e+00,6.705639e+00,5.036953e+00,5.429346e+00,6.163315e+00,6.616065e+00,4.521789e+00,5.758902e+00,6.326149e+00,6.220590e+00,5.996452e+00,6.695799e+00
7.192934e+00,4.890349e+00,5.308268e+00,6.481577e+00,7.629004e+00,5.117994e+00,5.700444e+00,6.126869e+00,6.705639e+00,5.036953e+00,6.186209e+00,6.163315e+00,6.572283e+00,4.521789e+00,5.758902e+00,6.336826e+00,6.218600e+00,5.993961e+00,6.706862e+00
7.190676e+00,4.779123e+00,5.398163e+00,6.391917e+00,7.432484e+00,6.361302e+00,5.736572e+00,6.126869e+00,6.705639e+00,4.969813e+00,6.228511e+00,6.163315e+00,6.393591e+00,5.288267e+00,5.758902e+00,6.408529e+00,6.542472e+00,5.993961e+00,6.706862e+00
7.213768e+00,4.779123e+00,5.398163e+00,5.940171e+00,7.534228e+00,6.378426e+00,5.817111e+00,6.126869e+00,6.698268e+00,4.969813e+00,6.228511e+00,6.165418e+00,6.361302e+00,5.631212e+00,6.056784e+00,6.380123e+00,6.793466e+00,6.003887e+00,6.706862e+00
7.172425e+00,5.159055e+00,5.398163e+00,5.831882e+00,7.550661e+00,6.335054e+00,5.910797e+00,6.093570e+00,6.646391e+00,5.225747e+00,6.278521e+00,6.291569e+00,6.361302e+00,5.913503e+00,6.068426e+00,6.369901e+00,6.776507e+00,6.023448e+00,6.706862e+00
7.167809e+00,5.384495e+00,5.411646e+00,5.777652e+00,7.488294e+00,6.548219e+00,5.739793e+00,6.216606e+00,6.459904e+00,5.225747e+00,6.278521e+00,6.526495e+00,6.276643e+00,5.913503e+00,6.068426e+00,6.369901e+00,6.776507e+00,6.023448e+00,6.706862e+00
7.150701e+00,5.472271e+00,5.420535e+00,5.730100e+00,7.491088e+00,6.562444e+00,5.723585e+00,6.224558e+00,6.291569e+00,5.225747e+00,6.448889e+00,6.580639e+00,6.276643e+00,5.986452e+00,6.068426e+00,6.369901e+00,6.891626e+00,6.016157e+00,6.709304e+00
7.086738e+00,5.758902e+00,5.420535e+00,5.713733e+00,7.449498e+00,6.664409e+00,5.680173e+00,6.169611e+00,6.361302e+00,5.225747e+00,6.448889e+00,6.654153e+00,6.255750e+00,6.023448e+00,6.322565e+00,6.369901e+00,6.891626e+00,6.113682e+00,6.709304e+00
7.086738e+00,5.758902e+00,5.420535e+00,5.713733e+00,7.449498e+00,6.664409e+00,5.602119e+00,6.214608e+00,6.086775e+00,5.187386e+00,6.439350e+00,6.654153e+00,6.244167e+00,6.070738e+00,6.347389e+00,6.517671e+00,6.899723e+00,6.139885e+00,6.725034e+00
7.121252e+00,5.755742e+00,5.424950e+00,5.713733e+00,7.447168e+00,6.669498e+00,5.598422e+00,6.194405e+00,5.993961e+00,5.231109e+00,6.440947e+00,6.840547e+00,6.115892e+00,6.095825e+00,6.306275e+00,6.641182e+00,6.899723e+00,6.214608e+00,6.767343e+00
7.140453e+00,5.755742e+00,5.424950e+00,5.676754e+00,7.410952e+00,6.756932e+00,5.594711e+00,6.194405e+00,5.996452e+00,5.231109e+00,6.440947e+00,6.890609e+00,5.886104e+00,6.171701e+00,6.287859e+00,6.641182e+00,6.899723e+00,6.214608e+00,6.734592e+00
7.142827e+00,5.755742e+00,5.411646e+00,5.669881e+00,7.288928e+00,6.961296e+00,5.590987e+00,5.468060e+00,6.486161e+00,5.231109e+00,6.440947e+00,6.890609e+00,5.971262e+00,6.458338e+00,6.775366e+00,6.587550e+00,6.899723e+00,6.226537e+00,6.659294e+00
7.138867e+00,5.743003e+00,5.398163e+00,5.733341e+00,7.178545e+00,7.096721e+00,5.583496e+00,5.476464e+00,6.464588e+00,5.384495e+00,6.541030e+00,6.851185e+00,6.035481e+00,6.584791e+00,6.767343e+00,6.529419e+00,6.899723e+00,6.352629e+00,6.579251e+00
7.121252e+00,5.529429e+00,5.605802e+00,5.831882e+00,7.104144e+00,7.171657e+00,5.583496e+00,5.433722e+00,6.478510e+00,5.541264e+00,6.541030e+00,6.610696e+00,6.047372e+00,6.584791e+00,6.811244e+00,6.529419e+00,6.891626e+00,6.710523e+00,6.717805e+00
7.074963e+00,5.762051e+00,5.602119e+00,5.837730e+00,6.814543e+00,7.382746e+00,5.583496e+00,5.433722e+00,6.450470e+00,5.897154e+00,6.541030e+00,6.495266e+00,6.079933e+00,6.635947e+00,6.865891e+00,6.495266e+00,6.861711e+00,6.994850e+00,6.647688e+00
7.137278e+00,5.880533e+00,5.598422e+00,5.840642e+00,6.756932e+00,7.413970e+00,5.583496e+00,5.433722e+00,6.450470e+00,6.052089e+00,6.541030e+00,6.495266e+00,5.937536e+00,6.804615e+00,7.042286e+00,6.583409e+00,6.771936e+00,6.994850e+00,6.566672e+00
7.101676e+00,5.996452e+00,5.533389e+00,5.877736e+00,6.747587e+00,7.421178e+00,5.583496e+00,5.433722e+00,6.450470e+00,6.052089e+00,6.541030e+00,6.555357e+00,5.934894e+00,6.805723e+00,7.082549e+00,6.580639e+00,6.768493e+00,7.021976e+00,6.566672e+00
7.084226e+00,6.047372e+00,5.337538e+00,5.877736e+00,6.799056e+00,7.419980e+00,5.332719e+00,5.501258e+00,6.516193e+00,6.070738e+00,6.541030e+00,6.555357e+00,5.802118e+00,6.805723e+00,7.056175e+00,6.582025e+00,6.768493e+00,7.054450e+00,6.588926e+00
7.002156e+00,6.248043e+00,5.337538e+00,5.645447e+00,6.854355e+00,7.432484e+00,4.836282e+00,5.598422e+00,6.598509e+00,6.070738e+00,6.541030e+00,6.555357e+00,5.802118e+00,6.805723e+00,7.067320e+00,6.602588e+00,6.580639e+00,7.053586e+00,6.605298e+00
6.911747e+00,6.416732e+00,5.337538e+00,5.231109e+00,6.922644e+00,7.449498e+00,4.820282e+00,5.525453e+00,6.624065e+00,6.059123e+00,6.541030e+00,6.555357e+00,5.786897e+00,6.805723e+00,7.087574e+00,6.598509e+00,6.580639e+00,7.128496e+00,6.613384e+00
6.830874e+00,6.536692e+00,5.337538e+00,5.181784e+00,6.913737e+00,7.459915e+00,4.820282e+00,5.525453e+00,6.624065e+00,5.996452e+00,6.639876e+00,6.555357e+00,5.771441e+00,6.857514e+00,7.128496e+00,6.597146e+00,6.580639e+00,7.128496e+00,6.628041e+00
6.646391e+00,6.740519e+00,5.323010e+00,5.198497e+00,6.892642e+00,7.471932e+00,4.820282e+00,5.525453e+00,6.583409e+00,5.996452e+00,6.763885e+00,6.563856e+00,5.799093e+00,7.013915e+00,7.233455e+00,6.436150e+00,6.580639e+00,7.126087e+00,6.642487e+00
6.552508e+00,6.818924e+00,5.298317e+00,5.225747e+00,6.874198e+00,7.482119e+00,4.820282e+00,5.525453e+00,6.583409e+00,5.996452e+00,6.769642e+00,6.459904e+00,5.905362e+00,7.055313e+00,7.232733e+00,6.333280e+00,6.580639e+00,7.023759e+00,6.605298e+00
6.551080e+00,6.821107e+00,5.267858e+00,5.257495e+00,6.871091e+00,7.483807e+00,4.787492e+00,5.541264e+00,6.583409e+00,5.996452e+00,6.794587e+00,6.473891e+00,5.955837e+00,7.070724e+00,7.232733e+00,6.333280e+00,6.535241e+00,7.013016e+00,6.566672e+00
6.551080e+00,6.821107e+00,5.267858e+00,5.209486e+00,6.880384e+00,7.483807e+00,4.564348e+00,5.631212e+00,6.548219e+00,5.897154e+00,6.879356e+00,6.386879e+00,5.673323e+00,7.075809e+00,7.304516e+00,6.679599e+00,6.504288e+00,7.072422e+00,6.470800e+00
6.552508e+00,6.867974e+00,5.267858e+00,5.209486e+00,6.880384e+00,7.483244e+00,4.574711e+00,5.631212e+00,6.496775e+00,5.874931e+00,7.003065e+00,6.386879e+00,5.869297e+00,7.023759e+00,7.321189e+00,6.679599e+00,6.514713e+00,7.034388e+00,6.452049e+00
6.556778e+00,6.867974e+00,5.267858e+00,5.209486e+00,6.875232e+00,7.486053e+00,4.574711e+00,5.631212e+00,6.395262e+00,6.075346e+00,7.008505e+00,6.386879e+00,5.831882e+00,7.085901e+00,7.264030e+00,6.679599e+00,6.514713e+00,6.862758e+00,6.411818e+00
6.156979e+00,7.084226e+00,5.267858e+00,5.209486e+00,6.829794e+00,7.509883e+00,4.574711e+00,5.631212e+00,6.126869e+00,6.075346e+00,6.999422e+00,6.386879e+00,5.762051e+00,7.274480e+00,7.291656e+00,6.679599e+00,6.511745e+00,6.855409e+00,6.352629e+00
6.625392e+00,7.084226e+00,5.257495e+00,5.036953e+00,6.846943e+00,7.518064e+00,4.532599e+00,5.645447e+00,6.126869e+00,6.075346e+00,6.915723e+00,6.386879e+00,5.799093e+00,7.274480e+00,7.291656e+00,6.679599e+00,6.561031e+00,6.891626e+00,6.350886e+00
6.648985e+00,7.078342e+00,5.288267e+00,5.043425e+00,6.806829e+00,7.534763e+00,4.465908e+00,5.686975e+00,6.126869e+00,6.190315e+00,6.853299e+00,6.386879e+00,5.843544e+00,7.274480e+00,7.291656e+00,6.648985e+00,6.505784e+00,6.912743e+00,6.326149e+00
6.543912e+00,7.142037e+00,5.081404e+00,5.159055e+00,6.805723e+00,7.540622e+00,4.553877e+00,5.686975e+00,6.126869e+00,6.190315e+00,6.853299e+00,6.386879e+00,5.843544e+00,7.257708e+00,7.293018e+00,6.618739e+00,6.565265e+00,6.929517e+00,5.945421e+00
6.562444e+00,7.192934e+00,4.890349e+00,5.308268e+00,6.562444e+00,7.629004e+00,4.753590e+00,5.686975e+00,6.126869e+00,6.269096e+00,6.853299e+00,6.383507e+00,6.340359e+00,7.256297e+00,7.283448e+00,6.606650e+00,6.563856e+00,6.952729e+00,5.811141e+00
6.620073e+00,7.192934e+00,4.890349e+00,5.308268e+00,6.481577e+00,7.629004e+00,5.117994e+00,5.700444e+00,6.126869e+00,6.445720e+00,6.845880e+00,6.476972e+00,6.481577e+00,7.256297e+00,7.283448e+00,6.630683e+00,6.461468e+00,6.952729e+00,6.133398e+00
6.617403e+00,7.190676e+00,4.779123e+00,5.398163e+00,6.391917e+00,7.432484e+00,6.361302e+00,5.736572e+00,6.126869e+00,6.450470e+00,6.823286e+00,6.529419e+00,6.489205e+00,7.178545e+00,7.283448e+00,6.492240e+00,6.070738e+00,6.952729e+00,6.133398e+00
6.575076e+00,7.213768e+00,4.779123e+00,5.398163e+00,5.940171e+00,7.534228e+00,6.378426e+00,5.817111e+00,6.126869e+00,6.473891e+00,6.967909e+00,6.527958e+00,6.489205e+00,7.139660e+00,7.204893e+00,6.475433e+00,5.411646e+00,7.030857e+00,6.142037e+00
6.575076e+00,7.172425e+00,5.159055e+00,5.398163e+00,5.831882e+00,7.550661e+00,6.335054e+00,5.910797e+00,6.093570e+00,6.415097e+00,6.978214e+00,6.493754e+00,6.489205e+00,7.093405e+00,7.201171e+00,6.475433e+00,5.402677e+00,7.023759e+00,6.190315e+00
6.708084e+00,7.167809e+00,5.384495e+00,5.411646e+00,5.777652e+00,7.488294e+00,6.548219e+00,5.739793e+00,6.216606e+00,6.513230e+00,7.059618e+00,6.566672e+00,6.489205e+00,7.153052e+00,7.201171e+00,6.475433e+00,5.686975e+00,7.057037e+00,6.222576e+00
6.711740e+00,7.150701e+00,5.472271e+00,5.420535e+00,5.730100e+00,7.491088e+00,6.562444e+00,5.723585e+00,6.224558e+00,6.513230e+00,7.003065e+00,6.629363e+00,6.489205e+00,7.130899e+00,7.201171e+00,6.475433e+00,5.337538e+00,7.057037e+00,6.248043e+00
6.790097e+00,7.086738e+00,5.758902e+00,5.420535e+00,5.713733e+00,7.449498e+00,6.664409e+00,5.680173e+00,6.169611e+00,6.566672e+00,7.029088e+00,6.553933e+00,6.614726e+00,7.118826e+00,7.100852e+00,6.475433e+00,5.700444e+00,7.021084e+00,6.259581e+00
6.790097e+00,7.086738e+00,5.758902e+00,5.420535e+00,5.713733e+00,7.449498e+00,6.664409e+00,5.602119e+00,6.214608e+00,6.548219e+00,7.029088e+00,6.553933e+00,6.614726e+00,7.106606e+00,7.082549e+00,6.320768e+00,5.673323e+00,7.010312e+00,6.234411e+00
6.753438e+00,7.121252e+00,5.755742e+00,5.424950e+00,5.713733e+00,7.447168e+00,6.669498e+00,5.598422e+00,6.194405e+00,6.536692e+00,7.048386e+00,6.297109e+00,6.714171e+00,7.120444e+00,7.160846e+00,6.148468e+00,5.673323e+00,7.122867e+00,6.161207e+00
6.870053e+00,7.140453e+00,5.755742e+00,5.424950e+00,5.676754e+00,7.410952e+00,6.756932e+00,5.594711e+00,6.194405e+00,6.587550e+00,7.048386e+00,6.778785e+00,6.734592e+00,7.162397e+00,7.198931e+00,6.148468e+00,5.673323e+00,7.122867e+00,6.165418e+00
6.866933e+00,7.142827e+00,5.755742e+00,5.411646e+00,5.669881e+00,7.288928e+00,6.961296e+00,5.590987e+00,5.468060e+00,6.608001e+00,7.048386e+00,6.778785e+00,6.728629e+00,7.069023e+00,6.846943e+00,6.148468e+00,5.673323e+00,7.118016e+00,6.165418e+00
6.860664e+00,7.138867e+00,5.743003e+00,5.398163e+00,5.733341e+00,7.178545e+00,7.096721e+00,5.583496e+00,5.476464e+00,6.633318e+00,7.048386e+00,6.773080e+00,6.697034e+00,7.100852e+00,6.846943e+00,6.148468e+00,5.673323e+00,7.114769e+00,6.165418e+00
6.877296e+00,7.121252e+00,5.529429e+00,5.605802e+00,5.831882e+00,7.104144e+00,7.171657e+00,5.583496e+00,5.433722e+00,6.625392e+00,7.048386e+00,6.773080e+00,6.690842e+00,7.144407e+00,6.924612e+00,6.148468e+00,5.720312e+00,6.890609e+00,5.905362e+00
7.060476e+00,7.074963e+00,5.762051e+00,5.602119e+00,5.837730e+00,6.814543e+00,7.382746e+00,5.583496e+00,5.433722e+00,6.761573e+00,7.054450e+00,6.767343e+00,6.740519e+00,7.114769e+00,7.015712e+00,6.148468e+00,5.786897e+00,6.569481e+00,5.905362e+00
6.987490e+00,7.137278e+00,5.880533e+00,5.598422e+00,5.840642e+00,6.756932e+00,7.413970e+00,5.583496e+00,5.433722e+00,6.698268e+00,7.056175e+00,6.782192e+00,6.742881e+00,7.022868e+00,6.834109e+00,5.837730e+00,5.786897e+00,6.569481e+00,5.905362e+00
6.988413e+00,7.101676e+00,5.996452e+00,5.533389e+00,5.877736e+00,6.747587e+00,7.421178e+00,5.583496e+00,5.433722e+00,7.000334e+00,7.056175e+00,6.790097e+00,6.742881e+00,7.067320e+00,6.800170e+00,5.826000e+00,5.789960e+00,6.526495e+00,5.905362e+00
6.988413e+00,7.084226e+00,6.047372e+00,5.337538e+00,5.877736e+00,6.799056e+00,7.419980e+00,5.332719e+00,5.501258e+00,7.003974e+00,7.056175e+00,6.790097e+00,6.775366e+00,7.143618e+00,6.778785e+00,5.823046e+00,6.047372e+00,6.469250e+00,5.860786e+00
7.049255e+00,7.002156e+00,6.248043e+00,5.337538e+00,5.645447e+00,6.854355e+00,7.432484e+00,4.836282e+00,5.598422e+00,7.004882e+00,7.056175e+00,6.790097e+00,6.775366e+00,7.232010e+00,6.763885e+00,5.777652e+00,6.047372e+00,6.469250e+00,5.826000e+00
7.049255e+00,6.911747e+00,6.416732e+00,5.337538e+00,5.231109e+00,6.922644e+00,7.449498e+00,4.820282e+00,5.525453e+00,7.006695e+00,7.056175e+00,6.790097e+00,6.767343e+00,7.261927e+00,6.735780e+00,5.777652e+00,6.095825e+00,6.318968e+00,5.808142e+00
7.049255e+00,6.830874e+00,6.536692e+00,5.337538e+00,5.181784e+00,6.913737e+00,7.459915e+00,4.820282e+00,5.525453e+00,7.006695e+00,6.992096e+00,6.807935e+00,7.011214e+00,7.277939e+00,6.838405e+00,5.783825e+00,6.095825e+00,6.318968e+00,5.774552e+00
7.049255e+00,6.646391e+00,6.740519e+00,5.323010e+00,5.198497e+00,6.892642e+00,7.471932e+00,4.820282e+00,5.525453e+00,7.007601e+00,6.864848e+00,6.794587e+00,7.003065e+00,7.250636e+00,6.688355e+00,5.786897e+00,6.095825e+00,6.318968e+00,5.739793e+00
7.050989e+00,6.552508e+00,6.818924e+00,5.298317e+00,5.225747e+00,6.874198e+00,7.482119e+00,4.820282e+00,5.525453e+00,7.007601e+00,6.859615e+00,6.793466e+00,6.968850e+00,7.226936e+00,6.661855e+00,5.786897e+00,6.095825e+00,6.318968e+00,5.739793e+00
7.095064e+00,6.551080e+00,6.821107e+00,5.267858e+00,5.257495e+00,6.871091e+00,7.483807e+00,4.787492e+00,5.541264e+00,7.059618e+00,6.836259e+00,6.781058e+00,6.950815e+00,7.243513e+00,6.661855e+00,5.929589e+00,6.095825e+00,6.318968e+00,5.799093e+00
7.095893e+00,6.551080e+00,6.821107e+00,5.267858e+00,5.209486e+00,6.880384e+00,7.483807e+00,4.564348e+00,5.631212e+00,7.059618e+00,6.747587e+00,6.788972e+00,6.884487e+00,7.244942e+00,6.523562e+00,5.811141e+00,6.095825e+00,6.126869e+00,5.799093e+00
7.057898e+00,6.552508e+00,6.867974e+00,5.267858e+00,5.209486e+00,6.880384e+00,7.483244e+00,4.574711e+00,5.631212e+00,7.059618e+00,6.584791e+00,6.788972e+00,6.809039e+00,7.242798e+00,6.486161e+00,5.971262e+00,6.066108e+00,6.182085e+00,5.799093e+00
7.055313e+00,6.556778e+00,6.867974e+00,5.267858e+00,5.209486e+00,6.875232e+00,7.486053e+00,4.574711e+00,5.631212e+00,6.961296e+00,6.573680e+00,6.788972e+00,6.809039e+00,7.225481e+00,6.464588e+00,6.122493e+00,6.182085e+00,6.259581e+00,5.828946e+00
7.055313e+00,6.156979e+00,7.084226e+00,5.267858e+00,5.209486e+00,6.829794e+00,7.509883e+00,4.574711e+00,5.631212e+00,6.961296e+00,6.573680e+00,6.788972e+00,6.981935e+00,7.185387e+00,6.381816e+00,6.224558e+00,6.375025e+00,6.308098e+00,6.011267e+00
6.776507e+00,6.625392e+00,7.084226e+00,5.257495e+00,5.036953e+00,6.846943e+00,7.518064e+00,4.532599e+00,5.645447e+00,6.961296e+00,6.573680e+00,6.788972e+00,7.050123e+00,7.309881e+00,6.381816e+00,6.224558e+00,6.342121e+00,6.285998e+00,6.198479e+00
6.887553e+00,6.648985e+00,7.078342e+00,5.288267e+00,5.043425e+00,6.806829e+00,7.534763e+00,4.465908e+00,5.686975e+00,6.909753e+00,6.573680e+00,6.788972e+00,7.037028e+00,7.332369e+00,6.381816e+00,6.200509e+00,6.406880e+00,6.415097e+00,6.161207e+00
6.945051e+00,6.543912e+00,7.142037e+00,5.081404e+00,5.159055e+00,6.805723e+00,7.540622e+00,4.553877e+00,5.686975e+00,6.909753e+00,6.573680e+00,6.788972e+00,7.037028e+00,7.370860e+00,6.410175e+00,6.228511e+00,6.306275e+00,6.386879e+00,6.028279e+00
6.867974e+00,6.562444e+00,7.192934e+00,4.890349e+00,5.308268e+00,6.562444e+00,7.629004e+00,4.753590e+00,5.686975e+00,6.869014e+00,6.573680e+00,6.800170e+00,6.820016e+00,7.388946e+00,6.436150e+00,6.632002e+00,6.306275e+00,6.345636e+00,6.006353e+00
6.967909e+00,6.620073e+00,7.192934e+00,4.890349e+00,5.308268e+00,6.481577e+00,7.629004e+00,5.117994e+00,5.700444e+00,6.756932e+00,6.135565e+00,6.793466e+00,6.768493e+00,7.388946e+00,6.437752e+00,6.648985e+00,6.434547e+00,6.345636e+00,5.598422e+00
6.976348e+00,6.617403e+00,7.190676e+00,4.779123e+00,5.398163e+00,6.391917e+00,7.432484e+00,6.361302e+00,5.736572e+00,6.753438e+00,6.135565e+00,6.797940e+00,6.796824e+00,7.446001e+00,6.444131e+00,6.742881e+00,6.508769e+00,6.345636e+00,5.598422e+00
6.979145e+00,6.575076e+00,7.213768e+00,4.779123e+00,5.398163e+00,5.940171e+00,7.534228e+00,6.378426e+00,5.817111e+00,6.755769e+00,5.765191e+00,6.838405e+00,6.796824e+00,7.431892e+00,6.444131e+00,6.742881e+00,6.543912e+00,6.175867e+00,5.613128e+00
7.055313e+00,6.575076e+00,7.172425e+00,5.159055e+00,5.398163e+00,5.831882e+00,7.550661e+00,6.335054e+00,5.910797e+00,6.749931e+00,5.828946e+00,6.788972e+00,6.802395e+00,7.412160e+00,6.444131e+00,6.742881e+00,6.558198e+00,6.175867e+00,6.142037e+00
7.102499e+00,6.708084e+00,7.167809e+00,5.384495e+00,5.411646e+00,5.777652e+00,7.488294e+00,6.548219e+00,5.739793e+00,6.699500e+00,5.934894e+00,6.542472e+00,6.874198e+00,7.367077e+00,6.444131e+00,6.742881e+00,6.452049e+00,6.093570e+00,6.107023e+00
7.318540e+00,6.711740e+00,7.150701e+00,5.472271e+00,5.420535e+00,5.730100e+00,7.491088e+00,6.562444e+00,5.723585e+00,6.725034e+00,5.840642e+00,6.484635e+00,6.878326e+00,7.372118e+00,6.444131e+00,6.742881e+00,6.419995e+00,6.093570e+00,6.077642e+00
7.372746e+00,6.790097e+00,7.086738e+00,5.758902e+00,5.420535e+00,5.713733e+00,7.449498e+00,6.664409e+00,5.680173e+00,6.698268e+00,5.752573e+00,6.620073e+00,6.783325e+00,7.373374e+00,6.444131e+00,6.742881e+00,6.259581e+00,6.091310e+00,6.261492e+00
7.386471e+00,6.790097e+00,7.086738e+00,5.758902e+00,5.420535e+00,5.713733e+00,7.449498e+00,6.664409e+00,5.602119e+00,6.698268e+00,5.765191e+00,6.620073e+00,6.783325e+00,7.370231e+00,6.444131e+00,6.742881e+00,6.259581e+00,6.091310e+00,6.287859e+00
7.383368e+00,6.753438e+00,7.121252e+00,5.755742e+00,5.424950e+00,5.713733e+00,7.447168e+00,6.669498e+00,5.598422e+00,6.842683e+00,5.700444e+00,6.620073e+00,6.690842e+00,7.352441e+00,6.276643e+00,6.741701e+00,6.259581e+00,5.613128e+00,6.293419e+00
7.299797e+00,6.870053e+00,7.140453e+00,5.755742e+00,5.424950e+00,5.676754e+00,7.410952e+00,6.756932e+00,5.594711e+00,6.939254e+00,5.717028e+00,5.902633e+00,6.694562e+00,7.294377e+00,6.177944e+00,6.741701e+00,6.259581e+00,5.638355e+00,6.289716e+00
7.299797e+00,6.866933e+00,7.142827e+00,5.755742e+00,5.411646e+00,5.669881e+00,7.288928e+00,6.961296e+00,5.590987e+00,6.939254e+00,5.717028e+00,6.154858e+00,6.639876e+00,7.264030e+00,6.177944e+00,6.741701e+00,6.263398e+00,5.638355e+00,6.329721e+00
7.299121e+00,6.860664e+00,7.138867e+00,5.743003e+00,5.398163e+00,5.733341e+00,7.178545e+00,7.096721e+00,5.583496e+00,6.896694e+00,5.472271e+00,6.194405e+00,6.641182e+00,7.173192e+00,6.177944e+00,6.863803e+00,6.493754e+00,5.379897e+00,6.329721e+00
7.287561e+00,6.877296e+00,7.121252e+00,5.529429e+00,5.605802e+00,5.831882e+00,7.104144e+00,7.171657e+00,5.583496e+00,6.852243e+00,5.472271e+00,6.230481e+00,6.723832e+00,7.175490e+00,5.905362e+00,6.863803e+00,6.572283e+00,5.379897e+00,6.329721e+00
7.155396e+00,7.060476e+00,7.074963e+00,5.762051e+00,5.602119e+00,5.837730e+00,6.814543e+00,7.382746e+00,5.583496e+00,6.591674e+00,5.442418e+00,6.236370e+00,6.709304e+00,7.231287e+00,5.389072e+00,6.931472e+00,6.584791e+00,5.446737e+00,6.329721e+00
7.128496e+00,6.987490e+00,7.137278e+00,5.880533e+00,5.598422e+00,5.840642e+00,6.756932e+00,7.413970e+00,5.583496e+00,6.599870e+00,5.587249e+00,6.210600e+00,6.710523e+00,7.256297e+00,5.389072e+00,6.931472e+00,6.654153e+00,5.971262e+00,6.329721e+00
7.127694e+00,6.988413e+00,7.101676e+00,5.996452e+00,5.533389e+00,5.877736e+00,6.747587e+00,7.421178e+00,5.583496e+00,6.111467e+00,5.605802e+00,6.230481e+00,6.710523e+00,7.221836e+00,5.407172e+00,6.931472e+00,6.652863e+00,5.971262e+00,6.329721e+00
7.127694e+00,6.988413e+00,7.084226e+00,6.047372e+00,5.337538e+00,5.877736e+00,6.799056e+00,7.419980e+00,5.332719e+00,6.126869e+00,5.620401e+00,6.558198e+00,6.675823e+00,7.180070e+00,5.407172e+00,6.934397e+00,6.520621e+00,5.971262e+00,6.335054e+00
7.071573e+00,7.049255e+00,7.002156e+00,6.248043e+00,5.337538e+00,5.645447e+00,6.854355e+00,7.432484e+00,4.836282e+00,6.124683e+00,5.620401e+00,6.588926e+00,6.675823e+00,7.087574e+00,5.407172e+00,6.981006e+00,6.520621e+00,5.981414e+00,6.343880e+00
7.071573e+00,7.049255e+00,6.911747e+00,6.416732e+00,5.337538e+00,5.231109e+00,6.922644e+00,7.449498e+00,4.820282e+00,6.146329e+00,5.620401e+00,6.588926e+00,6.675823e+00,7.051856e+00,5.407172e+00,6.996681e+00,6.523562e+00,5.986452e+00,6.347389e+00
7.215240e+00,7.049255e+00,6.830874e+00,6.536692e+00,5.337538e+00,5.181784e+00,6.913737e+00,7.459915e+00,4.820282e+00,6.313548e+00,5.758902e+00,6.566672e+00,6.432940e+00,6.988413e+00,4.406719e+00,6.994850e+00,6.535241e+00,6.154858e+00,6.347389e+00
7.238497e+00,7.049255e+00,6.646391e+00,6.740519e+00,5.323010e+00,5.198497e+00,6.892642e+00,7.471932e+00,4.820282e+00,6.380123e+00,5.758902e+00,6.618739e+00,6.685861e+00,6.869014e+00,4.477337e+00,7.033506e+00,6.535241e+00,6.200509e+00,6.347389e+00
7.237059e+00,7.050989e+00,6.552508e+00,6.818924e+00,5.298317e+00,5.225747e+00,6.874198e+00,7.482119e+00,4.820282e+00,6.380123e+00,6.102559e+00,6.618739e+00,6.749931e+00,6.899723e+00,4.820282e+00,7.149132e+00,6.535241e+00,6.200509e+00,6.347389e+00
7.226209e+00,7.095064e+00,6.551080e+00,6.821107e+00,5.267858e+00,5.257495e+00,6.871091e+00,7.483807e+00,4.787492e+00,6.274762e+00,6.148468e+00,6.625392e+00,6.749931e+00,6.902743e+00,4.820282e+00,7.412764e+00,6.535241e+00,6.200509e+00,6.304449e+00
7.225481e+00,7.095893e+00,6.551080e+00,6.821107e+00,5.267858e+00,5.209486e+00,6.880384e+00,7.483807e+00,4.564348e+00,6.284134e+00,6.148468e+00,6.616065e+00,6.749931e+00,6.894670e+00,4.804021e+00,7.283448e+00,6.535241e+00,6.276643e+00,6.322565e+00
7.242798e+00,7.057898e+00,6.552508e+00,6.867974e+00,5.267858e+00,5.209486e+00,6.880384e+00,7.483244e+00,4.574711e+00,6.284134e+00,6.154858e+00,6.616065e+00,6.749931e+00,6.891626e+00,4.804021e+00,7.242798e+00,6.535241e+00,6.226537e+00,6.393591e+00
7.243513e+00,7.055313e+00,6.556778e+00,6.867974e+00,5.267858e+00,5.209486e+00,6.875232e+00,7.486053e+00,4.574711e+00,6.284134e+00,6.154858e+00,6.616065e+00,6.767343e+00,6.841615e+00,4.897840e+00,7.195937e+00,6.455199e+00,6.146329e+00,6.405228e+00
7.243513e+00,7.055313e+00,6.156979e+00,7.084226e+00,5.267858e+00,5.209486e+00,6.829794e+00,7.509883e+00,4.574711e+00,6.295266e+00,6.202536e+00,6.666957e+00,6.556778e+00,6.726233e+00,5.236442e+00,7.158514e+00,6.278521e+00,6.089045e+00,6.396930e+00
7.245655e+00,6.776507e+00,6.625392e+00,7.084226e+00,5.257495e+00,5.036953e+00,6.846943e+00,7.518064e+00,4.532599e+00,6.393591e+00,6.202536e+00,6.666957e+00,6.536692e+00,6.490724e+00,5.402677e+00,7.159292e+00,6.263398e+00,6.033086e+00,6.318968e+00
7.238497e+00,6.887553e+00,6.648985e+00,7.078342e+00,5.288267e+00,5.043425e+00,6.806829e+00,7.534763e+00,4.465908e+00,6.591674e+00,6.284134e+00,6.666957e+00,6.806829e+00,6.437752e+00,6.216606e+00,7.132498e+00,6.226537e+00,5.774552e+00,6.385194e+00
7.199678e+00,6.945051e+00,6.543912e+00,7.142037e+00,5.081404e+00,5.159055e+00,6.805723e+00,7.540622e+00,4.553877e+00,6.720220e+00,6.391917e+00,6.666957e+00,6.806829e+00,6.336826e+00,6.177944e+00,7.167809e+00,6.226537e+00,5.774552e+00,6.357842e+00
7.200425e+00,6.867974e+00,6.562444e+00,7.192934e+00,4.890349e+00,5.308268e+00,6.562444e+00,7.629004e+00,4.753590e+00,6.723832e+00,6.391917e+00,6.654153e+00,6.806829e+00,6.733402e+00,6.142037e+00,6.951772e+00,6.226537e+00,5.774552e+00,6.386879e+00
7.087574e+00,6.967909e+00,6.620073e+00,7.192934e+00,4.890349e+00,5.308268e+00,6.481577e+00,7.629004e+00,5.117994e+00,6.878326e+00,6.391917e+00,6.610696e+00,6.761573e+00,6.781058e+00,6.142037e+00,6.961296e+00,6.118097e+00,5.774552e+00,6.386879e+00
7.085064e+00,6.976348e+00,6.617403e+00,7.190676e+00,4.779123e+00,5.398163e+00,6.391917e+00,7.432484e+00,6.361302e+00,6.928538e+00,6.405228e+00,6.556778e+00,6.778785e+00,6.697034e+00,6.133398e+00,6.914731e+00,6.006353e+00,5.774552e+00,6.390241e+00
7.082549e+00,6.979145e+00,6.575076e+00,7.213768e+00,4.779123e+00,5.398163e+00,5.940171e+00,7.534228e+00,6.378426e+00,6.911747e+00,6.405228e+00,6.496775e+00,6.778785e+00,6.801283e+00,6.163315e+00,6.914731e+00,5.945421e+00,5.774552e+00,6.432940e+00
7.008505e+00,7.055313e+00,6.575076e+00,7.172425e+00,5.159055e+00,5.398163e+00,5.831882e+00,7.550661e+00,6.335054e+00,6.911747e+00,6.257668e+00,6.723832e+00,6.773080e+00,6.810142e+00,6.274762e+00,6.914731e+00,6.212606e+00,5.774552e+00,6.144186e+00
6.809039e+00,7.102499e+00,6.708084e+00,7.167809e+00,5.384495e+00,5.411646e+00,5.777652e+00,7.488294e+00,6.548219e+00,6.904751e+00,6.070738e+00,6.751101e+00,6.719013e+00,6.809039e+00,6.416732e+00,6.926577e+00,6.208590e+00,5.774552e+00,6.150603e+00
6.413459e+00,7.318540e+00,6.711740e+00,7.150701e+00,5.472271e+00,5.420535e+00,5.730100e+00,7.491088e+00,6.562444e+00,6.884487e+00,6.655440e+00,6.697034e+00,6.776507e+00,6.805723e+00,6.424869e+00,6.939254e+00,6.340359e+00,5.774552e+00,6.146329e+00
6.129050e+00,7.372746e+00,6.790097e+00,7.086738e+00,5.758902e+00,5.420535e+00,5.713733e+00,7.449498e+00,6.664409e+00,6.887553e+00,6.655440e+00,6.840547e+00,6.779922e+00,6.803505e+00,6.569481e+00,7.034388e+00,6.483107e+00,5.774552e+00,5.921578e+00
6.093570e+00,7.386471e+00,6.790097e+00,7.086738e+00,5.758902e+00,5.420535e+00,5.713733e+00,7.449498e+00,6.664409e+00,6.887553e+00,6.785588e+00,6.840547e+00,6.779922e+00,6.803505e+00,6.722630e+00,7.130099e+00,6.525030e+00,5.774552e+00,5.883322e+00
6.082219e+00,7.383368e+00,6.753438e+00,7.121252e+00,5.755742e+00,5.424950e+00,5.713733e+00,7.447168e+00,6.669498e+00,6.749931e+00,6.931472e+00,6.840547e+00,6.788972e+00,6.858565e+00,6.723832e+00,7.130099e+00,6.525030e+00,5.774552e+00,5.874931e+00
6.079933e+00,7.299797e+00,6.870053e+00,7.140453e+00,5.755742e+00,5.424950e+00,5.676754e+00,7.410952e+00,6.756932e+00,6.586172e+00,7.012115e+00,6.840547e+00,6.767343e+00,6.916715e+00,6.726233e+00,7.130099e+00,6.760415e+00,5.752573e+00,5.874931e+00
6.079933e+00,7.299797e+00,6.866933e+00,7.142827e+00,5.755742e+00,5.411646e+00,5.669881e+00,7.288928e+00,6.961296e+00,6.565265e+00,7.110696e+00,6.721426e+00,6.762730e+00,6.942157e+00,6.919684e+00,7.130099e+00,6.802395e+00,6.202536e+00,5.811141e+00
6.079933e+00,7.299121e+00,6.860664e+00,7.138867e+00,5.743003e+00,5.398163e+00,5.733341e+00,7.178545e+00,7.096721e+00,6.558198e+00,7.120444e+00,6.698268e+00,6.761573e+00,6.942157e+00,6.928538e+00,7.037906e+00,6.902743e+00,6.434547e+00,5.811141e+00
6.098074e+00,7.287561e+00,6.877296e+00,7.121252e+00,5.529429e+00,5.605802e+00,5.831882e+00,7.104144e+00,7.171657e+00,6.551080e+00,7.120444e+00,6.675823e+00,6.732211e+00,6.935370e+00,6.950815e+00,7.056175e+00,6.831954e+00,6.434547e+00,5.894403e+00
6.311735e+00,7.155396e+00,7.060476e+00,7.074963e+00,5.762051e+00,5.602119e+00,5.837730e+00,6.814543e+00,7.382746e+00,6.590301e+00,7.120444e+00,6.672033e+00,6.699500e+00,6.870053e+00,6.967909e+00,6.996681e+00,6.917706e+00,6.410175e+00,5.916202e+00
6.311735e+00,7.128496e+00,6.987490e+00,7.137278e+00,5.880533e+00,5.598422e+00,5.840642e+00,6.756932e+00,7.413970e+00,6.570883e+00,7.089243e+00,6.675823e+00,6.695799e+00,6.881411e+00,7.031741e+00,6.996681e+00,6.889591e+00,6.104793e+00,6.049733e+00
6.403574e+00,7.127694e+00,6.988413e+00,7.101676e+00,5.996452e+00,5.533389e+00,5.877736e+00,6.747587e+00,7.421178e+00,6.568078e+00,7.086738e+00,6.599870e+00,6.826545e+00,7.173192e+00,7.014814e+00,6.996681e+00,6.889591e+00,6.104793e+00,6.056784e+00
6.405228e+00,7.127694e+00,6.988413e+00,7.084226e+00,6.047372e+00,5.337538e+00,5.877736e+00,6.799056e+00,7.419980e+00,6.576470e+00,7.171657e+00,6.287859e+00,6.826545e+00,7.145196e+00,7.014814e+00,6.995766e+00,6.890609e+00,6.104793e+00,6.139885e+00
6.410175e+00,7.071573e+00,7.049255e+00,7.002156e+00,6.248043e+00,5.337538e+00,5.645447e+00,6.854355e+00,7.432484e+00,6.624065e+00,7.189922e+00,6.246107e+00,6.846943e+00,7.144407e+00,7.217443e+00,6.950815e+00,6.929517e+00,6.095825e+00,6.295266e+00
6.410175e+00,7.071573e+00,7.049255e+00,6.911747e+00,6.416732e+00,5.337538e+00,5.231109e+00,6.922644e+00,7.449498e+00,6.690842e+00,7.189922e+00,6.278521e+00,6.849066e+00,7.144407e+00,7.292337e+00,6.991177e+00,7.000334e+00,6.091310e+00,6.298949e+00
6.054439e+00,7.215240e+00,7.049255e+00,6.830874e+00,6.536692e+00,5.337538e+00,5.181784e+00,6.913737e+00,7.459915e+00,6.758095e+00,7.295735e+00,6.278521e+00,6.769642e+00,7.144407e+00,7.347944e+00,6.991177e+00,7.013915e+00,5.910797e+00,6.496775e+00
5.976351e+00,7.238497e+00,7.049255e+00,6.646391e+00,6.740519e+00,5.323010e+00,5.198497e+00,6.892642e+00,7.471932e+00,6.711740e+00,7.511525e+00,6.204558e+00,6.539586e+00,7.144407e+00,7.338888e+00,6.949856e+00,7.024649e+00,5.849325e+00,6.862758e+00
5.978886e+00,7.237059e+00,7.050989e+00,6.552508e+00,6.818924e+00,5.298317e+00,5.225747e+00,6.874198e+00,7.482119e+00,6.711740e+00,7.451242e+00,6.204558e+00,6.459904e+00,7.109062e+00,7.418181e+00,6.806829e+00,7.107425e+00,5.874931e+00,6.874198e+00
5.877736e+00,7.226209e+00,7.095064e+00,6.551080e+00,6.821107e+00,5.267858e+00,5.257495e+00,6.871091e+00,7.483807e+00,6.711740e+00,7.482682e+00,6.194405e+00,6.459904e+00,7.072422e+00,7.466228e+00,6.152733e+00,7.130099e+00,6.226537e+00,7.095064e+00
6.042633e+00,7.225481e+00,7.095893e+00,6.551080e+00,6.821107e+00,5.267858e+00,5.209486e+00,6.880384e+00,7.483807e+00,6.705639e+00,7.488294e+00,6.194405e+00,6.459904e+00,7.072422e+00,7.466228e+00,6.150603e+00,7.153052e+00,6.159095e+00,7.086738e+00
5.983936e+00,7.242798e+00,7.057898e+00,6.552508e+00,6.867974e+00,5.267858e+00,5.209486e+00,6.880384e+00,7.483244e+00,6.705639e+00,7.486613e+00,6.194405e+00,6.459904e+00,7.072422e+00,7.466228e+00,6.150603e+00,7.153052e+00,6.159095e+00,7.051856e+00
5.981414e+00,7.243513e+00,7.055313e+00,6.556778e+00,6.867974e+00,5.267858e+00,5.209486e+00,6.875232e+00,7.486053e+00,6.705639e+00,7.486613e+00,6.381816e+00,6.440947e+00,7.072422e+00,7.459339e+00,6.150603e+00,7.153052e+00,6.159095e+00,7.037028e+00
5.981414e+00,7.243513e+00,7.055313e+00,6.156979e+00,7.084226e+00,5.267858e+00,5.209486e+00,6.829794e+00,7.509883e+00,6.698268e+00,7.473637e+00,6.313548e+00,6.529419e+00,6.991177e+00,7.427739e+00,6.150603e+00,7.153052e+00,6.159095e+00,6.980076e+00
6.008813e+00,7.245655e+00,6.776507e+00,6.625392e+00,7.084226e+00,5.257495e+00,5.036953e+00,6.846943e+00,7.518064e+00,6.646391e+00,7.473637e+00,6.439350e+00,6.532334e+00,7.086738e+00,7.420579e+00,6.148468e+00,7.147559e+00,6.159095e+00,6.961296e+00
5.690359e+00,7.238497e+00,6.887553e+00,6.648985e+00,7.078342e+00,5.288267e+00,5.043425e+00,6.806829e+00,7.534763e+00,6.459904e+00,7.449498e+00,6.704414e+00,6.159095e+00,7.091742e+00,7.237778e+00,6.148468e+00,7.132498e+00,6.159095e+00,6.949856e+00
5.669881e+00,7.199678e+00,6.945051e+00,6.543912e+00,7.142037e+00,5.081404e+00,5.159055e+00,6.805723e+00,7.540622e+00,6.291569e+00,7.413367e+00,6.708084e+00,6.526495e+00,7.095893e+00,7.237778e+00,6.013715e+00,7.132498e+00,6.159095e+00,6.949856e+00
5.659482e+00,7.200425e+00,6.867974e+00,6.562444e+00,7.192934e+00,4.890349e+00,5.308268e+00,6.562444e+00,7.629004e+00,6.361302e+00,7.436028e+00,6.708084e+00,6.608001e+00,6.815640e+00,7.237778e+00,6.013715e+00,7.132498e+00,6.177944e+00,6.931472e+00
5.659482e+00,7.087574e+00,6.967909e+00,6.620073e+00,7.192934e+00,4.890349e+00,5.308268e+00,6.481577e+00,7.629004e+00,6.086775e+00,7.537430e+00,6.684612e+00,6.630683e+00,6.769642e+00,7.237059e+00,5.869297e+00,7.113956e+00,6.444131e+00,6.931472e+00
5.638355e+00,7.085064e+00,6.976348e+00,6.617403e+00,7.190676e+00,4.779123e+00,5.398163e+00,6.391917e+00,7.432484e+00,5.993961e+00,7.560601e+00,6.684612e+00,6.569481e+00,6.741701e+00,7.237059e+00,5.786897e+00,7.113956e+00,6.444131e+00,6.929517e+00
5.638355e+00,7.082549e+00,6.979145e+00,6.575076e+00,7.213768e+00,4.779123e+00,5.398163e+00,5.940171e+00,7.534228e+00,5.996452e+00,7.561122e+00,6.684612e+00,6.569481e+00,6.621406e+00,7.226936e+00,5.789960e+00,7.113956e+00,6.444131e+00,6.896694e+00
5.638355e+00,7.008505e+00,7.055313e+00,6.575076e+00,7.172425e+00,5.159055e+00,5.398163e+00,5.831882e+00,7.550661e+00,6.486161e+00,7.561122e+00,6.447306e+00,6.569481e+00,6.647688e+00,7.185387e+00,6.489205e+00,7.117206e+00,6.489205e+00,7.026427e+00
5.834811e+00,6.809039e+00,7.102499e+00,6.708084e+00,7.167809e+00,5.384495e+00,5.411646e+00,5.777652e+00,7.488294e+00,6.464588e+00,7.540090e+00,6.410175e+00,6.561031e+00,6.648985e+00,7.122060e+00,6.632002e+00,7.122060e+00,6.489205e+00,7.023759e+00
5.948035e+00,6.413459e+00,7.318540e+00,6.711740e+00,7.150701e+00,5.472271e+00,5.420535e+00,5.730100e+00,7.491088e+00,6.478510e+00,7.355641e+00,6.410175e+00,6.963190e+00,6.642487e+00,7.118016e+00,6.654153e+00,7.062192e+00,6.489205e+00,7.023759e+00
5.948035e+00,6.129050e+00,7.372746e+00,6.790097e+00,7.086738e+00,5.758902e+00,5.420535e+00,5.713733e+00,7.449498e+00,6.450470e+00,7.355641e+00,5.963579e+00,7.156956e+00,6.642487e+00,7.037028e+00,6.511745e+00,6.985642e+00,6.489205e+00,7.023759e+00
5.966147e+00,6.093570e+00,7.386471e+00,6.790097e+00,7.086738e+00,5.758902e+00,5.420535e+00,5.713733e+00,7.449498e+00,6.450470e+00,7.281386e+00,6.177944e+00,7.156956e+00,6.642487e+00,6.927558e+00,6.327937e+00,6.959399e+00,6.489205e+00,7.023759e+00
6.016157e+00,6.082219e+00,7.383368e+00,6.753438e+00,7.121252e+00,5.755742e+00,5.424950e+00,5.713733e+00,7.447168e+00,6.450470e+00,7.229114e+00,6.177944e+00,7.150701e+00,6.573680e+00,6.929517e+00,6.413459e+00,6.962243e+00,6.489205e+00,7.023759e+00
6.118097e+00,6.079933e+00,7.299797e+00,6.870053e+00,7.140453e+00,5.755742e+00,5.424950e+00,5.676754e+00,7.410952e+00,6.516193e+00,7.226936e+00,6.177944e+00,7.149917e+00,6.490724e+00,6.927558e+00,6.480045e+00,6.774224e+00,6.489205e+00,7.023759e+00
6.118097e+00,6.079933e+00,7.299797e+00,6.866933e+00,7.142827e+00,5.755742e+00,5.411646e+00,5.669881e+00,7.288928e+00,6.598509e+00,7.139660e+00,6.177944e+00,7.145196e+00,6.565265e+00,6.765039e+00,6.480045e+00,6.728629e+00,6.171701e+00,7.023759e+00
6.118097e+00,6.079933e+00,7.299121e+00,6.860664e+00,7.138867e+00,5.743003e+00,5.398163e+00,5.733341e+00,7.178545e+00,6.624065e+00,7.130099e+00,6.177944e+00,7.145196e+00,6.591674e+00,6.777647e+00,6.480045e+00,6.463029e+00,5.857933e+00,7.023759e+00
6.100319e+00,6.098074e+00,7.287561e+00,6.877296e+00,7.121252e+00,5.529429e+00,5.605802e+00,5.831882e+00,7.104144e+00,6.624065e+00,7.130099e+00,6.177944e+00,7.112327e+00,6.520621e+00,6.756932e+00,6.447306e+00,6.463029e+00,5.857933e+00,6.997596e+00
5.752573e+00,6.311735e+00,7.155396e+00,7.060476e+00,7.074963e+00,5.762051e+00,5.602119e+00,5.837730e+00,6.814543e+00,6.583409e+00,7.130099e+00,6.356108e+00,7.097549e+00,6.504288e+00,6.735780e+00,6.447306e+00,6.289716e+00,5.857933e+00,6.990257e+00
5.814131e+00,6.311735e+00,7.128496e+00,6.987490e+00,7.137278e+00,5.880533e+00,5.598422e+00,5.840642e+00,6.756932e+00,6.583409e+00,7.130099e+00,6.350886e+00,7.097549e+00,6.380123e+00,6.648985e+00,6.447306e+00,6.249975e+00,5.857933e+00,6.940222e+00
5.777652e+00,6.403574e+00,7.127694e+00,6.988413e+00,7.101676e+00,5.996452e+00,5.533389e+00,5.877736e+00,6.747587e+00,6.583409e+00,7.128496e+00,6.350886e+00,6.999422e+00,5.545177e+00,6.647688e+00,6.447306e+00,6.285998e+00,5.945421e+00,7.042286e+00
5.774552e+00,6.405228e+00,7.127694e+00,6.988413e+00,7.084226e+00,6.047372e+00,5.337538e+00,5.877736e+00,6.799056e+00,6.548219e+00,7.095064e+00,6.350886e+00,7.003065e+00,5.541264e+00,6.647688e+00,6.444131e+00,6.483107e+00,5.961005e+00,7.013915e+00
5.855072e+00,6.410175e+00,7.071573e+00,7.049255e+00,7.002156e+00,6.248043e+00,5.337538e+00,5.645447e+00,6.854355e+00,6.496775e+00,7.234177e+00,6.350886e+00,6.985642e+00,5.743003e+00,6.267201e+00,6.442540e+00,6.429719e+00,5.961005e+00,6.936343e+00
6.035481e+00,6.410175e+00,7.071573e+00,7.049255e+00,6.911747e+00,6.416732e+00,5.337538e+00,5.231109e+00,6.922644e+00,6.395262e+00,7.234898e+00,6.320768e+00,6.983790e+00,5.743003e+00,6.073045e+00,6.354370e+00,6.331502e+00,5.961005e+00,6.966024e+00
6.502790e+00,6.054439e+00,7.215240e+00,7.049255e+00,6.830874e+00,6.536692e+00,5.337538e+00,5.181784e+00,6.913737e+00,6.126869e+00,7.100027e+00,6.320768e+00,6.983790e+00,5.743003e+00,5.880533e+00,6.354370e+00,6.289716e+00,5.961005e+00,6.932448e+00
6.590301e+00,5.976351e+00,7.238497e+00,7.049255e+00,6.646391e+00,6.740519e+00,5.323010e+00,5.198497e+00,6.892642e+00,6.126869e+00,6.754604e+00,6.320768e+00,6.983790e+00,6.171701e+00,5.880533e+00,6.373320e+00,6.308098e+00,5.966147e+00,6.609349e+00
6.637258e+00,5.978886e+00,7.237059e+00,7.050989e+00,6.552508e+00,6.818924e+00,5.298317e+00,5.225747e+00,6.874198e+00,6.126869e+00,6.732211e+00,6.320768e+00,6.983790e+00,6.192362e+00,5.214936e+00,6.390241e+00,6.115892e+00,5.991465e+00,6.594413e+00
6.637258e+00,5.877736e+00,7.226209e+00,7.095064e+00,6.551080e+00,6.821107e+00,5.267858e+00,5.257495e+00,6.871091e+00,6.126869e+00,6.637258e+00,6.320768e+00,6.983790e+00,6.272877e+00,4.770685e+00,6.418365e+00,6.056784e+00,5.521461e+00,6.198479e+00
6.549651e+00,6.042633e+00,7.225481e+00,7.095893e+00,6.551080e+00,6.821107e+00,5.267858e+00,5.209486e+00,6.880384e+00,6.126869e+00,6.699500e+00,6.320768e+00,7.051856e+00,6.272877e+00,5.159055e+00,6.480045e+00,6.122493e+00,5.497168e+00,6.198479e+00
6.559615e+00,5.983936e+00,7.242798e+00,7.057898e+00,6.552508e+00,6.867974e+00,5.267858e+00,5.209486e+00,6.880384e+00,6.126869e+00,6.715383e+00,6.320768e+00,7.133296e+00,6.272877e+00,5.262690e+00,6.715383e+00,6.122493e+00,5.652489e+00,6.198479e+00
6.642487e+00,5.981414e+00,7.243513e+00,7.055313e+00,6.556778e+00,6.867974e+00,5.267858e+00,5.209486e+00,6.875232e+00,6.126869e+00,6.865891e+00,6.120297e+00,7.171657e+00,6.298949e+00,5.942799e+00,6.735780e+00,6.122493e+00,5.910797e+00,6.198479e+00
6.869014e+00,5.981414e+00,7.243513e+00,7.055313e+00,6.156979e+00,7.084226e+00,5.267858e+00,5.209486e+00,6.829794e+00,6.126869e+00,6.865891e+00,6.120297e+00,7.142037e+00,6.308098e+00,6.445720e+00,6.735780e+00,6.122493e+00,5.988961e+00,6.200509e+00
6.857514e+00,6.008813e+00,7.245655e+00,6.776507e+00,6.625392e+00,7.084226e+00,5.257495e+00,5.036953e+00,6.846943e+00,6.093570e+00,6.865891e+00,5.942799e+00,7.081709e+00,6.086775e+00,6.411818e+00,6.735780e+00,6.122493e+00,5.988961e+00,6.161207e+00
6.893656e+00,5.690359e+00,7.238497e+00,6.887553e+00,6.648985e+00,7.078342e+00,5.288267e+00,5.043425e+00,6.806829e+00,6.216606e+00,6.895683e+00,5.981414e+00,7.136483e+00,6.073045e+00,6.418365e+00,6.735780e+00,6.232448e+00,6.016157e+00,6.218600e+00
6.921658e+00,5.669881e+00,7.199678e+00,6.945051e+00,6.543912e+00,7.142037e+00,5.081404e+00,5.159055e+00,6.805723e+00,6.224558e+00,6.896694e+00,6.068426e+00,6.994850e+00,6.061457e+00,6.517671e+00,6.735780e+00,6.238325e+00,6.175867e+00,6.244167e+00
6.941190e+00,5.659482e+00,7.200425e+00,6.867974e+00,6.562444e+00,7.192934e+00,4.890349e+00,5.308268e+00,6.562444e+00,6.169611e+00,6.857514e+00,6.126869e+00,6.940222e+00,6.040255e+00,6.525030e+00,6.735780e+00,6.249975e+00,6.440947e+00,6.244167e+00
6.946976e+00,5.659482e+00,7.087574e+00,6.967909e+00,6.620073e+00,7.192934e+00,4.890349e+00,5.308268e+00,6.481577e+00,6.214608e+00,6.646391e+00,6.165418e+00,6.970730e+00,6.040255e+00,6.525030e+00,6.735780e+00,6.285998e+00,6.248043e+00,6.244167e+00
6.946976e+00,5.638355e+00,7.085064e+00,6.976348e+00,6.617403e+00,7.190676e+00,4.779123e+00,5.398163e+00,6.391917e+00,6.194405e+00,6.576470e+00,6.165418e+00,6.970730e+00,6.052089e+00,6.526495e+00,6.736967e+00,6.311735e+00,6.248043e+00,6.244167e+00
6.971669e+00,5.638355e+00,7.082549e+00,6.979145e+00,6.575076e+00,7.213768e+00,4.779123e+00,5.398163e+00,5.940171e+00,6.194405e+00,6.575076e+00,6.342121e+00,6.970730e+00,6.165418e+00,6.526495e+00,6.735780e+00,6.311735e+00,6.249975e+00,6.242223e+00
7.076654e+00,5.638355e+00,7.008505e+00,7.055313e+00,6.575076e+00,7.172425e+00,5.159055e+00,5.398163e+00,5.831882e+00,5.468060e+00,6.575076e+00,6.542472e+00,6.970730e+00,6.102559e+00,6.526495e+00,6.236370e+00,6.040255e+00,6.196444e+00,5.765191e+00
7.064759e+00,5.834811e+00,6.809039e+00,7.102499e+00,6.708084e+00,7.167809e+00,5.384495e+00,5.411646e+00,5.777652e+00,5.476464e+00,6.575076e+00,6.606650e+00,6.958448e+00,6.100319e+00,6.526495e+00,5.986452e+00,6.025866e+00,6.196444e+00,5.820083e+00
7.224753e+00,5.948035e+00,6.413459e+00,7.318540e+00,6.711740e+00,7.150701e+00,5.472271e+00,5.420535e+00,5.730100e+00,5.433722e+00,6.535241e+00,6.606650e+00,6.475433e+00,6.100319e+00,6.526495e+00,5.908083e+00,6.052089e+00,6.196444e+00,5.828946e+00
7.245655e+00,5.948035e+00,6.129050e+00,7.372746e+00,6.790097e+00,7.086738e+00,5.758902e+00,5.420535e+00,5.713733e+00,5.433722e+00,6.535241e+00,6.605298e+00,6.040255e+00,6.100319e+00,6.526495e+00,5.908083e+00,6.122493e+00,6.196444e+00,5.828946e+00
7.242082e+00,5.966147e+00,6.093570e+00,7.386471e+00,6.790097e+00,7.086738e+00,5.758902e+00,5.420535e+00,5.713733e+00,5.433722e+00,6.579251e+00,6.470800e+00,6.059123e+00,6.100319e+00,6.526495e+00,5.905362e+00,6.169611e+00,6.196444e+00,5.913503e+00
7.229839e+00,6.016157e+00,6.082219e+00,7.383368e+00,6.753438e+00,7.121252e+00,5.755742e+00,5.424950e+00,5.713733e+00,5.433722e+00,6.582025e+00,6.473891e+00,6.196444e+00,6.100319e+00,6.522093e+00,5.758902e+00,6.313548e+00,6.196444e+00,6.206576e+00
7.197435e+00,6.118097e+00,6.079933e+00,7.299797e+00,6.870053e+00,7.140453e+00,5.755742e+00,5.424950e+00,5.676754e+00,5.501258e+00,6.452049e+00,6.476972e+00,6.196444e+00,6.122493e+00,6.522093e+00,5.616771e+00,6.436150e+00,6.196444e+00,6.309918e+00
7.197435e+00,6.118097e+00,6.079933e+00,7.299797e+00,6.866933e+00,7.142827e+00,5.755742e+00,5.411646e+00,5.669881e+00,5.598422e+00,6.452049e+00,6.476972e+00,6.196444e+00,5.937536e+00,6.484635e+00,5.634790e+00,6.469250e+00,6.196444e+00,6.364751e+00
7.197435e+00,6.118097e+00,6.079933e+00,7.299121e+00,6.860664e+00,7.138867e+00,5.743003e+00,5.398163e+00,5.733341e+00,5.525453e+00,6.588926e+00,6.476972e+00,6.196444e+00,5.886104e+00,6.572283e+00,5.777652e+00,6.426488e+00,6.196444e+00,6.364751e+00
7.197435e+00,6.100319e+00,6.098074e+00,7.287561e+00,6.877296e+00,7.121252e+00,5.529429e+00,5.605802e+00,5.831882e+00,5.525453e+00,6.635947e+00,6.476972e+00,6.196444e+00,5.886104e+00,6.616065e+00,5.948035e+00,6.629363e+00,6.196444e+00,6.390241e+00
7.197435e+00,5.752573e+00,6.311735e+00,7.155396e+00,7.060476e+00,7.074963e+00,5.762051e+00,5.602119e+00,5.837730e+00,5.525453e+00,6.635947e+00,6.320768e+00,6.234411e+00,5.924256e+00,6.622736e+00,6.049733e+00,6.614726e+00,6.196444e+00,6.555357e+00
7.182352e+00,5.814131e+00,6.311735e+00,7.128496e+00,6.987490e+00,7.137278e+00,5.880533e+00,5.598422e+00,5.840642e+00,5.525453e+00,6.635947e+00,6.320768e+00,6.234411e+00,5.926926e+00,6.664409e+00,6.167516e+00,6.610696e+00,6.196444e+00,6.856462e+00
7.150701e+00,5.777652e+00,6.403574e+00,7.127694e+00,6.988413e+00,7.101676e+00,5.996452e+00,5.533389e+00,5.877736e+00,5.541264e+00,6.683361e+00,6.324359e+00,6.236370e+00,5.926926e+00,6.839476e+00,6.175867e+00,6.584791e+00,6.129050e+00,6.769642e+00
7.150701e+00,5.774552e+00,6.405228e+00,7.127694e+00,6.988413e+00,7.084226e+00,6.047372e+00,5.337538e+00,5.877736e+00,5.631212e+00,6.593045e+00,6.396930e+00,6.244167e+00,5.926926e+00,6.902743e+00,6.175867e+00,6.466145e+00,6.115892e+00,6.807935e+00
7.129298e+00,5.855072e+00,6.410175e+00,7.071573e+00,7.049255e+00,7.002156e+00,6.248043e+00,5.337538e+00,5.645447e+00,5.631212e+00,6.265301e+00,6.405228e+00,6.244167e+00,5.762051e+00,6.897705e+00,6.180017e+00,6.458338e+00,6.115892e+00,7.136483e+00
7.073270e+00,6.035481e+00,6.410175e+00,7.071573e+00,7.049255e+00,6.911747e+00,6.416732e+00,5.337538e+00,5.231109e+00,5.631212e+00,6.263398e+00,6.405228e+00,6.244167e+00,5.762051e+00,6.884487e+00,6.165418e+00,6.393591e+00,6.115892e+00,7.244228e+00
6.836259e+00,6.502790e+00,6.054439e+00,7.215240e+00,7.049255e+00,6.830874e+00,6.536692e+00,5.337538e+00,5.181784e+00,5.631212e+00,6.238325e+00,6.405228e+00,6.520621e+00,5.762051e+00,6.876265e+00,6.165418e+00,6.572283e+00,6.115892e+00,7.259116e+00
6.782192e+00,6.590301e+00,5.976351e+00,7.238497e+00,7.049255e+00,6.646391e+00,6.740519e+00,5.323010e+00,5.198497e+00,5.645447e+00,6.236370e+00,6.405228e+00,6.525030e+00,5.017280e+00,6.883463e+00,6.142037e+00,6.569481e+00,6.159095e+00,7.252054e+00
6.797940e+00,6.637258e+00,5.978886e+00,7.237059e+00,7.050989e+00,6.552508e+00,6.818924e+00,5.298317e+00,5.225747e+00,5.686975e+00,6.228511e+00,6.405228e+00,6.553933e+00,5.940171e+00,6.884487e+00,6.120297e+00,6.624065e+00,6.154858e+00,7.252762e+00
6.797940e+00,6.637258e+00,5.877736e+00,7.226209e+00,7.095064e+00,6.551080e+00,6.821107e+00,5.267858e+00,5.257495e+00,5.686975e+00,6.259581e+00,6.405228e+00,6.633318e+00,5.863631e+00,6.867974e+00,6.082219e+00,6.624065e+00,6.248043e+00,7.253470e+00
6.797940e+00,6.549651e+00,6.042633e+00,7.225481e+00,7.095893e+00,6.551080e+00,6.821107e+00,5.267858e+00,5.209486e+00,5.686975e+00,6.274762e+00,6.405228e+00,6.598509e+00,5.863631e+00,6.833032e+00,6.200509e+00,6.543912e+00,6.555357e+00,7.255591e+00
6.949856e+00,6.559615e+00,5.983936e+00,7.242798e+00,7.057898e+00,6.552508e+00,6.867974e+00,5.267858e+00,5.209486e+00,5.700444e+00,6.249975e+00,6.459904e+00,6.535241e+00,5.863631e+00,6.831954e+00,5.823046e+00,6.569481e+00,6.508769e+00,7.289611e+00
7.021976e+00,6.642487e+00,5.981414e+00,7.243513e+00,7.055313e+00,6.556778e+00,6.867974e+00,5.267858e+00,5.209486e+00,5.736572e+00,5.953243e+00,6.527958e+00,6.456770e+00,5.823046e+00,6.605298e+00,5.996452e+00,6.641182e+00,6.472346e+00,7.409136e+00
6.853299e+00,6.869014e+00,5.981414e+00,7.243513e+00,7.055313e+00,6.156979e+00,7.084226e+00,5.267858e+00,5.209486e+00,5.817111e+00,6.006353e+00,6.634633e+00,6.415097e+00,5.808142e+00,6.194405e+00,6.154858e+00,6.732211e+00,6.461468e+00,7.439559e+00
6.884487e+00,6.857514e+00,6.008813e+00,7.245655e+00,6.776507e+00,6.625392e+00,7.084226e+00,5.257495e+00,5.036953e+00,5.910797e+00,6.047372e+00,6.848005e+00,6.411818e+00,5.808142e+00,6.192362e+00,6.257668e+00,6.742881e+00,6.461468e+00,7.450080e+00
6.848005e+00,6.893656e+00,5.690359e+00,7.238497e+00,6.887553e+00,6.648985e+00,7.078342e+00,5.288267e+00,5.043425e+00,5.739793e+00,5.976351e+00,6.647688e+00,6.295266e+00,5.808142e+00,6.184149e+00,6.304449e+00,6.678342e+00,6.444131e+00,7.418181e+00
6.831954e+00,6.921658e+00,5.669881e+00,7.199678e+00,6.945051e+00,6.543912e+00,7.142037e+00,5.081404e+00,5.159055e+00,5.723585e+00,6.251904e+00,6.606650e+00,6.224558e+00,6.006353e+00,6.042633e+00,6.304449e+00,6.726233e+00,6.324359e+00,7.447751e+00
6.810142e+00,6.941190e+00,5.659482e+00,7.200425e+00,6.867974e+00,6.562444e+00,7.192934e+00,4.890349e+00,5.308268e+00,5.680173e+00,6.440947e+00,6.692084e+00,6.226537e+00,6.013715e+00,6.030685e+00,6.313548e+00,6.719013e+00,5.998937e+00,7.461066e+00
6.803505e+00,6.946976e+00,5.659482e+00,7.087574e+00,6.967909e+00,6.620073e+00,7.192934e+00,4.890349e+00,5.308268e+00,5.602119e+00,6.562444e+00,6.669498e+00,6.124683e+00,6.232448e+00,6.047372e+00,6.313548e+00,6.697034e+00,5.902633e+00,7.526718e+00
6.897705e+00,6.946976e+00,5.638355e+00,7.085064e+00,6.976348e+00,6.617403e+00,7.190676e+00,4.779123e+00,5.398163e+00,5.598422e+00,6.689599e+00,6.739337e+00,6.343880e+00,6.421622e+00,6.045005e+00,6.329721e+00,6.735780e+00,5.902633e+00,7.542213e+00
6.871091e+00,6.971669e+00,5.638355e+00,7.082549e+00,6.979145e+00,6.575076e+00,7.213768e+00,4.779123e+00,5.398163e+00,5.594711e+00,6.754604e+00,6.680855e+00,6.426488e+00,6.383507e+00,6.045005e+00,6.329721e+00,6.747587e+00,5.899897e+00,7.636752e+00
6.740519e+00,7.076654e+00,5.638355e+00,7.008505e+00,7.055313e+00,6.575076e+00,7.172425e+00,5.159055e+00,5.398163e+00,5.590987e+00,6.920672e+00,6.508769e+00,6.504288e+00,6.436150e+00,6.184149e+00,6.333280e+00,6.747587e+00,5.894403e+00,7.644441e+00
6.683361e+00,7.064759e+00,5.834811e+00,6.809039e+00,7.102499e+00,6.708084e+00,7.167809e+00,5.384495e+00,5.411646e+00,5.583496e+00,6.952729e+00,6.442540e+00,6.513230e+00,6.436150e+00,6.184149e+00,6.350886e+00,6.749931e+00,5.942799e+00,7.636270e+00
6.318968e+00,7.224753e+00,5.948035e+00,6.413459e+00,7.318540e+00,6.711740e+00,7.150701e+00,5.472271e+00,5.420535e+00,5.583496e+00,7.033506e+00,6.444131e+00,6.513230e+00,6.522093e+00,6.336826e+00,6.350886e+00,6.736967e+00,5.942799e+00,7.654917e+00
6.265301e+00,7.245655e+00,5.948035e+00,6.129050e+00,7.372746e+00,6.790097e+00,7.086738e+00,5.758902e+00,5.420535e+00,5.583496e+00,7.037028e+00,6.459904e+00,6.513230e+00,6.536692e+00,6.363028e+00,6.350886e+00,6.698268e+00,6.035481e+00,7.667626e+00
6.249975e+00,7.242082e+00,5.966147e+00,6.093570e+00,7.386471e+00,6.790097e+00,7.086738e+00,5.758902e+00,5.420535e+00,5.583496e+00,7.010312e+00,6.464588e+00,6.507278e+00,6.536692e+00,6.363028e+00,6.472346e+00,6.670766e+00,6.035481e+00,7.675082e+00
6.244167e+00,7.229839e+00,6.016157e+00,6.082219e+00,7.383368e+00,6.753438e+00,7.121252e+00,5.755742e+00,5.424950e+00,5.583496e+00,6.941190e+00,6.687109e+00,6.452049e+00,6.536692e+00,6.442540e+00,6.499787e+00,6.572283e+00,6.206576e+00,7.662468e+00
6.269096e+00,7.197435e+00,6.118097e+00,6.079933e+00,7.299797e+00,6.870053e+00,7.140453e+00,5.755742e+00,5.424950e+00,5.332719e+00,6.941190e+00,6.861711e+00,6.452049e+00,6.522093e+00,6.455199e+00,6.522093e+00,6.478510e+00,6.318968e+00,7.640123e+00
6.269096e+00,7.197435e+00,6.118097e+00,6.079933e+00,7.299797e+00,6.866933e+00,7.142827e+00,5.755742e+00,5.411646e+00,4.836282e+00,6.942157e+00,6.861711e+00,6.461468e+00,6.522093e+00,6.543912e+00,6.514713e+00,6.609349e+00,6.329721e+00,7.625107e+00
6.269096e+00,7.197435e+00,6.118097e+00,6.079933e+00,7.299121e+00,6.860664e+00,7.138867e+00,5.743003e+00,5.398163e+00,4.820282e+00,6.850126e+00,6.861711e+00,6.464588e+00,6.716595e+00,6.546785e+00,6.448889e+00,6.597146e+00,6.333280e+00,7.625107e+00
6.298949e+00,7.197435e+00,6.100319e+00,6.098074e+00,7.287561e+00,6.877296e+00,7.121252e+00,5.529429e+00,5.605802e+00,4.820282e+00,6.812345e+00,6.861711e+00,6.473891e+00,6.723832e+00,6.630683e+00,6.349139e+00,6.386879e+00,6.333280e+00,7.617760e+00
6.300786e+00,7.197435e+00,5.752573e+00,6.311735e+00,7.155396e+00,7.060476e+00,7.074963e+00,5.762051e+00,5.602119e+00,4.820282e+00,6.812345e+00,6.861711e+00,6.487684e+00,6.752270e+00,6.661855e+00,6.289716e+00,6.408529e+00,6.333280e+00,7.592870e+00
6.300786e+00,7.182352e+00,5.814131e+00,6.311735e+00,7.128496e+00,6.987490e+00,7.137278e+00,5.880533e+00,5.598422e+00,4.820282e+00,6.828712e+00,6.865891e+00,6.579251e+00,6.751101e+00,6.654153e+00,6.186209e+00,6.428105e+00,6.336826e+00,7.462789e+00
6.300786e+00,7.150701e+00,5.777652e+00,6.403574e+00,7.127694e+00,6.988413e+00,7.101676e+00,5.996452e+00,5.533389e+00,4.787492e+00,6.788972e+00,7.041412e+00,6.591674e+00,6.771936e+00,6.785588e+00,6.177944e+00,6.444131e+00,6.383507e+00,7.456455e+00
6.300786e+00,7.150701e+00,5.774552e+00,6.405228e+00,7.127694e+00,6.988413e+00,7.084226e+00,6.047372e+00,5.337538e+00,4.564348e+00,6.788972e+00,7.051856e+00,6.602588e+00,6.771936e+00,6.746412e+00,6.253829e+00,6.383507e+00,6.383507e+00,7.436617e+00
6.504288e+00,7.129298e+00,5.855072e+00,6.410175e+00,7.071573e+00,7.049255e+00,7.002156e+00,6.248043e+00,5.337538e+00,4.574711e+00,6.791221e+00,7.079184e+00,6.602588e+00,6.794587e+00,6.831954e+00,6.249975e+00,6.383507e+00,6.436150e+00,7.248504e+00
6.507278e+00,7.073270e+00,6.035481e+00,6.410175e+00,7.071573e+00,7.049255e+00,6.911747e+00,6.416732e+00,5.337538e+00,4.574711e+00,6.792344e+00,7.080868e+00,6.602588e+00,6.842683e+00,6.834109e+00,6.295266e+00,6.423247e+00,6.511745e+00,7.113142e+00
6.507278e+00,6.836259e+00,6.502790e+00,6.054439e+00,7.215240e+00,7.049255e+00,6.830874e+00,6.536692e+00,5.337538e+00,4.574711e+00,6.794587e+00,7.207119e+00,6.350886e+00,6.852243e+00,6.834109e+00,6.343880e+00,6.212606e+00,6.575076e+00,7.023759e+00
6.489205e+00,6.782192e+00,6.590301e+00,5.976351e+00,7.238497e+00,7.049255e+00,6.646391e+00,6.740519e+00,5.323010e+00,4.532599e+00,6.794587e+00,7.281386e+00,6.345636e+00,6.852243e+00,6.853299e+00,6.385194e+00,6.175867e+00,6.543912e+00,7.031741e+00
6.410175e+00,6.797940e+00,6.637258e+00,5.978886e+00,7.237059e+00,7.050989e+00,6.552508e+00,6.818924e+00,5.298317e+00,4.465908e+00,6.835185e+00,7.344073e+00,6.309918e+00,6.573680e+00,6.852243e+00,6.385194e+00,6.086775e+00,6.522093e+00,7.039660e+00
6.536692e+00,6.797940e+00,6.637258e+00,5.877736e+00,7.226209e+00,7.095064e+00,6.551080e+00,6.821107e+00,5.267858e+00,4.553877e+00,6.818924e+00,7.344073e+00,6.267201e+00,6.561031e+00,6.853299e+00,6.385194e+00,6.082219e+00,6.519147e+00,7.042286e+00
6.541030e+00,6.797940e+00,6.549651e+00,6.042633e+00,7.225481e+00,7.095893e+00,6.551080e+00,6.821107e+00,5.267858e+00,4.753590e+00,6.742881e+00,7.351158e+00,6.315358e+00,6.716595e+00,6.828712e+00,6.212606e+00,6.124683e+00,6.216606e+00,7.097549e+00
6.331502e+00,6.949856e+00,6.559615e+00,5.983936e+00,7.242798e+00,7.057898e+00,6.552508e+00,6.867974e+00,5.267858e+00,5.117994e+00,6.745236e+00,7.338238e+00,6.230481e+00,7.054450e+00,6.809039e+00,6.408529e+00,6.113682e+00,6.198479e+00,7.080026e+00
6.222576e+00,7.021976e+00,6.642487e+00,5.981414e+00,7.243513e+00,7.055313e+00,6.556778e+00,6.867974e+00,5.267858e+00,6.361302e+00,6.744059e+00,7.345365e+00,6.329721e+00,7.107425e+00,6.900731e+00,6.428105e+00,5.988961e+00,6.068426e+00,6.912743e+00
6.236370e+00,6.853299e+00,6.869014e+00,5.981414e+00,7.243513e+00,7.055313e+00,6.156979e+00,7.084226e+00,5.267858e+00,6.378426e+00,6.723832e+00,7.295056e+00,6.483107e+00,7.132498e+00,7.007601e+00,6.501290e+00,5.786897e+00,6.013715e+00,6.859615e+00
6.169611e+00,6.884487e+00,6.857514e+00,6.008813e+00,7.245655e+00,6.776507e+00,6.625392e+00,7.084226e+00,5.257495e+00,6.335054e+00,6.709304e+00,7.220374e+00,6.656727e+00,7.146772e+00,7.022868e+00,6.508769e+00,5.758902e+00,6.013715e+00,6.840547e+00
6.196444e+00,6.848005e+00,6.893656e+00,5.690359e+00,7.238497e+00,6.887553e+00,6.648985e+00,7.078342e+00,5.288267e+00,6.548219e+00,6.710523e+00,7.235619e+00,6.742881e+00,7.224753e+00,7.028201e+00,6.504288e+00,5.758902e+00,6.013715e+00,6.840547e+00
6.169611e+00,6.831954e+00,6.921658e+00,5.669881e+00,7.199678e+00,6.945051e+00,6.543912e+00,7.142037e+00,5.081404e+00,6.562444e+00,6.582025e+00,7.255591e+00,6.735780e+00,7.246368e+00,7.086738e+00,6.504288e+00,5.616771e+00,6.013715e+00,6.770789e+00
6.208590e+00,6.810142e+00,6.941190e+00,5.659482e+00,7.200425e+00,6.867974e+00,6.562444e+00,7.192934e+00,4.890349e+00,6.664409e+00,6.625392e+00,7.249926e+00,6.734592e+00,7.280697e+00,7.153834e+00,6.549651e+00,5.616771e+00,6.013715e+00,6.744059e+00
6.240276e+00,6.803505e+00,6.946976e+00,5.659482e+00,7.087574e+00,6.967909e+00,6.620073e+00,7.192934e+00,4.890349e+00,6.664409e+00,6.553933e+00,7.261927e+00,6.749931e+00,7.313220e+00,7.153052e+00,6.549651e+00,5.613128e+00,6.013715e+00,6.594413e+00
6.049733e+00,6.897705e+00,6.946976e+00,5.638355e+00,7.085064e+00,6.976348e+00,6.617403e+00,7.190676e+00,4.779123e+00,6.669498e+00,6.416732e+00,7.290975e+00,6.610696e+00,7.252762e+00,7.153052e+00,6.535241e+00,5.429346e+00,6.013715e+00,6.553933e+00
6.049733e+00,6.871091e+00,6.971669e+00,5.638355e+00,7.082549e+00,6.979145e+00,6.575076e+00,7.213768e+00,4.779123e+00,6.756932e+00,6.326149e+00,7.270313e+00,6.542472e+00,7.239933e+00,7.185387e+00,6.535241e+00,5.384495e+00,6.028279e+00,6.244167e+00
6.052089e+00,6.740519e+00,7.076654e+00,5.638355e+00,7.008505e+00,7.055313e+00,6.575076e+00,7.172425e+00,5.159055e+00,6.961296e+00,6.016157e+00,7.271009e+00,6.467699e+00,7.216709e+00,7.163947e+00,6.532334e+00,5.384495e+00,6.070738e+00,6.222576e+00
6.350886e+00,6.683361e+00,7.064759e+00,5.834811e+00,6.809039e+00,7.102499e+00,6.708084e+00,7.167809e+00,5.384495e+00,7.096721e+00,5.961005e+00,7.271009e+00,6.455199e+00,7.216709e+00,7.164720e+00,6.517671e+00,5.375278e+00,6.308098e+00,6.222576e+00
6.541030e+00,6.318968e+00,7.224753e+00,5.948035e+00,6.413459e+00,7.318540e+00,6.711740e+00,7.150701e+00,5.472271e+00,7.171657e+00,5.723585e+00,7.270313e+00,6.463029e+00,7.174724e+00,7.100852e+00,6.517671e+00,5.375278e+00,6.473891e+00,6.150603e+00
6.656727e+00,6.265301e+00,7.245655e+00,5.948035e+00,6.129050e+00,7.372746e+00,6.790097e+00,7.086738e+00,5.758902e+00,7.382746e+00,5.710427e+00,7.263330e+00,6.463029e+00,7.167038e+00,7.088409e+00,6.535241e+00,5.375278e+00,6.416732e+00,6.171701e+00
6.841615e+00,6.249975e+00,7.242082e+00,5.966147e+00,6.093570e+00,7.386471e+00,6.790097e+00,7.086738e+00,5.758902e+00,7.413970e+00,5.805135e+00,7.261225e+00,6.456770e+00,7.167038e+00,7.124478e+00,6.522093e+00,5.605802e+00,6.416732e+00,6.079933e+00
6.842683e+00,6.244167e+00,7.229839e+00,6.016157e+00,6.082219e+00,7.383368e+00,6.753438e+00,7.121252e+00,5.755742e+00,7.421178e+00,5.849325e+00,7.140453e+00,6.456770e+00,7.167038e+00,7.085064e+00,6.502790e+00,5.874931e+00,6.280396e+00,5.823046e+00
6.829794e+00,6.269096e+00,7.197435e+00,6.118097e+00,6.079933e+00,7.299797e+00,6.870053e+00,7.140453e+00,5.755742e+00,7.419980e+00,5.932245e+00,7.009409e+00,6.466145e+00,7.167038e+00,7.078342e+00,6.492240e+00,6.086775e+00,6.163315e+00,5.802118e+00
6.896694e+00,6.269096e+00,7.197435e+00,6.118097e+00,6.079933e+00,7.299797e+00,6.866933e+00,7.142827e+00,5.755742e+00,7.432484e+00,6.173786e+00,7.013915e+00,6.464588e+00,7.167038e+00,7.027315e+00,6.522093e+00,5.840642e+00,6.167516e+00,5.802118e+00
6.939254e+00,6.269096e+00,7.197435e+00,6.118097e+00,6.079933e+00,7.299121e+00,6.860664e+00,7.138867e+00,5.743003e+00,7.449498e+00,6.204558e+00,7.020191e+00,6.493754e+00,7.047517e+00,6.951772e+00,6.522093e+00,5.840642e+00,6.352629e+00,5.958425e+00
7.044033e+00,6.298949e+00,7.197435e+00,6.100319e+00,6.098074e+00,7.287561e+00,6.877296e+00,7.121252e+00,5.529429e+00,7.459915e+00,6.357842e+00,7.041412e+00,6.487684e+00,7.042286e+00,6.853299e+00,6.522093e+00,5.840642e+00,6.375025e+00,6.021023e+00
7.057898e+00,6.300786e+00,7.197435e+00,5.752573e+00,6.311735e+00,7.155396e+00,7.060476e+00,7.074963e+00,5.762051e+00,7.471932e+00,6.575076e+00,7.182352e+00,6.445720e+00,7.008505e+00,6.822197e+00,6.510258e+00,5.846439e+00,6.375025e+00,6.236370e+00
7.057898e+00,6.300786e+00,7.182352e+00,5.814131e+00,6.311735e+00,7.128496e+00,6.987490e+00,7.137278e+00,5.880533e+00,7.482119e+00,6.695799e+00,7.187657e+00,6.340359e+00,7.008505e+00,6.793466e+00,6.510258e+00,5.899897e+00,6.410175e+00,6.232448e+00
7.161622e+00,6.300786e+00,7.150701e+00,5.777652e+00,6.403574e+00,7.127694e+00,6.988413e+00,7.101676e+00,5.996452e+00,7.483807e+00,6.783325e+00,7.101676e+00,6.322565e+00,6.992096e+00,6.450470e+00,6.510258e+00,5.996452e+00,6.364751e+00,6.261492e+00
7.209340e+00,6.300786e+00,7.150701e+00,5.774552e+00,6.405228e+00,7.127694e+00,6.988413e+00,7.084226e+00,6.047372e+00,7.483807e+00,6.784457e+00,7.104144e+00,6.293419e+00,6.992096e+00,6.406880e+00,6.452049e+00,6.037871e+00,6.371612e+00,6.272877e+00
7.286192e+00,6.504288e+00,7.129298e+00,5.855072e+00,6.410175e+00,7.071573e+00,7.049255e+00,7.002156e+00,6.248043e+00,7.483244e+00,6.782192e+00,7.073270e+00,6.293419e+00,6.993933e+00,6.270988e+00,6.464588e+00,6.037871e+00,6.315358e+00,6.349139e+00
7.307202e+00,6.507278e+00,7.073270e+00,6.035481e+00,6.410175e+00,7.071573e+00,7.049255e+00,6.911747e+00,6.416732e+00,7.486053e+00,6.783325e+00,7.097549e+00,6.293419e+00,6.953684e+00,6.267201e+00,6.469250e+00,5.978886e+00,6.376727e+00,6.428105e+00
7.308543e+00,6.507278e+00,6.836259e+00,6.502790e+00,6.054439e+00,7.215240e+00,7.049255e+00,6.830874e+00,6.536692e+00,7.509883e+00,6.787845e+00,6.955593e+00,6.293419e+00,6.946976e+00,6.267201e+00,6.444131e+00,6.018593e+00,6.340359e+00,6.436150e+00
7.334982e+00,6.489205e+00,6.782192e+00,6.590301e+00,5.976351e+00,7.238497e+00,7.049255e+00,6.646391e+00,6.740519e+00,7.518064e+00,6.790097e+00,6.983790e+00,6.293419e+00,7.010312e+00,6.218600e+00,6.406880e+00,6.018593e+00,6.340359e+00,6.630683e+00
7.334982e+00,6.410175e+00,6.797940e+00,6.637258e+00,5.978886e+00,7.237059e+00,7.050989e+00,6.552508e+00,6.818924e+00,7.534763e+00,6.747587e+00,6.946976e+00,6.293419e+00,7.013016e+00,6.440947e+00,6.461468e+00,6.018593e+00,6.336826e+00,6.734592e+00
