Accum_y-0,T-1,Accum_y-1,Accum_y-2,Accum_y-3,Accum_y-4,Accum_y-5,Accum_y-6,Accum_y-7
946,1503,1633,512,1049,509,547,809,2307
939,1409,1622,543,1091,488,525,820,2337
948,1355,1600,590,1168,457,524,800,2432
1147,1303,1671,633,1240,410,524,739,2431
1391,1297,1671,611,1339,403,524,705,2560
1343,1228,1691,611,1360,403,525,665,2721
1240,1244,1641,628,1391,403,522,640,2685
1221,1164,1668,665,1391,403,522,657,2553
1222,1110,1615,680,1382,403,531,614,2494
1104,1242,1602,675,1315,403,549,682,2301
1070,1276,1451,635,1184,403,549,711,2250
1056,1290,1158,589,1135,403,550,747,2230
1020,1181,1037,582,1141,350,550,720,2134
898,1251,1006,588,1142,350,550,711,2158
881,1263,1001,592,1169,350,550,712,2120
868,1249,1001,590,1242,350,550,709,2038
871,1247,982,607,1123,295,550,709,1975
851,1271,865,582,1160,315,546,808,1969
863,1272,705,490,1229,389,546,807,1773
868,1240,705,487,1139,321,428,823,1348
954,1227,719,487,1021,319,357,853,1256
1036,1157,727,486,1021,346,275,1387,1152
1124,1046,719,486,1019,244,78,1509,1126
1188,903,691,486,962,248,52,1525,1057
1172,962,510,530,867,248,52,1816,1107
1200,918,341,526,823,250,73,1921,1153
1205,884,260,473,815,253,73,1762,1253
1197,854,199,536,814,253,73,1930,1253
1182,869,284,536,785,247,73,2053,1185
1182,869,293,536,785,211,68,2024,1129
1181,870,286,536,772,209,63,1976,951
1051,946,279,536,763,209,63,1983,958
1036,939,295,505,622,209,123,2023,994
1092,948,295,458,540,179,124,2022,994
999,1147,219,438,468,185,124,2035,968
839,1391,219,468,369,228,124,2035,839
907,1343,220,519,348,228,123,2036,695
956,1240,248,549,320,228,117,2036,674
985,1221,301,514,320,228,122,2008,677
987,1222,302,466,320,228,113,1997,681
952,1104,389,466,320,246,121,1967,681
952,1070,389,467,320,259,124,1992,681
1144,1056,411,462,320,380,297,1991,626
1147,1020,433,456,313,538,304,2022,586
1147,898,443,437,308,627,308,2019,531
1147,881,511,434,281,636,308,2226,531
1157,868,582,439,208,636,353,2271,531
1154,871,584,426,204,643,378,2320,531
1141,851,700,457,114,790,534,2221,531
1128,863,710,511,18,709,569,2298,507
1123,868,710,581,11,717,723,2325,501
1051,954,696,640,20,731,723,2312,501
980,1036,688,720,44,692,723,1778,528
924,1124,686,733,44,703,724,1715,513
859,1188,726,743,40,847,719,1732,532
817,1172,754,696,38,1129,719,1464,482
744,1200,754,611,38,1244,733,1356,423
707,1205,754,565,38,1244,733,1320,320
729,1197,844,494,59,1244,735,1080,351
769,1182,807,546,60,1245,751,874,350
769,1182,794,604,61,1245,751,935,390
820,1181,934,683,80,1299,751,978,441
897,1051,937,744,281,1321,751,963,434
874,1036,921,761,322,1334,691,970,362
823,1092,921,761,364,1334,690,994,266
753,999,920,745,496,1328,697,981,253
727,839,938,744,625,1268,697,1003,283
670,907,916,707,625,1268,697,998,266
668,956,890,694,620,1268,697,998,266
708,985,797,692,625,1268,692,979,263
758,987,793,691,626,1268,692,974,269
780,952,706,691,628,1250,666,934,298
851,952,728,690,629,1253,663,878,298
717,1144,706,690,631,1133,489,888,360
723,1147,684,690,631,975,482,884,366
794,1147,675,690,631,886,478,1047,383
819,1147,610,710,631,882,478,952,426
815,1157,539,710,631,925,433,1012,526
923,1154,537,708,632,926,423,969,526
1135,1141,420,705,635,753,339,967,582
1167,1128,409,692,635,748,345,890,594
1219,1123,410,648,655,759,205,840,599
1280,1051,485,589,646,745,205,823,620
1305,980,563,525,622,757,205,854,638
1272,924,572,539,627,744,239,806,626
1285,859,555,543,629,596,240,834,601
1404,817,527,636,629,347,240,834,614
1400,744,655,636,629,232,224,859,615
1400,707,719,636,629,229,236,859,613
1378,729,645,636,608,229,234,918,644
1338,769,598,584,607,228,218,910,743
1355,769,597,533,650,228,218,835,734
1322,820,493,473,895,177,218,792,683
1341,897,503,413,809,158,229,792,763
1375,874,525,396,800,155,229,734,785
1426,823,525,402,892,174,229,711,787
1424,753,525,462,856,174,222,711,788
1374,727,507,433,729,174,222,689,786
1441,670,506,419,782,174,222,689,921
1452,668,504,381,813,174,222,731,931
1384,708,565,395,813,174,228,731,996
1331,758,595,511,815,174,240,731,992
1309,780,651,555,813,174,240,731,983
1336,851,673,774,815,159,240,731,983
1330,717,710,787,926,158,240,724,921
1334,723,780,787,927,158,240,700,914
1263,794,781,787,975,158,240,609,897
1263,819,778,767,1042,153,240,683,854
1267,815,781,762,1042,110,240,679,754
1161,923,781,784,1119,102,225,719,754
952,1135,782,789,1123,102,153,716,698
920,1167,782,773,1123,102,112,716,686
868,1219,860,773,1103,83,106,716,681
1064,1280,785,773,1105,83,110,716,723
1087,1305,707,757,1114,98,110,745,682
1117,1272,698,731,1245,195,73,772,679
1123,1285,675,712,1385,242,72,711,693
1057,1404,675,619,1423,220,80,687,680
1209,1400,561,619,1423,229,61,708,679
1209,1400,497,619,1423,229,49,726,679
1209,1378,472,685,1450,229,53,667,600
1288,1338,468,685,1519,229,160,666,499
1271,1355,518,678,1475,229,183,666,460
1253,1322,482,661,1211,227,183,666,523
1157,1341,506,663,1097,427,172,666,453
1123,1375,542,668,1069,517,177,666,482
1058,1426,546,693,937,516,207,665,477
1021,1424,551,626,841,517,207,665,534
1013,1374,551,626,839,587,207,665,506
929,1441,551,675,786,617,207,665,371
871,1452,554,681,755,638,207,623,361
870,1384,579,673,750,653,201,623,297
870,1331,550,595,747,653,189,623,297
881,1309,494,551,747,653,189,623,329
787,1336,450,332,744,678,190,623,329
779,1330,438,319,631,710,212,653,329
769,1334,389,327,630,710,329,757,329
785,1263,409,368,582,849,430,806,362
760,1263,473,369,515,851,495,621,369
750,1267,470,367,515,927,495,520,464
748,1161,591,343,437,1054,498,474,577
745,952,594,311,430,1054,528,473,583
745,920,594,286,430,1054,531,473,698
745,868,523,260,430,1054,523,473,718
474,1064,557,260,448,1054,568,509,655
415,1087,590,260,454,1027,641,449,672
385,1117,591,259,369,930,713,421,674
366,1123,607,293,460,883,713,438,660
312,1057,624,293,430,872,705,470,660
157,1209,756,316,431,861,705,448,660
157,1209,756,316,553,861,705,449,660
159,1209,756,250,526,861,840,472,660
90,1288,756,285,513,861,749,512,794
117,1271,769,396,513,861,726,552,825
117,1253,809,443,513,860,726,599,926
117,1157,997,487,512,657,726,610,938
117,1123,940,488,512,557,721,610,898
208,1058,936,517,620,731,691,645,900
222,1021,931,540,620,866,691,645,840
222,1013,938,540,628,796,691,645,840
356,929,947,491,628,766,691,646,859
364,871,944,485,644,885,691,646,864
364,870,858,492,676,870,691,658,863
364,870,857,822,680,1077,691,689,857
353,881,857,822,732,1116,691,689,805
666,787,857,822,756,1090,690,705,805
678,779,832,822,771,1092,668,649,805
748,769,811,814,775,1310,551,577,805
733,785,789,773,776,1171,450,508,772
733,760,725,770,776,1178,385,506,765
733,750,725,779,776,1144,480,506,670
733,748,607,813,776,1098,484,533,557
733,745,603,812,776,1180,464,533,551
733,745,609,812,776,1410,461,533,436
733,745,610,812,776,1516,466,533,416
733,474,618,812,764,1606,417,497,416
757,415,585,930,749,1747,344,497,391
791,385,584,1024,716,1843,272,487,388
791,366,568,991,485,1843,273,470,388
791,312,551,1016,477,1871,286,438,388
793,157,405,1053,514,1911,295,408,388
793,157,486,1053,410,1921,316,389,388
791,159,717,1053,410,1989,251,400,388
781,90,717,1018,354,2059,250,384,254
754,117,896,907,354,2314,295,359,223
772,117,883,858,354,2317,366,312,59
929,117,667,1022,354,2322,383,301,37
937,117,887,1062,410,2331,395,301,65
846,208,920,1003,301,2139,395,266,96
832,222,1176,980,314,2003,419,266,97
854,222,1208,980,339,2003,426,266,97
721,356,1211,980,356,2003,426,272,78
759,364,1219,1190,360,1868,426,273,73
1039,364,1328,1177,424,1868,426,261,73
1156,364,1364,809,421,1766,426,230,75
1165,353,1402,824,391,1727,426,268,75
848,666,1415,824,454,1727,426,252,75
834,678,1415,824,543,1821,426,252,75
820,748,1415,824,540,1628,426,217,75
890,733,1415,824,539,1679,426,158,77
893,733,1415,824,539,1701,426,158,77
893,733,1415,826,539,1659,331,158,77
893,733,1412,792,539,1578,324,209,77
909,733,1562,792,552,1496,363,209,77
909,733,1588,792,552,1283,364,209,132
909,733,1596,792,552,1189,359,209,132
909,733,1758,792,544,1099,359,293,132
885,757,1816,674,544,959,359,350,132
851,791,1837,580,526,863,359,358,142
851,791,1971,579,587,863,364,358,142
851,791,1971,554,587,848,351,358,185
849,793,1971,494,549,866,342,358,276
849,793,1934,494,560,866,321,358,352
853,791,1703,494,603,870,247,324,352
902,781,1703,510,604,801,232,300,352
930,754,1461,523,605,546,187,285,352
947,772,1434,561,605,543,116,285,352
856,929,1425,354,605,538,131,285,352
1001,937,1209,323,545,529,129,382,406
1002,846,1205,332,544,529,129,443,395
1003,832,949,392,531,529,105,443,394
993,854,910,400,498,529,220,443,508
992,721,898,400,481,529,258,436,569
946,759,890,190,461,524,363,436,632
666,1039,781,190,365,524,438,436,632
549,1156,745,265,364,419,438,436,630
540,1165,707,254,342,419,438,398,630
589,848,694,326,255,419,438,398,630
551,834,694,326,151,292,438,386,647
525,820,807,384,150,288,438,386,647
458,890,967,384,150,237,438,386,852
455,893,1123,384,150,206,559,386,853
455,893,1123,373,228,206,606,386,853
455,893,1123,373,258,206,607,391,853
439,909,973,373,246,207,568,472,864
439,909,941,373,326,190,622,539,809
439,909,924,406,326,178,622,539,830
439,909,820,730,326,236,660,455,832
439,885,774,731,326,263,763,440,833
439,851,754,731,326,401,804,439,829
439,851,620,731,263,416,846,474,829
454,851,620,731,263,473,900,474,786
469,849,620,731,263,416,902,474,695
469,849,678,731,236,656,902,474,619
465,853,793,731,376,584,902,475,619
527,902,794,715,486,583,902,581,619
569,930,799,702,491,583,902,581,619
535,947,799,664,534,583,902,656,630
647,856,987,660,534,583,870,656,709
519,1001,982,645,598,586,860,620,689
545,1002,953,635,603,586,860,740,793
574,1003,953,575,626,586,860,742,825
568,993,953,567,654,586,738,780,877
575,992,953,567,655,586,700,814,816
577,946,963,567,1015,651,678,820,832
709,666,963,567,1042,679,614,863,832
711,549,963,492,1138,679,624,863,953
794,540,966,567,1149,679,624,865,964
782,589,1150,495,1164,679,624,953,968
778,551,1162,546,1164,678,624,955,965
745,525,1050,488,1164,657,624,956,1015
1020,458,917,489,1164,657,624,956,900
1022,455,800,532,1164,657,569,956,950
1024,455,800,579,1086,657,526,956,951
1024,455,802,621,1056,657,525,873,951
1024,439,802,647,1055,656,521,792,940
1024,439,805,648,975,656,466,801,1086
1024,439,805,630,975,656,466,802,1067
1123,439,723,368,991,598,428,803,1065
1123,439,713,380,1045,570,484,892,1064
1123,439,910,411,1107,432,443,885,1058
1158,439,912,554,1109,417,395,850,1058
1143,454,1092,688,1140,347,341,850,1058
1203,469,1102,705,1140,346,801,902,1058
1372,469,1062,813,1200,96,801,903,1058
1419,465,947,838,1041,96,801,1132,1071
1309,527,946,898,930,96,823,1042,1078
1241,569,993,899,924,96,838,1079,1078
1272,535,993,899,968,96,838,1006,1067
1114,647,805,899,968,276,838,1008,988
1096,519,979,933,918,355,838,947,915
1069,545,1110,946,913,372,838,766,789
1039,574,1216,948,958,443,838,764,757
1034,568,1221,952,976,558,838,726,591
1027,575,1221,952,981,646,838,692,591
1025,577,1211,952,621,601,755,685,512
901,709,1211,952,665,597,744,642,512
904,711,1259,952,573,684,743,642,391
821,794,1263,873,562,689,763,640,380
784,782,1079,873,578,689,807,552,376
819,778,1160,822,594,689,810,569,362
819,745,1174,822,594,689,834,568,312
541,1020,1147,834,594,689,926,568,220
553,1022,1108,791,595,689,884,568,169
552,1024,1108,829,651,689,880,568,239
598,1024,1137,796,873,689,880,568,333
616,1024,1137,936,1187,689,874,568,416
616,1024,1147,944,1353,689,874,494,310
616,1024,1147,929,1417,689,876,493,320
529,1123,1133,867,1445,689,884,500,377
530,1123,1138,854,1765,689,744,414,387
530,1123,941,823,1795,689,816,457,452
495,1158,1098,748,1853,689,816,457,580
519,1143,952,618,2031,689,831,457,637
444,1203,1081,613,2130,689,398,469,637
275,1372,1073,720,2088,689,402,468,637
228,1419,1128,696,2086,689,403,296,624
227,1309,1134,636,2089,718,502,280,617
225,1241,1205,663,2089,822,569,243,617
247,1272,1292,667,2008,1028,637,241,622
356,1114,1391,667,2008,849,671,239,681
502,1096,1271,636,2038,779,706,251,681
505,1069,1161,657,2069,899,706,251,716
505,1039,1055,677,2017,844,713,251,790
504,1034,1050,691,1971,750,967,251,790
527,1027,1195,691,1965,735,1073,251,790
527,1025,1247,691,1966,717,1124,251,803
520,901,1252,693,1940,693,1124,266,815
515,904,1231,693,1956,611,1115,336,885
515,821,1226,698,1986,615,1095,369,889
515,784,1235,700,1955,615,1051,404,892
480,819,1142,700,1939,615,1176,385,931
480,819,1159,705,1940,630,1176,398,958
479,541,1172,696,1940,673,1194,411,963
465,553,1242,696,1939,675,1170,411,963
535,552,1354,614,1883,675,1170,411,1002
494,598,1467,614,1661,675,1180,411,908
512,616,1467,470,1347,675,1188,411,825
551,616,1550,469,1181,675,1291,409,785
611,616,1616,469,1182,675,1291,411,788
631,529,1650,481,1139,694,1283,425,731
631,530,1643,481,765,743,1264,380,721
713,530,1642,481,683,847,1259,337,656
796,495,1483,413,624,877,1266,337,528
788,519,1503,415,415,878,1254,337,471
801,444,1409,414,316,977,1246,295,471
812,275,1355,221,296,982,1303,296,492
856,228,1303,226,274,982,1349,238,553
898,227,1297,226,293,953,1252,238,587
898,225,1228,200,293,849,1170,238,631
844,247,1244,246,291,645,1102,247,651
715,356,1164,259,291,644,1068,247,622
562,502,1110,312,281,641,1033,235,681
559,505,1242,291,255,571,1033,235,648
559,505,1276,420,279,686,1026,235,576
559,504,1290,695,330,714,772,235,576
536,527,1181,816,343,642,719,235,603
536,527,1251,847,355,644,668,235,609
535,520,1263,850,311,644,668,220,597
535,515,1249,850,295,639,668,150,530
535,515,1247,864,265,753,723,117,526
535,515,1271,980,290,806,729,86,529
537,480,1272,1141,382,833,613,86,491
537,480,1240,1136,384,915,657,191,471
552,479,1227,1132,384,990,549,249,466
564,465,1157,1132,385,988,561,331,466
493,535,1046,1139,385,990,665,530,356
496,494,903,1158,390,1051,655,561,356
547,512,962,1317,393,1148,647,561,357
508,551,918,1478,482,1192,544,561,366
496,611,884,1559,516,1200,542,559,546
609,631,854,1617,523,1182,542,537,618
763,631,869,1620,523,1162,548,537,710
681,713,869,1625,513,1058,517,542,753
598,796,870,1632,512,1041,512,547,801
582,788,946,1633,512,1049,509,547,809
569,801,939,1622,543,1091,488,525,820
558,812,948,1600,590,1168,457,524,800
514,856,1147,1671,633,1240,410,524,739
472,898,1391,1671,611,1339,403,524,705
472,898,1343,1691,611,1360,403,525,665
472,844,1240,1641,628,1391,403,522,640
472,715,1221,1668,665,1391,403,522,657
472,562,1222,1615,680,1382,403,531,614
472,559,1104,1602,675,1315,403,549,682
472,559,1070,1451,635,1184,403,549,711
472,559,1056,1158,589,1135,403,550,747
472,536,1020,1037,582,1141,350,550,720
472,536,898,1006,588,1142,350,550,711
507,535,881,1001,592,1169,350,550,712
517,535,868,1001,590,1242,350,550,709
517,535,871,982,607,1123,295,550,709
517,535,851,865,582,1160,315,546,808
563,537,863,705,490,1229,389,546,807
586,537,868,705,487,1139,321,428,823
573,552,954,719,487,1021,319,357,853
572,564,1036,727,486,1021,346,275,1387
650,493,1124,719,486,1019,244,78,1509
701,496,1188,691,486,962,248,52,1525
650,547,1172,510,530,867,248,52,1816
767,508,1200,341,526,823,250,73,1921
777,496,1205,260,473,815,253,73,1762
642,609,1197,199,536,814,253,73,1930
487,763,1182,284,536,785,247,73,2053
487,681,1182,293,536,785,211,68,2024
490,598,1181,286,536,772,209,63,1976
491,582,1051,279,536,763,209,63,1983
491,569,1036,295,505,622,209,123,2023
491,558,1092,295,458,540,179,124,2022
495,514,999,219,438,468,185,124,2035
541,472,839,219,468,369,228,124,2035
546,472,907,220,519,348,228,123,2036
592,472,956,248,549,320,228,117,2036
607,472,985,301,514,320,228,122,2008
870,472,987,302,466,320,228,113,1997
925,472,952,389,466,320,246,121,1967
980,472,952,389,467,320,259,124,1992
1012,472,1144,411,462,320,380,297,1991
1212,472,1147,433,456,313,538,304,2022
1216,472,1147,443,437,308,627,308,2019
1181,507,1147,511,434,281,636,308,2226
1171,517,1157,582,439,208,636,353,2271
1171,517,1154,584,426,204,643,378,2320
1211,517,1141,700,457,114,790,534,2221
1275,563,1128,710,511,18,709,569,2298
1382,586,1123,710,581,11,717,723,2325
1380,573,1051,696,640,20,731,723,2312
1419,572,980,688,720,44,692,723,1778
1435,650,924,686,733,44,703,724,1715
1402,701,859,726,743,40,847,719,1732
1469,650,817,754,696,38,1129,719,1464
1491,767,744,754,611,38,1244,733,1356
1457,777,707,754,565,38,1244,733,1320
1448,642,729,844,494,59,1244,735,1080
1448,487,769,807,546,60,1245,751,874
1448,487,769,794,604,61,1245,751,935
1445,490,820,934,683,80,1299,751,978
1444,491,897,937,744,281,1321,751,963
1444,491,874,921,761,322,1334,691,970
1469,491,823,921,761,364,1334,690,994
1479,495,753,920,745,496,1328,697,981
1433,541,727,938,744,625,1268,697,1003
1428,546,670,916,707,625,1268,697,998
1382,592,668,890,694,620,1268,697,998
1367,607,708,797,692,625,1268,692,979
1105,870,758,793,691,626,1268,692,974
1050,925,780,706,691,628,1250,666,934
1091,980,851,728,690,629,1253,663,878
1059,1012,717,706,690,631,1133,489,888
859,1212,723,684,690,631,975,482,884
855,1216,794,675,690,631,886,478,1047
1089,1181,819,610,710,631,882,478,952
1246,1171,815,539,710,631,925,433,1012
1349,1171,923,537,708,632,926,423,969
1368,1211,1135,420,705,635,753,339,967
1260,1275,1167,409,692,635,748,345,890
1130,1382,1219,410,648,655,759,205,840
1130,1380,1280,485,589,646,745,205,823
1080,1419,1305,563,525,622,757,205,854
986,1435,1272,572,539,627,744,239,806
960,1402,1285,555,543,629,596,240,834
857,1469,1404,527,636,629,347,240,834
718,1491,1400,655,636,629,232,224,859
694,1457,1400,719,636,629,229,236,859
693,1448,1378,645,636,608,229,234,918
693,1448,1338,598,584,607,228,218,910
693,1448,1355,597,533,650,228,218,835
693,1445,1322,493,473,895,177,218,792
693,1444,1341,503,413,809,158,229,792
693,1444,1375,525,396,800,155,229,734
668,1469,1426,525,402,892,174,229,711
654,1479,1424,525,462,856,174,222,711
654,1433,1374,507,433,729,174,222,689
654,1428,1441,506,419,782,174,222,689
654,1382,1452,504,381,813,174,222,731
654,1367,1384,565,395,813,174,228,731
653,1105,1331,595,511,815,174,240,731
653,1050,1309,651,555,813,174,240,731
585,1091,1336,673,774,815,159,240,731
646,1059,1330,710,787,926,158,240,724
706,859,1334,780,787,927,158,240,700
708,855,1263,781,787,975,158,240,609
530,1089,1263,778,767,1042,153,240,683
433,1246,1267,781,762,1042,110,240,679
330,1349,1161,781,784,1119,102,225,719
271,1368,952,782,789,1123,102,153,716
267,1260,920,782,773,1123,102,112,716
267,1130,868,860,773,1103,83,106,716
267,1130,1064,785,773,1105,83,110,716
267,1080,1087,707,757,1114,98,110,745
295,986,1117,698,731,1245,195,73,772
328,960,1123,675,712,1385,242,72,711
393,857,1057,675,619,1423,220,80,687
405,718,1209,561,619,1423,229,61,708
430,694,1209,497,619,1423,229,49,726
465,693,1209,472,685,1450,229,53,667
466,693,1288,468,685,1519,229,160,666
498,693,1271,518,678,1475,229,183,666
750,693,1253,482,661,1211,227,183,666
809,693,1157,506,663,1097,427,172,666
818,693,1123,542,668,1069,517,177,666
818,668,1058,546,693,937,516,207,665
818,654,1021,551,626,841,517,207,665
818,654,1013,551,626,839,587,207,665
818,654,929,551,675,786,617,207,665
820,654,871,554,681,755,638,207,623
820,654,870,579,673,750,653,201,623
833,653,870,550,595,747,653,189,623
869,653,881,494,551,747,653,189,623
841,585,787,450,332,744,678,190,623
780,646,779,438,319,631,710,212,653
720,706,769,389,327,630,710,329,757
827,708,785,409,368,582,849,430,806
771,530,760,473,369,515,851,495,621
711,433,750,470,367,515,927,495,520
711,330,748,591,343,437,1054,498,474
727,271,745,594,311,430,1054,528,473
739,267,745,594,286,430,1054,531,473
745,267,745,523,260,430,1054,523,473
756,267,474,557,260,448,1054,568,509
767,267,415,590,260,454,1027,641,449
739,295,385,591,259,369,930,713,421
711,328,366,607,293,460,883,713,438
646,393,312,624,293,430,872,705,470
634,405,157,756,316,431,861,705,448
609,430,157,756,316,553,861,705,449
574,465,159,756,250,526,861,840,472
573,466,90,756,285,513,861,749,512
559,498,117,769,396,513,861,726,552
382,750,117,809,443,513,860,726,599
334,809,117,997,487,512,657,726,610
461,818,117,940,488,512,557,721,610
461,818,208,936,517,620,731,691,645
465,818,222,931,540,620,866,691,645
488,818,222,938,540,628,796,691,645
504,818,356,947,491,628,766,691,646
517,820,364,944,485,644,885,691,646
523,820,364,858,492,676,870,691,658
510,833,364,857,822,680,1077,691,689
474,869,353,857,822,732,1116,691,689
476,841,666,857,822,756,1090,690,705
476,780,678,832,822,771,1092,668,649
476,720,748,811,814,775,1310,551,577
367,827,733,789,773,776,1171,450,508
367,771,733,725,770,776,1178,385,506
367,711,733,725,779,776,1144,480,506
367,711,733,607,813,776,1098,484,533
351,727,733,603,812,776,1180,464,533
339,739,733,609,812,776,1410,461,533
333,745,733,610,812,776,1516,466,533
322,756,733,618,812,764,1606,417,497
311,767,757,585,930,749,1747,344,497
311,739,791,584,1024,716,1843,272,487
330,711,791,568,991,485,1843,273,470
330,646,791,551,1016,477,1871,286,438
330,634,793,405,1053,514,1911,295,408
340,609,793,486,1053,410,1921,316,389
408,574,791,717,1053,410,1989,251,400
492,573,781,717,1018,354,2059,250,384
474,559,754,896,907,354,2314,295,359
415,382,772,883,858,354,2317,366,312
406,334,929,667,1022,354,2322,383,301
270,461,937,887,1062,410,2331,395,301
270,461,846,920,1003,301,2139,395,266
274,465,832,1176,980,314,2003,419,266
465,488,854,1208,980,339,2003,426,266
449,504,721,1211,980,356,2003,426,272
436,517,759,1219,1190,360,1868,426,273
524,523,1039,1328,1177,424,1868,426,261
538,510,1156,1364,809,421,1766,426,230
541,474,1165,1402,824,391,1727,426,268
539,476,848,1415,824,454,1727,426,252
561,476,834,1415,824,543,1821,426,252
561,476,820,1415,824,540,1628,426,217
561,367,890,1415,824,539,1679,426,158
561,367,893,1415,824,539,1701,426,158
561,367,893,1415,826,539,1659,331,158
561,367,893,1412,792,539,1578,324,209
564,351,909,1562,792,552,1496,363,209
569,339,909,1588,792,552,1283,364,209
571,333,909,1596,792,552,1189,359,209
571,322,909,1758,792,544,1099,359,293
571,311,885,1816,674,544,959,359,350
571,311,851,1837,580,526,863,359,358
547,330,851,1971,579,587,863,364,358
557,330,851,1971,554,587,848,351,358
598,330,849,1971,494,549,866,342,358
605,340,849,1934,494,560,866,321,358
600,408,853,1703,494,603,870,247,324
555,492,902,1703,510,604,801,232,300
593,474,930,1461,523,605,546,187,285
577,415,947,1434,561,605,543,116,285
594,406,856,1425,354,605,538,131,285
594,270,1001,1209,323,545,529,129,382
596,270,1002,1205,332,544,529,129,443
622,274,1003,949,392,531,529,105,443
466,465,993,910,400,498,529,220,443
469,449,992,898,400,481,529,258,436
467,436,946,890,190,461,524,363,436
373,524,666,781,190,365,524,438,436
359,538,549,745,265,364,419,438,436
356,541,540,707,254,342,419,438,398
356,539,589,694,326,255,419,438,398
334,561,551,694,326,151,292,438,386
334,561,525,807,384,150,288,438,386
363,561,458,967,384,150,237,438,386
371,561,455,1123,384,150,206,559,386
424,561,455,1123,373,228,206,606,386
427,561,455,1123,373,258,206,607,391
464,564,439,973,373,246,207,568,472
542,569,439,941,373,326,190,622,539
544,571,439,924,406,326,178,622,539
663,571,439,820,730,326,236,660,455
956,571,439,774,731,326,263,763,440
967,571,439,754,731,326,401,804,439
1206,547,439,620,731,263,416,846,474
1196,557,454,620,731,263,473,900,474
1155,598,469,620,731,263,416,902,474
1138,605,469,678,731,236,656,902,474
1075,600,465,793,731,376,584,902,475
1055,555,527,794,715,486,583,902,581
1043,593,569,799,702,491,583,902,581
1043,577,535,799,664,534,583,902,656
1024,594,647,987,660,534,583,870,656
1024,594,519,982,645,598,586,860,620
1022,596,545,953,635,603,586,860,740
989,622,574,953,575,626,586,860,742
1126,466,568,953,567,654,586,738,780
1123,469,575,953,567,655,586,700,814
1123,467,577,963,567,1015,651,678,820
1123,373,709,963,567,1042,679,614,863
1123,359,711,963,492,1138,679,624,863
1123,356,794,966,567,1149,679,624,865
1123,356,782,1150,495,1164,679,624,953
1123,334,778,1162,546,1164,678,624,955
1123,334,745,1050,488,1164,657,624,956
1094,363,1020,917,489,1164,657,624,956
1086,371,1022,800,532,1164,657,569,956
1033,424,1024,800,579,1086,657,526,956
1144,427,1024,802,621,1056,657,525,873
1112,464,1024,802,647,1055,656,521,792
1029,542,1024,805,648,975,656,466,801
1060,544,1024,805,630,975,656,466,802
1025,663,1123,723,368,991,598,428,803
742,956,1123,713,380,1045,570,484,892
731,967,1123,910,411,1107,432,443,885
492,1206,1158,912,554,1109,417,395,850
492,1196,1143,1092,688,1140,347,341,850
492,1155,1203,1102,705,1140,346,801,902
492,1138,1372,1062,813,1200,96,801,903
493,1075,1419,947,838,1041,96,801,1132
474,1055,1309,946,898,930,96,823,1042
502,1043,1241,993,899,924,96,838,1079
515,1043,1272,993,899,968,96,838,1006
515,1024,1114,805,899,968,276,838,1008
515,1024,1096,979,933,918,355,838,947
515,1022,1069,1110,946,913,372,838,766
514,989,1039,1216,948,958,443,838,764
319,1126,1034,1221,952,976,558,838,726
337,1123,1027,1221,952,981,646,838,692
340,1123,1025,1211,952,621,601,755,685
340,1123,901,1211,952,665,597,744,642
370,1123,904,1259,952,573,684,743,642
496,1123,821,1263,873,562,689,763,640
550,1123,784,1079,873,578,689,807,552
581,1123,819,1160,822,594,689,810,569
581,1123,819,1174,822,594,689,834,568
596,1094,541,1147,834,594,689,926,568
703,1086,553,1108,791,595,689,884,568
950,1033,552,1108,829,651,689,880,568
871,1144,598,1137,796,873,689,880,568
905,1112,616,1137,936,1187,689,874,568
1257,1029,616,1147,944,1353,689,874,494
1400,1060,616,1147,929,1417,689,876,493
1421,1025,529,1133,867,1445,689,884,500
1411,742,530,1138,854,1765,689,744,414
1412,731,530,941,823,1795,689,816,457
1413,492,495,1098,748,1853,689,816,457
1416,492,519,952,618,2031,689,831,457
1465,492,444,1081,613,2130,689,398,469
1651,492,275,1073,720,2088,689,402,468
1702,493,228,1128,696,2086,689,403,296
1720,474,227,1134,636,2089,718,502,280
1666,502,225,1205,663,2089,822,569,243
1716,515,247,1292,667,2008,1028,637,241
1739,515,356,1391,667,2008,849,671,239
1857,515,502,1271,636,2038,779,706,251
1886,515,505,1161,657,2069,899,706,251
2073,514,505,1055,677,2017,844,713,251
2089,319,504,1050,691,1971,750,967,251
2072,337,527,1195,691,1965,735,1073,251
2111,340,527,1247,691,1966,717,1124,251
2138,340,520,1252,693,1940,693,1124,266
2154,370,515,1231,693,1956,611,1115,336
2127,496,515,1226,698,1986,615,1095,369
2080,550,515,1235,700,1955,615,1051,404
2049,581,480,1142,700,1939,615,1176,385
2049,581,480,1159,705,1940,630,1176,398
2034,596,479,1172,696,1940,673,1194,411
1984,703,465,1242,696,1939,675,1170,411
1742,950,535,1354,614,1883,675,1170,411
1731,871,494,1467,614,1661,675,1180,411
1697,905,512,1467,470,1347,675,1188,411
1406,1257,551,1550,469,1181,675,1291,409
1228,1400,611,1616,469,1182,675,1291,411
1123,1421,631,1650,481,1139,694,1283,425
1132,1411,631,1643,481,765,743,1264,380
1141,1412,713,1642,481,683,847,1259,337
1144,1413,796,1483,413,624,877,1266,337
1209,1416,788,1503,415,415,878,1254,337
1188,1465,801,1409,414,316,977,1246,295
1005,1651,812,1355,221,296,982,1303,296
953,1702,856,1303,226,274,982,1349,238
935,1720,898,1297,226,293,953,1252,238
935,1666,898,1228,200,293,849,1170,238
872,1716,844,1244,246,291,645,1102,247
849,1739,715,1164,259,291,644,1068,247
731,1857,562,1110,312,281,641,1033,235
702,1886,559,1242,291,255,571,1033,235
515,2073,559,1276,420,279,686,1026,235
504,2089,559,1290,695,330,714,772,235
504,2072,536,1181,816,343,642,719,235
469,2111,536,1251,847,355,644,668,235
479,2138,535,1263,850,311,644,668,220
437,2154,535,1249,850,295,639,668,150
338,2127,535,1247,864,265,753,723,117
331,2080,535,1271,980,290,806,729,86
331,2049,537,1272,1141,382,833,613,86
387,2049,537,1240,1136,384,915,657,191
412,2034,552,1227,1132,384,990,549,249
511,1984,564,1157,1132,385,988,561,331
509,1742,493,1046,1139,385,990,665,530
524,1731,496,903,1158,390,1051,655,561
530,1697,547,962,1317,393,1148,647,561
572,1406,508,918,1478,482,1192,544,561
619,1228,496,884,1559,516,1200,542,559
624,1123,609,854,1617,523,1182,542,537
758,1132,763,869,1620,523,1162,548,537
841,1141,681,869,1625,513,1058,517,542
875,1144,598,870,1632,512,1041,512,547
1048,1209,582,946,1633,512,1049,509,547
1354,1188,569,939,1622,543,1091,488,525
1398,1005,558,948,1600,590,1168,457,524
1532,953,514,1147,1671,633,1240,410,524
1532,935,472,1391,1671,611,1339,403,524
1532,935,472,1343,1691,611,1360,403,525
1532,872,472,1240,1641,628,1391,403,522
1532,849,472,1221,1668,665,1391,403,522
1532,731,472,1222,1615,680,1382,403,531
1532,702,472,1104,1602,675,1315,403,549
1532,515,472,1070,1451,635,1184,403,549
1527,504,472,1056,1158,589,1135,403,550
1528,504,472,1020,1037,582,1141,350,550
1521,469,472,898,1006,588,1142,350,550
1493,479,507,881,1001,592,1169,350,550
1489,437,517,868,1001,590,1242,350,550
1489,338,517,871,982,607,1123,295,550
1489,331,517,851,865,582,1160,315,546
1517,331,563,863,705,490,1229,389,546
1506,387,586,868,705,487,1139,321,428
1500,412,573,954,719,487,1021,319,357
1372,511,572,1036,727,486,1021,346,275
1371,509,650,1124,719,486,1019,244,78
1332,524,701,1188,691,486,962,248,52
1318,530,650,1172,510,530,867,248,52
1241,572,767,1200,341,526,823,250,73
1213,619,777,1205,260,473,815,253,73
1279,624,642,1197,199,536,814,253,73
1151,758,487,1182,284,536,785,247,73
1058,841,487,1182,293,536,785,211,68
1020,875,490,1181,286,536,772,209,63
782,1048,491,1051,279,536,763,209,63
550,1354,491,1036,295,505,622,209,123
564,1398,491,1092,295,458,540,179,124
437,1532,495,999,219,438,468,185,124
438,1532,541,839,219,468,369,228,124
438,1532,546,907,220,519,348,228,123
443,1532,592,956,248,549,320,228,117
445,1532,607,985,301,514,320,228,122
445,1532,870,987,302,466,320,228,113
445,1532,925,952,389,466,320,246,121
445,1532,980,952,389,467,320,259,124
445,1527,1012,1144,411,462,320,380,297
443,1528,1212,1147,433,456,313,538,304
443,1521,1216,1147,443,437,308,627,308
434,1493,1181,1147,511,434,281,636,308
434,1489,1171,1157,582,439,208,636,353
434,1489,1171,1154,584,426,204,643,378
434,1489,1211,1141,700,457,114,790,534
406,1517,1275,1128,710,511,18,709,569
361,1506,1382,1123,710,581,11,717,723
342,1500,1380,1051,696,640,20,731,723
314,1372,1419,980,688,720,44,692,723
312,1371,1435,924,686,733,44,703,724
312,1332,1402,859,726,743,40,847,719
312,1318,1469,817,754,696,38,1129,719
286,1241,1491,744,754,611,38,1244,733
267,1213,1457,707,754,565,38,1244,733
198,1279,1448,729,844,494,59,1244,735
324,1151,1448,769,807,546,60,1245,751
366,1058,1448,769,794,604,61,1245,751
367,1020,1445,820,934,683,80,1299,751
364,782,1444,897,937,744,281,1321,751
262,550,1444,874,921,761,322,1334,691
329,564,1469,823,921,761,364,1334,690
322,437,1479,753,920,745,496,1328,697
321,438,1433,727,938,744,625,1268,697
321,438,1428,670,916,707,625,1268,697
316,443,1382,668,890,694,620,1268,697
317,445,1367,708,797,692,625,1268,692
317,445,1105,758,793,691,626,1268,692
317,445,1050,780,706,691,628,1250,666
317,445,1091,851,728,690,629,1253,663
317,445,1059,717,706,690,631,1133,489
317,443,859,723,684,690,631,975,482
317,443,855,794,675,690,631,886,478
317,434,1089,819,610,710,631,882,478
317,434,1246,815,539,710,631,925,433
317,434,1349,923,537,708,632,926,423
317,434,1368,1135,420,705,635,753,339
317,406,1260,1167,409,692,635,748,345
317,361,1130,1219,410,648,655,759,205
317,342,1130,1280,485,589,646,745,205
402,314,1080,1305,563,525,622,757,205
438,312,986,1272,572,539,627,744,239
438,312,960,1285,555,543,629,596,240
440,312,857,1404,527,636,629,347,240
440,286,718,1400,655,636,629,232,224
471,267,694,1400,719,636,629,229,236
469,198,693,1378,645,636,608,229,234
422,324,693,1338,598,584,607,228,218
409,366,693,1355,597,533,650,228,218
409,367,693,1322,493,473,895,177,218
409,364,693,1341,503,413,809,158,229
410,262,693,1375,525,396,800,155,229
282,329,668,1426,525,402,892,174,229
282,322,654,1424,525,462,856,174,222
282,321,654,1374,507,433,729,174,222
282,321,654,1441,506,419,782,174,222
285,316,654,1452,504,381,813,174,222
282,317,654,1384,565,395,813,174,228
282,317,653,1331,595,511,815,174,240
282,317,653,1309,651,555,813,174,240
282,317,585,1336,673,774,815,159,240
282,317,646,1330,710,787,926,158,240
282,317,706,1334,780,787,927,158,240
282,317,708,1263,781,787,975,158,240
282,317,530,1263,778,767,1042,153,240
282,317,433,1267,781,762,1042,110,240
282,317,330,1161,781,784,1119,102,225
283,317,271,952,782,789,1123,102,153
284,317,267,920,782,773,1123,102,112
284,317,267,868,860,773,1103,83,106
284,317,267,1064,785,773,1105,83,110
202,402,267,1087,707,757,1114,98,110
287,438,295,1117,698,731,1245,195,73
299,438,328,1123,675,712,1385,242,72
326,440,393,1057,675,619,1423,220,80
370,440,405,1209,561,619,1423,229,61
518,471,430,1209,497,619,1423,229,49
525,469,465,1209,472,685,1450,229,53
432,422,466,1288,468,685,1519,229,160
403,409,498,1271,518,678,1475,229,183
402,409,750,1253,482,661,1211,227,183
402,409,809,1157,506,663,1097,427,172
401,410,818,1123,542,668,1069,517,177
401,282,818,1058,546,693,937,516,207
405,282,818,1021,551,626,841,517,207
413,282,818,1013,551,626,839,587,207
413,282,818,929,551,675,786,617,207
410,285,820,871,554,681,755,638,207
452,282,820,870,579,673,750,653,201
464,282,833,870,550,595,747,653,189
500,282,869,881,494,551,747,653,189
500,282,841,787,450,332,744,678,190
506,282,780,779,438,319,631,710,212
574,282,720,769,389,327,630,710,329
821,282,827,785,409,368,582,849,430
1091,282,771,760,473,369,515,851,495
1091,282,711,750,470,367,515,927,495
1121,282,711,748,591,343,437,1054,498
1158,283,727,745,594,311,430,1054,528
1157,284,739,745,594,286,430,1054,531
1247,284,745,745,523,260,430,1054,523
1247,284,756,474,557,260,448,1054,568
1244,202,767,415,590,260,454,1027,641
1123,287,739,385,591,259,369,930,713
1111,299,711,366,607,293,460,883,713
1179,326,646,312,624,293,430,872,705
1135,370,634,157,756,316,431,861,705
956,518,609,157,756,316,553,861,705
949,525,574,159,756,250,526,861,840
984,432,573,90,756,285,513,861,749
1005,403,559,117,769,396,513,861,726
1022,402,382,117,809,443,513,860,726
1046,402,334,117,997,487,512,657,726
1046,401,461,117,940,488,512,557,721
1046,401,461,208,936,517,620,731,691
1131,405,465,222,931,540,620,866,691
1123,413,488,222,938,540,628,796,691
1161,413,504,356,947,491,628,766,691
1161,410,517,364,944,485,644,885,691
1120,452,523,364,858,492,676,870,691
1108,464,510,364,857,822,680,1077,691
1240,500,474,353,857,822,732,1116,691
1240,500,476,666,857,822,756,1090,690
1234,506,476,678,832,822,771,1092,668
1230,574,476,748,811,814,775,1310,551
983,821,367,733,789,773,776,1171,450
713,1091,367,733,725,770,776,1178,385
713,1091,367,733,725,779,776,1144,480
683,1121,367,733,607,813,776,1098,484
645,1158,351,733,603,812,776,1180,464
645,1157,339,733,609,812,776,1410,461
555,1247,333,733,610,812,776,1516,466
555,1247,322,733,618,812,764,1606,417
555,1244,311,757,585,930,749,1747,344
555,1123,311,791,584,1024,716,1843,272
555,1111,330,791,568,991,485,1843,273
458,1179,330,791,551,1016,477,1871,286
484,1135,330,793,405,1053,514,1911,295
523,956,340,793,486,1053,410,1921,316
549,949,408,791,717,1053,410,1989,251
537,984,492,781,717,1018,354,2059,250
611,1005,474,754,896,907,354,2314,295
594,1022,415,772,883,858,354,2317,366
570,1046,406,929,667,1022,354,2322,383
570,1046,270,937,887,1062,410,2331,395
570,1046,270,846,920,1003,301,2139,395
481,1131,274,832,1176,980,314,2003,419
481,1123,465,854,1208,980,339,2003,426
443,1161,449,721,1211,980,356,2003,426
443,1161,436,759,1219,1190,360,1868,426
442,1120,524,1039,1328,1177,424,1868,426
442,1108,538,1156,1364,809,421,1766,426
274,1240,541,1165,1402,824,391,1727,426
281,1240,539,848,1415,824,454,1727,426
281,1234,561,834,1415,824,543,1821,426
217,1230,561,820,1415,824,540,1628,426
217,983,561,890,1415,824,539,1679,426
232,713,561,893,1415,824,539,1701,426
392,713,561,893,1415,826,539,1659,331
392,683,561,893,1412,792,539,1578,324
392,645,564,909,1562,792,552,1496,363
396,645,569,909,1588,792,552,1283,364
398,555,571,909,1596,792,552,1189,359
471,555,571,909,1758,792,544,1099,359
493,555,571,885,1816,674,544,959,359
493,555,571,851,1837,580,526,863,359
493,555,547,851,1971,579,587,863,364
532,458,557,851,1971,554,587,848,351
506,484,598,849,1971,494,549,866,342
467,523,605,849,1934,494,560,866,321
441,549,600,853,1703,494,603,870,247
417,537,555,902,1703,510,604,801,232
322,611,593,930,1461,523,605,546,187
322,594,577,947,1434,561,605,543,116
322,570,594,856,1425,354,605,538,131
322,570,594,1001,1209,323,545,529,129
322,570,596,1002,1205,332,544,529,129
322,481,622,1003,949,392,531,529,105
322,481,466,993,910,400,498,529,220
322,443,469,992,898,400,481,529,258
322,443,467,946,890,190,461,524,363
322,442,373,666,781,190,365,524,438
322,442,359,549,745,265,364,419,438
322,274,356,540,707,254,342,419,438
315,281,356,589,694,326,255,419,438
494,281,334,551,694,326,151,292,438
623,217,334,525,807,384,150,288,438
623,217,363,458,967,384,150,237,438
608,232,371,455,1123,384,150,206,559
448,392,424,455,1123,373,228,206,606
448,392,427,455,1123,373,258,206,607
448,392,464,439,973,373,246,207,568
444,396,542,439,941,373,326,190,622
442,398,544,439,924,406,326,178,622
369,471,663,439,820,730,326,236,660
347,493,956,439,774,731,326,263,763
356,493,967,439,754,731,326,401,804
506,493,1206,439,620,731,263,416,846
473,532,1196,454,620,731,263,473,900
473,506,1155,469,620,731,263,416,902
473,467,1138,469,678,731,236,656,902
473,441,1075,465,793,731,376,584,902
473,417,1055,527,794,715,486,583,902
473,322,1043,569,799,702,491,583,902
473,322,1043,535,799,664,534,583,902
482,322,1024,647,987,660,534,583,870
629,322,1024,519,982,645,598,586,860
629,322,1022,545,953,635,603,586,860
629,322,989,574,953,575,626,586,860
658,322,1126,568,953,567,654,586,738
658,322,1123,575,953,567,655,586,700
658,322,1123,577,963,567,1015,651,678
658,322,1123,709,963,567,1042,679,614
658,322,1123,711,963,492,1138,679,624
658,322,1123,794,966,567,1149,679,624
658,315,1123,782,1150,495,1164,679,624
479,494,1123,778,1162,546,1164,678,624
350,623,1123,745,1050,488,1164,657,624
350,623,1094,1020,917,489,1164,657,624
350,608,1086,1022,800,532,1164,657,569
350,448,1033,1024,800,579,1086,657,526
382,448,1144,1024,802,621,1056,657,525
388,448,1112,1024,802,647,1055,656,521
388,444,1029,1024,805,648,975,656,466
388,442,1060,1024,805,630,975,656,466
388,369,1025,1123,723,368,991,598,428
390,347,742,1123,713,380,1045,570,484
400,356,731,1123,910,411,1107,432,443
250,506,492,1158,912,554,1109,417,395
244,473,492,1143,1092,688,1140,347,341
285,473,492,1203,1102,705,1140,346,801
369,473,492,1372,1062,813,1200,96,801
399,473,493,1419,947,838,1041,96,801
399,473,474,1309,946,898,930,96,823
410,473,502,1241,993,899,924,96,838
481,473,515,1272,993,899,968,96,838
627,482,515,1114,805,899,968,276,838
517,629,515,1096,979,933,918,355,838
517,629,515,1069,1110,946,913,372,838
518,629,514,1039,1216,948,958,443,838
491,658,319,1034,1221,952,976,558,838
491,658,337,1027,1221,952,981,646,838
491,658,340,1025,1211,952,621,601,755
491,658,340,901,1211,952,665,597,744
491,658,370,904,1259,952,573,684,743
491,658,496,821,1263,873,562,689,763
491,658,550,784,1079,873,578,689,807
491,479,581,819,1160,822,594,689,810
491,350,581,819,1174,822,594,689,834
491,350,596,541,1147,834,594,689,926
491,350,703,553,1108,791,595,689,884
491,350,950,552,1108,829,651,689,880
459,382,871,598,1137,796,873,689,880
453,388,905,616,1137,936,1187,689,874
453,388,1257,616,1147,944,1353,689,874
453,388,1400,616,1147,929,1417,689,876
453,388,1421,529,1133,867,1445,689,884
473,390,1411,530,1138,854,1765,689,744
471,400,1412,530,941,823,1795,689,816
517,250,1413,495,1098,748,1853,689,816
703,244,1416,519,952,618,2031,689,831
671,285,1465,444,1081,613,2130,689,398
647,369,1651,275,1073,720,2088,689,402
640,399,1702,228,1128,696,2086,689,403
640,399,1720,227,1134,636,2089,718,502
629,410,1666,225,1205,663,2089,822,569
558,481,1716,247,1292,667,2008,1028,637
403,627,1739,356,1391,667,2008,849,671
366,517,1857,502,1271,636,2038,779,706
366,517,1886,505,1161,657,2069,899,706
365,518,2073,505,1055,677,2017,844,713
363,491,2089,504,1050,691,1971,750,967
381,491,2072,527,1195,691,1965,735,1073
381,491,2111,527,1247,691,1966,717,1124
418,491,2138,520,1252,693,1940,693,1124
418,491,2154,515,1231,693,1956,611,1115
496,491,2127,515,1226,698,1986,615,1095
555,491,2080,515,1235,700,1955,615,1051
561,491,2049,480,1142,700,1939,615,1176
563,491,2049,480,1159,705,1940,630,1176
563,491,2034,479,1172,696,1940,673,1194
563,491,1984,465,1242,696,1939,675,1170
565,491,1742,535,1354,614,1883,675,1170
592,459,1731,494,1467,614,1661,675,1180
592,453,1697,512,1467,470,1347,675,1188
624,453,1406,551,1550,469,1181,675,1291
673,453,1228,611,1616,469,1182,675,1291
717,453,1123,631,1650,481,1139,694,1283
695,473,1132,631,1643,481,765,743,1264
680,471,1141,713,1642,481,683,847,1259
678,517,1144,796,1483,413,624,877,1266
501,703,1209,788,1503,415,415,878,1254
492,671,1188,801,1409,414,316,977,1246
432,647,1005,812,1355,221,296,982,1303
409,640,953,856,1303,226,274,982,1349
409,640,935,898,1297,226,293,953,1252
409,629,935,898,1228,200,293,849,1170
409,558,872,844,1244,246,291,645,1102
409,403,849,715,1164,259,291,644,1068
409,366,731,562,1110,312,281,641,1033
409,366,702,559,1242,291,255,571,1033
415,365,515,559,1276,420,279,686,1026
433,363,504,559,1290,695,330,714,772
549,381,504,536,1181,816,343,642,719
648,381,469,536,1251,847,355,644,668
612,418,479,535,1263,850,311,644,668
612,418,437,535,1249,850,295,639,668
534,496,338,535,1247,864,265,753,723
475,555,331,535,1271,980,290,806,729
477,561,331,537,1272,1141,382,833,613
574,563,387,537,1240,1136,384,915,657
587,563,412,552,1227,1132,384,990,549
587,563,511,564,1157,1132,385,988,561
608,565,509,493,1046,1139,385,990,665
581,592,524,496,903,1158,390,1051,655
585,592,530,547,962,1317,393,1148,647
553,624,572,508,918,1478,482,1192,544
588,673,619,496,884,1559,516,1200,542
567,717,624,609,854,1617,523,1182,542
567,695,758,763,869,1620,523,1162,548
565,680,841,681,869,1625,513,1058,517
521,678,875,598,870,1632,512,1041,512
521,501,1048,582,946,1633,512,1049,509
522,492,1354,569,939,1622,543,1091,488
522,432,1398,558,948,1600,590,1168,457
522,409,1532,514,1147,1671,633,1240,410
538,409,1532,472,1391,1671,611,1339,403
576,409,1532,472,1343,1691,611,1360,403
577,409,1532,472,1240,1641,628,1391,403
660,409,1532,472,1221,1668,665,1391,403
683,409,1532,472,1222,1615,680,1382,403
703,409,1532,472,1104,1602,675,1315,403
901,415,1532,472,1070,1451,635,1184,403
1050,433,1527,472,1056,1158,589,1135,403
1017,549,1528,472,1020,1037,582,1141,350
985,648,1521,472,898,1006,588,1142,350
1026,612,1493,507,881,1001,592,1169,350
1079,612,1489,517,868,1001,590,1242,350
1118,534,1489,517,871,982,607,1123,295
1127,475,1489,517,851,865,582,1160,315
1179,477,1517,563,863,705,490,1229,389
1086,574,1506,586,868,705,487,1139,321
1073,587,1500,573,954,719,487,1021,319
1073,587,1372,572,1036,727,486,1021,346
1050,608,1371,650,1124,719,486,1019,244
1072,581,1332,701,1188,691,486,962,248
1080,585,1318,650,1172,510,530,867,248
1102,553,1241,767,1200,341,526,823,250
1026,588,1213,777,1205,260,473,815,253
1016,567,1279,642,1197,199,536,814,253
1017,567,1151,487,1182,284,536,785,247
1017,565,1058,487,1182,293,536,785,211
1049,521,1020,490,1181,286,536,772,209
1091,521,782,491,1051,279,536,763,209
1091,522,550,491,1036,295,505,622,209
1091,522,564,491,1092,295,458,540,179
1091,522,437,495,999,219,438,468,185
1075,538,438,541,839,219,468,369,228
1042,576,438,546,907,220,519,348,228
1082,577,443,592,956,248,549,320,228
1059,660,445,607,985,301,514,320,228
1036,683,445,870,987,302,466,320,228
1021,703,445,925,952,389,466,320,246
817,901,445,980,952,389,467,320,259
650,1050,445,1012,1144,411,462,320,380
549,1017,443,1212,1147,433,456,313,538
482,985,443,1216,1147,443,437,308,627
440,1026,434,1181,1147,511,434,281,636
387,1079,434,1171,1157,582,439,208,636
348,1118,434,1171,1154,584,426,204,643
339,1127,434,1211,1141,700,457,114,790
279,1179,406,1275,1128,710,511,18,709
273,1086,361,1382,1123,710,581,11,717
273,1073,342,1380,1051,696,640,20,731
293,1073,314,1419,980,688,720,44,692
293,1050,312,1435,924,686,733,44,703
273,1072,312,1402,859,726,743,40,847
292,1080,312,1469,817,754,696,38,1129
271,1102,286,1491,744,754,611,38,1244
271,1026,267,1457,707,754,565,38,1244
314,1016,198,1448,729,844,494,59,1244
313,1017,324,1448,769,807,546,60,1245
313,1017,366,1448,769,794,604,61,1245
281,1049,367,1445,820,934,683,80,1299
230,1091,364,1444,897,937,744,281,1321
235,1091,262,1444,874,921,761,322,1334
241,1091,329,1469,823,921,761,364,1334
266,1091,322,1479,753,920,745,496,1328
266,1075,321,1433,727,938,744,625,1268
263,1042,321,1428,670,916,707,625,1268
228,1082,316,1382,668,890,694,620,1268
168,1059,317,1367,708,797,692,625,1268
255,1036,317,1105,758,793,691,626,1268
251,1021,317,1050,780,706,691,628,1250
251,817,317,1091,851,728,690,629,1253
251,650,317,1059,717,706,690,631,1133
251,549,317,859,723,684,690,631,975
251,482,317,855,794,675,690,631,886
251,440,317,1089,819,610,710,631,882
290,387,317,1246,815,539,710,631,925
362,348,317,1349,923,537,708,632,926
396,339,317,1368,1135,420,705,635,753
443,279,317,1260,1167,409,692,635,748
447,273,317,1130,1219,410,648,655,759
447,273,317,1130,1280,485,589,646,745
427,293,402,1080,1305,563,525,622,757
427,293,438,986,1272,572,539,627,744
425,273,438,960,1285,555,543,629,596
394,292,440,857,1404,527,636,629,347
393,271,440,718,1400,655,636,629,232
385,271,471,694,1400,719,636,629,229
329,314,469,693,1378,645,636,608,229
329,313,422,693,1338,598,584,607,228
415,313,409,693,1355,597,533,650,228
417,281,409,693,1322,493,473,895,177
453,230,409,693,1341,503,413,809,158
517,235,410,693,1375,525,396,800,155
526,241,282,668,1426,525,402,892,174
512,266,282,654,1424,525,462,856,174
529,266,282,654,1374,507,433,729,174
527,263,282,654,1441,506,419,782,174
523,228,285,654,1452,504,381,813,174
523,168,282,654,1384,565,395,813,174
436,255,282,653,1331,595,511,815,174
435,251,282,653,1309,651,555,813,174
435,251,282,585,1336,673,774,815,159
435,251,282,646,1330,710,787,926,158
435,251,282,706,1334,780,787,927,158
443,251,282,708,1263,781,787,975,158
472,251,282,530,1263,778,767,1042,153
515,290,282,433,1267,781,762,1042,110
446,362,282,330,1161,781,784,1119,102
412,396,283,271,952,782,789,1123,102
514,443,284,267,920,782,773,1123,102
510,447,284,267,868,860,773,1103,83
510,447,284,267,1064,785,773,1105,83
510,427,202,267,1087,707,757,1114,98
510,427,287,295,1117,698,731,1245,195
542,425,299,328,1123,675,712,1385,242
563,394,326,393,1057,675,619,1423,220
569,393,370,405,1209,561,619,1423,229
569,385,518,430,1209,497,619,1423,229
571,329,525,465,1209,472,685,1450,229
571,329,432,466,1288,468,685,1519,229
523,415,403,498,1271,518,678,1475,229
538,417,402,750,1253,482,661,1211,227
503,453,402,809,1157,506,663,1097,427
502,517,401,818,1123,542,668,1069,517
694,526,401,818,1058,546,693,937,516
892,512,405,818,1021,551,626,841,517
877,529,413,818,1013,551,626,839,587
877,527,413,818,929,551,675,786,617
984,523,410,820,871,554,681,755,638
984,523,452,820,870,579,673,750,653
992,436,464,833,870,550,595,747,653
992,435,500,869,881,494,551,747,653
992,435,500,841,787,450,332,744,678
992,435,506,780,779,438,319,631,710
992,435,574,720,769,389,327,630,710
984,443,821,827,785,409,368,582,849
955,472,1091,771,760,473,369,515,851
873,515,1091,711,750,470,367,515,927
870,446,1121,711,748,591,343,437,1054
870,412,1158,727,745,594,311,430,1054
721,514,1157,739,745,594,286,430,1054
721,510,1247,745,745,523,260,430,1054
721,510,1247,756,474,557,260,448,1054
721,510,1244,767,415,590,260,454,1027
721,510,1123,739,385,591,259,369,930
689,542,1111,711,366,607,293,460,883
668,563,1179,646,312,624,293,430,872
675,569,1135,634,157,756,316,431,861
675,569,956,609,157,756,316,553,861
673,571,949,574,159,756,250,526,861
707,571,984,573,90,756,285,513,861
669,523,1005,559,117,769,396,513,861
710,538,1022,382,117,809,443,513,860
709,503,1046,334,117,997,487,512,657
640,502,1046,461,117,940,488,512,557
433,694,1046,461,208,936,517,620,731
224,892,1131,465,222,931,540,620,866
222,877,1123,488,222,938,540,628,796
295,877,1161,504,356,947,491,628,766
208,984,1161,517,364,944,485,644,885
299,984,1120,523,364,858,492,676,870
291,992,1108,510,364,857,822,680,1077
291,992,1240,474,353,857,822,732,1116
291,992,1240,476,666,857,822,756,1090
291,992,1234,476,678,832,822,771,1092
291,992,1230,476,748,811,814,775,1310
305,984,983,367,733,789,773,776,1171
326,955,713,367,733,725,770,776,1178
326,873,713,367,733,725,779,776,1144
327,870,683,367,733,607,813,776,1098
423,870,645,351,733,603,812,776,1180
423,721,645,339,733,609,812,776,1410
444,721,555,333,733,610,812,776,1516
444,721,555,322,733,618,812,764,1606
444,721,555,311,757,585,930,749,1747
444,721,555,311,791,584,1024,716,1843
444,689,555,330,791,568,991,485,1843
444,668,458,330,791,551,1016,477,1871
431,675,484,330,793,405,1053,514,1911
484,675,523,340,793,486,1053,410,1921
587,673,549,408,791,717,1053,410,1989
568,707,537,492,781,717,1018,354,2059
606,669,611,474,754,896,907,354,2314
548,710,594,415,772,883,858,354,2317
548,709,570,406,929,667,1022,354,2322
623,640,570,270,937,887,1062,410,2331
671,433,570,270,846,920,1003,301,2139
695,224,481,274,832,1176,980,314,2003
705,222,481,465,854,1208,980,339,2003
634,295,443,449,721,1211,980,356,2003
614,208,443,436,759,1219,1190,360,1868
523,299,442,524,1039,1328,1177,424,1868
523,291,442,538,1156,1364,809,421,1766
523,291,274,541,1165,1402,824,391,1727
523,291,281,539,848,1415,824,454,1727
525,291,281,561,834,1415,824,543,1821
661,291,217,561,820,1415,824,540,1628
715,305,217,561,890,1415,824,539,1679
724,326,232,561,893,1415,824,539,1701
776,326,392,561,893,1415,826,539,1659
775,327,392,561,893,1412,792,539,1578
679,423,392,564,909,1562,792,552,1496
679,423,396,569,909,1588,792,552,1283
681,444,398,571,909,1596,792,552,1189
689,444,471,571,909,1758,792,544,1099
689,444,493,571,885,1816,674,544,959
689,444,493,571,851,1837,580,526,863
689,444,493,547,851,1971,579,587,863
689,444,532,557,851,1971,554,587,848
689,431,506,598,849,1971,494,549,866
636,484,467,605,849,1934,494,560,866
533,587,441,600,853,1703,494,603,870
525,568,417,555,902,1703,510,604,801
506,606,322,593,930,1461,523,605,546
506,548,322,577,947,1434,561,605,543
506,548,322,594,856,1425,354,605,538
454,623,322,594,1001,1209,323,545,529
406,671,322,596,1002,1205,332,544,529
382,695,322,622,1003,949,392,531,529
499,705,322,466,993,910,400,498,529
497,634,322,469,992,898,400,481,529
567,614,322,467,946,890,190,461,524
654,523,322,373,666,781,190,365,524
682,523,322,359,549,745,265,364,419
682,523,322,356,540,707,254,342,419
863,523,315,356,589,694,326,255,419
900,525,494,334,551,694,326,151,292
995,661,623,334,525,807,384,150,288
927,715,623,363,458,967,384,150,237
1010,724,608,371,455,1123,384,150,206
982,776,448,424,455,1123,373,228,206
982,775,448,427,455,1123,373,258,206
983,679,448,464,439,973,373,246,207
1022,679,444,542,439,941,373,326,190
1097,681,442,544,439,924,406,326,178
1112,689,369,663,439,820,730,326,236
1124,689,347,956,439,774,731,326,263
1221,689,356,967,439,754,731,326,401
1249,689,506,1206,439,620,731,263,416
1278,689,473,1196,454,620,731,263,473
1278,689,473,1155,469,620,731,263,416
1278,636,473,1138,469,678,731,236,656
1278,533,473,1075,465,793,731,376,584
1271,525,473,1055,527,794,715,486,583
1252,506,473,1043,569,799,702,491,583
1252,506,473,1043,535,799,664,534,583
1252,506,482,1024,647,987,660,534,583
1229,454,629,1024,519,982,645,598,586
1229,406,629,1022,545,953,635,603,586
1229,382,629,989,574,953,575,626,586
1233,499,658,1126,568,953,567,654,586
1239,497,658,1123,575,953,567,655,586
1167,567,658,1123,577,963,567,1015,651
1081,654,658,1123,709,963,567,1042,679
1053,682,658,1123,711,963,492,1138,679
1056,682,658,1123,794,966,567,1149,679
875,863,658,1123,782,1150,495,1164,679
836,900,479,1123,778,1162,546,1164,678
641,995,350,1123,745,1050,488,1164,657
641,927,350,1094,1020,917,489,1164,657
539,1010,350,1086,1022,800,532,1164,657
518,982,350,1033,1024,800,579,1086,657
537,982,382,1144,1024,802,621,1056,657
654,983,388,1112,1024,802,647,1055,656
620,1022,388,1029,1024,805,648,975,656
562,1097,388,1060,1024,805,630,975,656
539,1112,388,1025,1123,723,368,991,598
549,1124,390,742,1123,713,380,1045,570
453,1221,400,731,1123,910,411,1107,432
427,1249,250,492,1158,912,554,1109,417
456,1278,244,492,1143,1092,688,1140,347
456,1278,285,492,1203,1102,705,1140,346
456,1278,369,492,1372,1062,813,1200,96
456,1278,399,493,1419,947,838,1041,96
456,1271,399,474,1309,946,898,930,96
509,1252,410,502,1241,993,899,924,96
512,1252,481,515,1272,993,899,968,96
518,1252,627,515,1114,805,899,968,276
537,1229,517,515,1096,979,933,918,355
551,1229,517,515,1069,1110,946,913,372
551,1229,518,514,1039,1216,948,958,443
420,1233,491,319,1034,1221,952,976,558
414,1239,491,337,1027,1221,952,981,646
425,1167,491,340,1025,1211,952,621,601
456,1081,491,340,901,1211,952,665,597
478,1053,491,370,904,1259,952,573,684
552,1056,491,496,821,1263,873,562,689
624,875,491,550,784,1079,873,578,689
645,836,491,581,819,1160,822,594,689
618,641,491,581,819,1174,822,594,689
757,641,491,596,541,1147,834,594,689
746,539,491,703,553,1108,791,595,689
743,518,491,950,552,1108,829,651,689
724,537,459,871,598,1137,796,873,689
643,654,453,905,616,1137,936,1187,689
638,620,453,1257,616,1147,944,1353,689
598,562,453,1400,616,1147,929,1417,689
715,539,453,1421,529,1133,867,1445,689
713,549,473,1411,530,1138,854,1765,689
753,453,471,1412,530,941,823,1795,689
753,427,517,1413,495,1098,748,1853,689
695,456,703,1416,519,952,618,2031,689
713,456,671,1465,444,1081,613,2130,689
766,456,647,1651,275,1073,720,2088,689
839,456,640,1702,228,1128,696,2086,689
848,456,640,1720,227,1134,636,2089,718
795,509,629,1666,225,1205,663,2089,822
834,512,558,1716,247,1292,667,2008,1028
828,518,403,1739,356,1391,667,2008,849
810,537,366,1857,502,1271,636,2038,779
842,551,366,1886,505,1161,657,2069,899
852,551,365,2073,505,1055,677,2017,844
852,420,363,2089,504,1050,691,1971,750
854,414,381,2072,527,1195,691,1965,735
843,425,381,2111,527,1247,691,1966,717
811,456,418,2138,520,1252,693,1940,693
789,478,418,2154,515,1231,693,1956,611
715,552,496,2127,515,1226,698,1986,615
651,624,555,2080,515,1235,700,1955,615
742,645,561,2049,480,1142,700,1939,615
733,618,563,2049,480,1159,705,1940,630
594,757,563,2034,479,1172,696,1940,673
607,746,563,1984,465,1242,696,1939,675
619,743,565,1742,535,1354,614,1883,675
629,724,592,1731,494,1467,614,1661,675
592,643,592,1697,512,1467,470,1347,675
592,638,624,1406,551,1550,469,1181,675
616,598,673,1228,611,1616,469,1182,675
499,715,717,1123,631,1650,481,1139,694
481,713,695,1132,631,1643,481,765,743
440,753,680,1141,713,1642,481,683,847
438,753,678,1144,796,1483,413,624,877
457,695,501,1209,788,1503,415,415,878
452,713,492,1188,801,1409,414,316,977
399,766,432,1005,812,1355,221,296,982
326,839,409,953,856,1303,226,274,982
317,848,409,935,898,1297,226,293,953
317,795,409,935,898,1228,200,293,849
275,834,409,872,844,1244,246,291,645
275,828,409,849,715,1164,259,291,644
274,810,409,731,562,1110,312,281,641
228,842,409,702,559,1242,291,255,571
218,852,415,515,559,1276,420,279,686
218,852,433,504,559,1290,695,330,714
216,854,549,504,536,1181,816,343,642
216,843,648,469,536,1251,847,355,644
216,811,612,479,535,1263,850,311,644
272,789,612,437,535,1249,850,295,639
356,715,534,338,535,1247,864,265,753
440,651,475,331,535,1271,980,290,806
344,742,477,331,537,1272,1141,382,833
344,733,574,387,537,1240,1136,384,915
344,594,587,412,552,1227,1132,384,990
346,607,587,511,564,1157,1132,385,988
365,619,608,509,493,1046,1139,385,990
402,629,581,524,496,903,1158,390,1051
419,592,585,530,547,962,1317,393,1148
419,592,553,572,508,918,1478,482,1192
395,616,588,619,496,884,1559,516,1200
411,499,567,624,609,854,1617,523,1182
411,481,567,758,763,869,1620,523,1162
411,440,565,841,681,869,1625,513,1058
433,438,521,875,598,870,1632,512,1041
441,457,521,1048,582,946,1633,512,1049
428,452,522,1354,569,939,1622,543,1091
433,399,522,1398,558,948,1600,590,1168
433,326,522,1532,514,1147,1671,633,1240
485,317,538,1532,472,1391,1671,611,1339
485,317,576,1532,472,1343,1691,611,1360
486,275,577,1532,472,1240,1641,628,1391
517,275,660,1532,472,1221,1668,665,1391
517,274,683,1532,472,1222,1615,680,1382
532,228,703,1532,472,1104,1602,675,1315
538,218,901,1532,472,1070,1451,635,1184
578,218,1050,1527,472,1056,1158,589,1135
578,216,1017,1528,472,1020,1037,582,1141
578,216,985,1521,472,898,1006,588,1142
578,216,1026,1493,507,881,1001,592,1169
522,272,1079,1489,517,868,1001,590,1242
515,356,1118,1489,517,871,982,607,1123
513,440,1127,1489,517,851,865,582,1160
506,344,1179,1517,563,863,705,490,1229
650,344,1086,1506,586,868,705,487,1139
650,344,1073,1500,573,954,719,487,1021
635,346,1073,1372,572,1036,727,486,1021
608,365,1050,1371,650,1124,719,486,1019
562,402,1072,1332,701,1188,691,486,962
545,419,1080,1318,650,1172,510,530,867
545,419,1102,1241,767,1200,341,526,823
545,395,1026,1213,777,1205,260,473,815
530,411,1016,1279,642,1197,199,536,814
528,411,1017,1151,487,1182,284,536,785
530,411,1017,1058,487,1182,293,536,785
525,433,1049,1020,490,1181,286,536,772
500,441,1091,782,491,1051,279,536,763
516,428,1091,550,491,1036,295,505,622
513,433,1091,564,491,1092,295,458,540
513,433,1091,437,495,999,219,438,468
461,485,1075,438,541,839,219,468,369
461,485,1042,438,546,907,220,519,348
460,486,1082,443,592,956,248,549,320
429,517,1059,445,607,985,301,514,320
429,517,1036,445,870,987,302,466,320
479,532,1021,445,925,952,389,466,320
518,538,817,445,980,952,389,467,320
593,578,650,445,1012,1144,411,462,320
726,578,549,443,1212,1147,433,456,313
745,578,482,443,1216,1147,443,437,308
746,578,440,434,1181,1147,511,434,281
746,522,387,434,1171,1157,582,439,208
666,515,348,434,1171,1154,584,426,204
605,513,339,434,1211,1141,700,457,114
609,506,279,406,1275,1128,710,511,18
526,650,273,361,1382,1123,710,581,11
558,650,273,342,1380,1051,696,640,20
558,635,293,314,1419,980,688,720,44
555,608,293,312,1435,924,686,733,44
555,562,273,312,1402,859,726,743,40
555,545,292,312,1469,817,754,696,38
568,545,271,286,1491,744,754,611,38
568,545,271,267,1457,707,754,565,38
567,530,314,198,1448,729,844,494,59
567,528,313,324,1448,769,807,546,60
565,530,313,366,1448,769,794,604,61
548,525,281,367,1445,820,934,683,80
553,500,230,364,1444,897,937,744,281
543,516,235,262,1444,874,921,761,322
544,513,241,329,1469,823,921,761,364
550,513,266,322,1479,753,920,745,496
554,461,266,321,1433,727,938,744,625
560,461,263,321,1428,670,916,707,625
560,460,228,316,1382,668,890,694,620
573,429,168,317,1367,708,797,692,625
594,429,255,317,1105,758,793,691,626
529,479,251,317,1050,780,706,691,628
484,518,251,317,1091,851,728,690,629
369,593,251,317,1059,717,706,690,631
236,726,251,317,859,723,684,690,631
217,745,251,317,855,794,675,690,631
216,746,251,317,1089,819,610,710,631
216,746,290,317,1246,815,539,710,631
216,666,362,317,1349,923,537,708,632
187,605,396,317,1368,1135,420,705,635
190,609,443,317,1260,1167,409,692,635
129,526,447,317,1130,1219,410,648,655
106,558,447,317,1130,1280,485,589,646
106,558,427,402,1080,1305,563,525,622
162,555,427,438,986,1272,572,539,627
184,555,425,438,960,1285,555,543,629
189,555,394,440,857,1404,527,636,629
227,568,393,440,718,1400,655,636,629
252,568,385,471,694,1400,719,636,629
252,567,329,469,693,1378,645,636,608
252,567,329,422,693,1338,598,584,607
252,565,415,409,693,1355,597,533,650
252,548,417,409,693,1322,493,473,895
263,553,453,409,693,1341,503,413,809
265,543,517,410,693,1375,525,396,800
318,544,526,282,668,1426,525,402,892
340,550,512,282,654,1424,525,462,856
342,554,529,282,654,1374,507,433,729
336,560,527,282,654,1441,506,419,782
336,560,523,285,654,1452,504,381,813
323,573,523,282,654,1384,565,395,813
302,594,436,282,653,1331,595,511,815
302,529,435,282,653,1309,651,555,813
302,484,435,282,585,1336,673,774,815
342,369,435,282,646,1330,710,787,926
383,236,435,282,706,1334,780,787,927
383,217,443,282,708,1263,781,787,975
406,216,472,282,530,1263,778,767,1042
470,216,515,282,433,1267,781,762,1042
476,216,446,282,330,1161,781,784,1119
476,187,412,283,271,952,782,789,1123
460,190,514,284,267,920,782,773,1123
463,129,510,284,267,868,860,773,1103
455,106,510,284,267,1064,785,773,1105
564,106,510,202,267,1087,707,757,1114
568,162,510,287,295,1117,698,731,1245
545,184,542,299,328,1123,675,712,1385
551,189,563,326,393,1057,675,619,1423
500,227,569,370,405,1209,561,619,1423
475,252,569,518,430,1209,497,619,1423
475,252,571,525,465,1209,472,685,1450
475,252,571,432,466,1288,468,685,1519
545,252,523,403,498,1271,518,678,1475
568,252,538,402,750,1253,482,661,1211
559,263,503,402,809,1157,506,663,1097
565,265,502,401,818,1123,542,668,1069
607,318,694,401,818,1058,546,693,937
590,340,892,405,818,1021,551,626,841
584,342,877,413,818,1013,551,626,839
584,336,877,413,818,929,551,675,786
584,336,984,410,820,871,554,681,755
584,323,984,452,820,870,579,673,750
677,302,992,464,833,870,550,595,747
766,302,992,500,869,881,494,551,747
766,302,992,500,841,787,450,332,744
726,342,992,506,780,779,438,319,631
685,383,992,574,720,769,389,327,630
685,383,984,821,827,785,409,368,582
662,406,955,1091,771,760,473,369,515
723,470,873,1091,711,750,470,367,515
721,476,870,1121,711,748,591,343,437
722,476,870,1158,727,745,594,311,430
737,460,721,1157,739,745,594,286,430
734,463,721,1247,745,745,523,260,430
733,455,721,1247,756,474,557,260,448
624,564,721,1244,767,415,590,260,454
563,568,721,1123,739,385,591,259,369
563,545,689,1111,711,366,607,293,460
796,551,668,1179,646,312,624,293,430
796,500,675,1135,634,157,756,316,431
796,475,675,956,609,157,756,316,553
796,475,673,949,574,159,756,250,526
796,475,707,984,573,90,756,285,513
772,545,669,1005,559,117,769,396,513
749,568,710,1022,382,117,809,443,513
740,559,709,1046,334,117,997,487,512
758,565,640,1046,461,117,940,488,512
660,607,433,1046,461,208,936,517,620
649,590,224,1131,465,222,931,540,620
649,584,222,1123,488,222,938,540,628
649,584,295,1161,504,356,947,491,628
649,584,208,1161,517,364,944,485,644
649,584,299,1120,523,364,858,492,676
556,677,291,1108,510,364,857,822,680
468,766,291,1240,474,353,857,822,732
468,766,291,1240,476,666,857,822,756
468,726,291,1234,476,678,832,822,771
468,685,291,1230,476,748,811,814,775
468,685,305,983,367,733,789,773,776
468,662,326,713,367,733,725,770,776
343,723,326,713,367,733,725,779,776
339,721,327,683,367,733,607,813,776
338,722,423,645,351,733,603,812,776
323,737,423,645,339,733,609,812,776
323,734,444,555,333,733,610,812,776
325,733,444,555,322,733,618,812,764
326,624,444,555,311,757,585,930,749
326,563,444,555,311,791,584,1024,716
376,563,444,555,330,791,568,991,485
334,796,444,458,330,791,551,1016,477
392,796,431,484,330,793,405,1053,514
456,796,484,523,340,793,486,1053,410
505,796,587,549,408,791,717,1053,410
505,796,568,537,492,781,717,1018,354
493,772,606,611,474,754,896,907,354
507,749,548,594,415,772,883,858,354
759,740,548,570,406,929,667,1022,354
772,758,623,570,270,937,887,1062,410
848,660,671,570,270,846,920,1003,301
848,649,695,481,274,832,1176,980,314
848,649,705,481,465,854,1208,980,339
848,649,634,443,449,721,1211,980,356
848,649,614,443,436,759,1219,1190,360
848,649,523,442,524,1039,1328,1177,424
848,556,523,442,538,1156,1364,809,421
847,468,523,274,541,1165,1402,824,391
847,468,523,281,539,848,1415,824,454
847,468,525,281,561,834,1415,824,543
957,468,661,217,561,820,1415,824,540
957,468,715,217,561,890,1415,824,539
1024,468,724,232,561,893,1415,824,539
1024,343,776,392,561,893,1415,826,539
1024,339,775,392,561,893,1412,792,539
1027,338,679,392,564,909,1562,792,552
1076,323,679,396,569,909,1588,792,552
1093,323,681,398,571,909,1596,792,552
1091,325,689,471,571,909,1758,792,544
1134,326,689,493,571,885,1816,674,544
1273,326,689,493,571,851,1837,580,526
1657,376,689,493,547,851,1971,579,587
1456,334,689,532,557,851,1971,554,587
1398,392,689,506,598,849,1971,494,549
1334,456,636,467,605,849,1934,494,560
1285,505,533,441,600,853,1703,494,603
1286,505,525,417,555,902,1703,510,604
1252,493,506,322,593,930,1461,523,605
1297,507,506,322,577,947,1434,561,605
1045,759,506,322,594,856,1425,354,605
1055,772,454,322,594,1001,1209,323,545
1007,848,406,322,596,1002,1205,332,544
1007,848,382,322,622,1003,949,392,531
1007,848,499,322,466,993,910,400,498
1019,848,497,322,469,992,898,400,481
1032,848,567,322,467,946,890,190,461
1135,848,654,322,373,666,781,190,365
1249,848,682,322,359,549,745,265,364
1249,847,682,322,356,540,707,254,342
1249,847,863,315,356,589,694,326,255
1249,847,900,494,334,551,694,326,151
1139,957,995,623,334,525,807,384,150
1160,957,927,623,363,458,967,384,150
1093,1024,1010,608,371,455,1123,384,150
1093,1024,982,448,424,455,1123,373,228
1093,1024,982,448,427,455,1123,373,258
1092,1027,983,448,464,439,973,373,246
1044,1076,1022,444,542,439,941,373,326
1087,1093,1097,442,544,439,924,406,326
1087,1091,1112,369,663,439,820,730,326
1043,1134,1124,347,956,439,774,731,326
904,1273,1221,356,967,439,754,731,326
470,1657,1249,506,1206,439,620,731,263
469,1456,1278,473,1196,454,620,731,263
469,1398,1278,473,1155,469,620,731,263
469,1334,1278,473,1138,469,678,731,236
469,1285,1278,473,1075,465,793,731,376
468,1286,1271,473,1055,527,794,715,486
468,1252,1252,473,1043,569,799,702,491
409,1297,1252,473,1043,535,799,664,534
409,1045,1252,482,1024,647,987,660,534
354,1055,1229,629,1024,519,982,645,598
326,1007,1229,629,1022,545,953,635,603
327,1007,1229,629,989,574,953,575,626
658,1007,1233,658,1126,568,953,567,654
759,1019,1239,658,1123,575,953,567,655
776,1032,1167,658,1123,577,963,567,1015
673,1135,1081,658,1123,709,963,567,1042
560,1249,1053,658,1123,711,963,492,1138
610,1249,1056,658,1123,794,966,567,1149
652,1249,875,658,1123,782,1150,495,1164
652,1249,836,479,1123,778,1162,546,1164
652,1139,641,350,1123,745,1050,488,1164
631,1160,641,350,1094,1020,917,489,1164
631,1093,539,350,1086,1022,800,532,1164
631,1093,518,350,1033,1024,800,579,1086
631,1093,537,382,1144,1024,802,621,1056
629,1092,654,388,1112,1024,802,647,1055
628,1044,620,388,1029,1024,805,648,975
575,1087,562,388,1060,1024,805,630,975
575,1087,539,388,1025,1123,723,368,991
586,1043,549,390,742,1123,713,380,1045
596,904,453,400,731,1123,910,411,1107
613,470,427,250,492,1158,912,554,1109
652,469,456,244,492,1143,1092,688,1140
825,469,456,285,492,1203,1102,705,1140
842,469,456,369,492,1372,1062,813,1200
842,469,456,399,493,1419,947,838,1041
842,468,456,399,474,1309,946,898,930
842,468,509,410,502,1241,993,899,924
842,409,512,481,515,1272,993,899,968
842,409,518,627,515,1114,805,899,968
842,354,537,517,515,1096,979,933,918
843,326,551,517,515,1069,1110,946,913
842,327,551,518,514,1039,1216,948,958
511,658,420,491,319,1034,1221,952,976
398,759,414,491,337,1027,1221,952,981
368,776,425,491,340,1025,1211,952,621
368,673,456,491,340,901,1211,952,665
367,560,478,491,370,904,1259,952,573
317,610,552,491,496,821,1263,873,562
275,652,624,491,550,784,1079,873,578
280,652,645,491,581,819,1160,822,594
323,652,618,491,581,819,1174,822,594
383,631,757,491,596,541,1147,834,594
424,631,746,491,703,553,1108,791,595
477,631,743,491,950,552,1108,829,651
481,631,724,459,871,598,1137,796,873
481,629,643,453,905,616,1137,936,1187
483,628,638,453,1257,616,1147,944,1353
476,575,598,453,1400,616,1147,929,1417
476,575,715,453,1421,529,1133,867,1445
465,586,713,473,1411,530,1138,854,1765
455,596,753,471,1412,530,941,823,1795
438,613,753,517,1413,495,1098,748,1853
493,652,695,703,1416,519,952,618,2031
338,825,713,671,1465,444,1081,613,2130
402,842,766,647,1651,275,1073,720,2088
471,842,839,640,1702,228,1128,696,2086
522,842,848,640,1720,227,1134,636,2089
547,842,795,629,1666,225,1205,663,2089
547,842,834,558,1716,247,1292,667,2008
552,842,828,403,1739,356,1391,667,2008
552,842,810,366,1857,502,1271,636,2038
561,843,842,366,1886,505,1161,657,2069
561,842,852,365,2073,505,1055,677,2017
563,511,852,363,2089,504,1050,691,1971
573,398,854,381,2072,527,1195,691,1965
573,368,843,381,2111,527,1247,691,1966
573,368,811,418,2138,520,1252,693,1940
647,367,789,418,2154,515,1231,693,1956
665,317,715,496,2127,515,1226,698,1986
680,275,651,555,2080,515,1235,700,1955
675,280,742,561,2049,480,1142,700,1939
632,323,733,563,2049,480,1159,705,1940
572,383,594,563,2034,479,1172,696,1940
539,424,607,563,1984,465,1242,696,1939
486,477,619,565,1742,535,1354,614,1883
482,481,629,592,1731,494,1467,614,1661
520,481,592,592,1697,512,1467,470,1347
518,483,592,624,1406,551,1550,469,1181
542,476,616,673,1228,611,1616,469,1182
569,476,499,717,1123,631,1650,481,1139
593,465,481,695,1132,631,1643,481,765
593,455,440,680,1141,713,1642,481,683
593,438,438,678,1144,796,1483,413,624
499,493,457,501,1209,788,1503,415,415
607,338,452,492,1188,801,1409,414,316
619,402,399,432,1005,812,1355,221,296
666,471,326,409,953,856,1303,226,274
671,522,317,409,935,898,1297,226,293
668,547,317,409,935,898,1228,200,293
668,547,275,409,872,844,1244,246,291
699,552,275,409,849,715,1164,259,291
699,552,274,409,731,562,1110,312,281
689,561,228,409,702,559,1242,291,255
689,561,218,415,515,559,1276,420,279
687,563,218,433,504,559,1290,695,330
677,573,216,549,504,536,1181,816,343
677,573,216,648,469,536,1251,847,355
689,573,216,612,479,535,1263,850,311
680,647,272,612,437,535,1249,850,295
667,665,356,534,338,535,1247,864,265
660,680,440,475,331,535,1271,980,290
680,675,344,477,331,537,1272,1141,382
680,632,344,574,387,537,1240,1136,384
680,572,344,587,412,552,1227,1132,384
672,539,346,587,511,564,1157,1132,385
672,486,365,608,509,493,1046,1139,385
672,482,402,581,524,496,903,1158,390
634,520,419,585,530,547,962,1317,393
642,518,419,553,572,508,918,1478,482
645,542,395,588,619,496,884,1559,516
629,569,411,567,624,609,854,1617,523
606,593,411,567,758,763,869,1620,523
640,593,411,565,841,681,869,1625,513
704,593,433,521,875,598,870,1632,512
721,499,441,521,1048,582,946,1633,512
595,607,428,522,1354,569,939,1622,543
502,619,433,522,1398,558,948,1600,590
386,666,433,522,1532,514,1147,1671,633
336,671,485,538,1532,472,1391,1671,611
314,668,485,576,1532,472,1343,1691,611
314,668,486,577,1532,472,1240,1641,628
278,699,517,660,1532,472,1221,1668,665
278,699,517,683,1532,472,1222,1615,680
278,689,532,703,1532,472,1104,1602,675
319,689,538,901,1532,472,1070,1451,635
319,687,578,1050,1527,472,1056,1158,589
319,677,578,1017,1528,472,1020,1037,582
319,677,578,985,1521,472,898,1006,588
307,689,578,1026,1493,507,881,1001,592
247,680,522,1079,1489,517,868,1001,590
374,667,515,1118,1489,517,871,982,607
374,660,513,1127,1489,517,851,865,582
354,680,506,1179,1517,563,863,705,490
380,680,650,1086,1506,586,868,705,487
387,680,650,1073,1500,573,954,719,487
387,672,635,1073,1372,572,1036,727,486
387,672,608,1050,1371,650,1124,719,486
387,672,562,1072,1332,701,1188,691,486
391,634,545,1080,1318,650,1172,510,530
384,642,545,1102,1241,767,1200,341,526
357,645,545,1026,1213,777,1205,260,473
346,629,530,1016,1279,642,1197,199,536
345,606,528,1017,1151,487,1182,284,536
311,640,530,1017,1058,487,1182,293,536
247,704,525,1049,1020,490,1181,286,536
230,721,500,1091,782,491,1051,279,536
230,595,516,1091,550,491,1036,295,505
230,502,513,1091,564,491,1092,295,458
230,386,513,1091,437,495,999,219,438
224,336,461,1075,438,541,839,219,468
224,314,461,1042,438,546,907,220,519
225,314,460,1082,443,592,956,248,549
246,278,429,1059,445,607,985,301,514
258,278,429,1036,445,870,987,302,466
270,278,479,1021,445,925,952,389,466
229,319,518,817,445,980,952,389,467
239,319,593,650,445,1012,1144,411,462
239,319,726,549,443,1212,1147,433,456
240,319,745,482,443,1216,1147,443,437
431,307,746,440,434,1181,1147,511,434
444,247,746,387,434,1171,1157,582,439
339,374,666,348,434,1171,1154,584,426
427,374,605,339,434,1211,1141,700,457
433,354,609,279,406,1275,1128,710,511
417,380,526,273,361,1382,1123,710,581
446,387,558,273,342,1380,1051,696,640
446,387,558,293,314,1419,980,688,720
446,387,555,293,312,1435,924,686,733
446,387,555,273,312,1402,859,726,743
442,391,555,292,312,1469,817,754,696
441,384,568,271,286,1491,744,754,611
464,357,568,271,267,1457,707,754,565
486,346,567,314,198,1448,729,844,494
515,345,567,313,324,1448,769,807,546
522,311,565,313,366,1448,769,794,604
674,247,548,281,367,1445,820,934,683
674,230,553,230,364,1444,897,937,744
675,230,543,235,262,1444,874,921,761
687,230,544,241,329,1469,823,921,761
691,230,550,266,322,1479,753,920,745
762,224,554,266,321,1433,727,938,744
822,224,560,263,321,1428,670,916,707
832,225,560,228,316,1382,668,890,694
817,246,573,168,317,1367,708,797,692
805,258,594,255,317,1105,758,793,691
793,270,529,251,317,1050,780,706,691
793,229,484,251,317,1091,851,728,690
783,239,369,251,317,1059,717,706,690
783,239,236,251,317,859,723,684,690
782,240,217,251,317,855,794,675,690
591,431,216,251,317,1089,819,610,710
573,444,216,290,317,1246,815,539,710
591,339,216,362,317,1349,923,537,708
516,427,187,396,317,1368,1135,420,705
510,433,190,443,317,1260,1167,409,692
500,417,129,447,317,1130,1219,410,648
634,446,106,447,317,1130,1280,485,589
717,446,106,427,402,1080,1305,563,525
721,446,162,427,438,986,1272,572,539
768,446,184,425,438,960,1285,555,543
805,442,189,394,440,857,1404,527,636
875,441,227,393,440,718,1400,655,636
958,464,252,385,471,694,1400,719,636
950,486,252,329,469,693,1378,645,636
1056,515,252,329,422,693,1338,598,584
1104,522,252,415,409,693,1355,597,533
977,674,252,417,409,693,1322,493,473
977,674,263,453,409,693,1341,503,413
976,675,265,517,410,693,1375,525,396
964,687,318,526,282,668,1426,525,402
960,691,340,512,282,654,1424,525,462
889,762,342,529,282,654,1374,507,433
829,822,336,527,282,654,1441,506,419
818,832,336,523,285,654,1452,504,381
815,817,323,523,282,654,1384,565,395
823,805,302,436,282,653,1331,595,511
846,793,302,435,282,653,1309,651,555
856,793,302,435,282,585,1336,673,774
915,783,342,435,282,646,1330,710,787
922,783,383,435,282,706,1334,780,787
922,782,383,443,282,708,1263,781,787
922,591,406,472,282,530,1263,778,767
922,573,470,515,282,433,1267,781,762
877,591,476,446,282,330,1161,781,784
906,516,476,412,283,271,952,782,789
906,510,460,514,284,267,920,782,773
906,500,463,510,284,267,868,860,773
736,634,455,510,284,267,1064,785,773
653,717,564,510,202,267,1087,707,757
682,721,568,510,287,295,1117,698,731
635,768,545,542,299,328,1123,675,712
598,805,551,563,326,393,1057,675,619
528,875,500,569,370,405,1209,561,619
520,958,475,569,518,430,1209,497,619
517,950,475,571,525,465,1209,472,685
382,1056,475,571,432,466,1288,468,685
327,1104,545,523,403,498,1271,518,678
302,977,568,538,402,750,1253,482,661
317,977,559,503,402,809,1157,506,663
317,976,565,502,401,818,1123,542,668
317,964,607,694,401,818,1058,546,693
427,960,590,892,405,818,1021,551,626
432,889,584,877,413,818,1013,551,626
432,829,584,877,413,818,929,551,675
432,818,584,984,410,820,871,554,681
557,815,584,984,452,820,870,579,673
571,823,677,992,464,833,870,550,595
548,846,766,992,500,869,881,494,551
538,856,766,992,500,841,787,450,332
876,915,726,992,506,780,779,438,319
869,922,685,992,574,720,769,389,327
908,922,685,984,821,827,785,409,368
959,922,662,955,1091,771,760,473,369
1144,922,723,873,1091,711,750,470,367
1191,877,721,870,1121,711,748,591,343
1160,906,722,870,1158,727,745,594,311
1173,906,737,721,1157,739,745,594,286
1197,906,734,721,1247,745,745,523,260
1247,736,733,721,1247,756,474,557,260
1385,653,624,721,1244,767,415,590,260
1384,682,563,721,1123,739,385,591,259
1384,635,563,689,1111,711,366,607,293
1487,598,796,668,1179,646,312,624,293
1512,528,796,675,1135,634,157,756,316
1428,520,796,675,956,609,157,756,316
1468,517,796,673,949,574,159,756,250
1468,382,796,707,984,573,90,756,285
1468,327,772,669,1005,559,117,769,396
1470,302,749,710,1022,382,117,809,443
1456,317,740,709,1046,334,117,997,487
1456,317,758,640,1046,461,117,940,488
1456,317,660,433,1046,461,208,936,517
1346,427,649,224,1131,465,222,931,540
1341,432,649,222,1123,488,222,938,540
1341,432,649,295,1161,504,356,947,491
1341,432,649,208,1161,517,364,944,485
1213,557,649,299,1120,523,364,858,492
1191,571,556,291,1108,510,364,857,822
1288,548,468,291,1240,474,353,857,822
1338,538,468,291,1240,476,666,857,822
941,876,468,291,1234,476,678,832,822
941,869,468,291,1230,476,748,811,814
1017,908,468,305,983,367,733,789,773
1114,959,468,326,713,367,733,725,770
929,1144,343,326,713,367,733,725,779
898,1191,339,327,683,367,733,607,813
879,1160,338,423,645,351,733,603,812
866,1173,323,423,645,339,733,609,812
842,1197,323,444,555,333,733,610,812
933,1247,325,444,555,322,733,618,812
803,1385,326,444,555,311,757,585,930
782,1384,326,444,555,311,791,584,1024
782,1384,376,444,555,330,791,568,991
681,1487,334,444,458,330,791,551,1016
656,1512,392,431,484,330,793,405,1053
642,1428,456,484,523,340,793,486,1053
591,1468,505,587,549,408,791,717,1053
591,1468,505,568,537,492,781,717,1018
591,1468,493,606,611,474,754,896,907
608,1470,507,548,594,415,772,883,858
624,1456,759,548,570,406,929,667,1022
625,1456,772,623,570,270,937,887,1062
629,1456,848,671,570,270,846,920,1003
629,1346,848,695,481,274,832,1176,980
629,1341,848,705,481,465,854,1208,980
629,1341,848,634,443,449,721,1211,980
629,1341,848,614,443,436,759,1219,1190
629,1213,848,523,442,524,1039,1328,1177
629,1191,848,523,442,538,1156,1364,809
532,1288,847,523,274,541,1165,1402,824
482,1338,847,523,281,539,848,1415,824
482,941,847,525,281,561,834,1415,824
482,941,957,661,217,561,820,1415,824
367,1017,957,715,217,561,890,1415,824
219,1114,1024,724,232,561,893,1415,824
219,929,1024,776,392,561,893,1415,826
223,898,1024,775,392,561,893,1412,792
223,879,1027,679,392,564,909,1562,792
223,866,1076,679,396,569,909,1588,792
223,842,1093,681,398,571,909,1596,792
82,933,1091,689,471,571,909,1758,792
88,803,1134,689,493,571,885,1816,674
124,782,1273,689,493,571,851,1837,580
124,782,1657,689,493,547,851,1971,579
122,681,1456,689,532,557,851,1971,554
122,656,1398,689,506,598,849,1971,494
134,642,1334,636,467,605,849,1934,494
188,591,1285,533,441,600,853,1703,494
222,591,1286,525,417,555,902,1703,510
501,591,1252,506,322,593,930,1461,523
482,608,1297,506,322,577,947,1434,561
465,624,1045,506,322,594,856,1425,354
465,625,1055,454,322,594,1001,1209,323
461,629,1007,406,322,596,1002,1205,332
475,629,1007,382,322,622,1003,949,392
531,629,1007,499,322,466,993,910,400
612,629,1019,497,322,469,992,898,400
617,629,1032,567,322,467,946,890,190
713,629,1135,654,322,373,666,781,190
831,629,1249,682,322,359,549,745,265
832,532,1249,682,322,356,540,707,254
834,482,1249,863,315,356,589,694,326
1012,482,1249,900,494,334,551,694,326
1021,482,1139,995,623,334,525,807,384
1044,367,1160,927,623,363,458,967,384
1062,219,1093,1010,608,371,455,1123,384
1132,219,1093,982,448,424,455,1123,373
1113,223,1093,982,448,427,455,1123,373
1113,223,1092,983,448,464,439,973,373
1363,223,1044,1022,444,542,439,941,373
1469,223,1087,1097,442,544,439,924,406
1553,82,1087,1112,369,663,439,820,730
1539,88,1043,1124,347,956,439,774,731
1666,124,904,1221,356,967,439,754,731
1748,124,470,1249,506,1206,439,620,731
1748,122,469,1278,473,1196,454,620,731
1748,122,469,1278,473,1155,469,620,731
1736,134,469,1278,473,1138,469,678,731
1682,188,469,1278,473,1075,465,793,731
1670,222,468,1271,473,1055,527,794,715
1391,501,468,1252,473,1043,569,799,702
1391,482,409,1252,473,1043,535,799,664
1391,465,409,1252,482,1024,647,987,660
1390,465,354,1229,629,1024,519,982,645
1390,461,326,1229,629,1022,545,953,635
1376,475,327,1229,629,989,574,953,575
1320,531,658,1233,658,1126,568,953,567
1239,612,759,1239,658,1123,575,953,567
1234,617,776,1167,658,1123,577,963,567
1138,713,673,1081,658,1123,709,963,567
1020,831,560,1053,658,1123,711,963,492
1022,832,610,1056,658,1123,794,966,567
1020,834,652,875,658,1123,782,1150,495
867,1012,652,836,479,1123,778,1162,546
878,1021,652,641,350,1123,745,1050,488
860,1044,631,641,350,1094,1020,917,489
842,1062,631,539,350,1086,1022,800,532
772,1132,631,518,350,1033,1024,800,579
771,1113,631,537,382,1144,1024,802,621
771,1113,629,654,388,1112,1024,802,647
527,1363,628,620,388,1029,1024,805,648
434,1469,575,562,388,1060,1024,805,630
358,1553,575,539,388,1025,1123,723,368
358,1539,586,549,390,742,1123,713,380
184,1666,596,453,400,731,1123,910,411
118,1748,613,427,250,492,1158,912,554
174,1748,652,456,244,492,1143,1092,688
193,1748,825,456,285,492,1203,1102,705
381,1736,842,456,369,492,1372,1062,813
630,1682,842,456,399,493,1419,947,838
609,1670,842,456,399,474,1309,946,898
613,1391,842,509,410,502,1241,993,899
677,1391,842,512,481,515,1272,993,899
682,1391,842,518,627,515,1114,805,899
682,1390,842,537,517,515,1096,979,933
683,1390,843,551,517,515,1069,1110,946
683,1376,842,551,518,514,1039,1216,948
683,1320,511,420,491,319,1034,1221,952
683,1239,398,414,491,337,1027,1221,952
683,1234,368,425,491,340,1025,1211,952
683,1138,368,456,491,340,901,1211,952
683,1020,367,478,491,370,904,1259,952
680,1022,317,552,491,496,821,1263,873
680,1020,275,624,491,550,784,1079,873
655,867,280,645,491,581,819,1160,822
715,878,323,618,491,581,819,1174,822
747,860,383,757,491,596,541,1147,834
752,842,424,746,491,703,553,1108,791
784,772,477,743,491,950,552,1108,829
934,771,481,724,459,871,598,1137,796
995,771,481,643,453,905,616,1137,936
990,527,483,638,453,1257,616,1147,944
977,434,476,598,453,1400,616,1147,929
969,358,476,715,453,1421,529,1133,867
976,358,465,713,473,1411,530,1138,854
977,184,455,753,471,1412,530,941,823
961,118,438,753,517,1413,495,1098,748
928,174,493,695,703,1416,519,952,618
927,193,338,713,671,1465,444,1081,613
739,381,402,766,647,1651,275,1073,720
490,630,471,839,640,1702,228,1128,696
489,609,522,848,640,1720,227,1134,636
485,613,547,795,629,1666,225,1205,663
421,677,547,834,558,1716,247,1292,667
416,682,552,828,403,1739,356,1391,667
423,682,552,810,366,1857,502,1271,636
422,683,561,842,366,1886,505,1161,657
422,683,561,852,365,2073,505,1055,677
485,683,563,852,363,2089,504,1050,691
485,683,573,854,381,2072,527,1195,691
565,683,573,843,381,2111,527,1247,691
580,683,573,811,418,2138,520,1252,693
580,683,647,789,418,2154,515,1231,693
628,680,665,715,496,2127,515,1226,698
636,680,680,651,555,2080,515,1235,700
695,655,675,742,561,2049,480,1142,700
697,715,632,733,563,2049,480,1159,705
758,747,572,594,563,2034,479,1172,696
782,752,539,607,563,1984,465,1242,696
776,784,486,619,565,1742,535,1354,614
885,934,482,629,592,1731,494,1467,614
851,995,520,592,592,1697,512,1467,470
927,990,518,592,624,1406,551,1550,469
929,977,542,616,673,1228,611,1616,469
929,969,569,499,717,1123,631,1650,481
947,976,593,481,695,1132,631,1643,481
946,977,593,440,680,1141,713,1642,481
947,961,593,438,678,1144,796,1483,413
924,928,499,457,501,1209,788,1503,415
906,927,607,452,492,1188,801,1409,414
993,739,619,399,432,1005,812,1355,221
1105,490,666,326,409,953,856,1303,226
1122,489,671,317,409,935,898,1297,226
1128,485,668,317,409,935,898,1228,200
1196,421,668,275,409,872,844,1244,246
1279,416,699,275,409,849,715,1164,259
1278,423,699,274,409,731,562,1110,312
1278,422,689,228,409,702,559,1242,291
1320,422,689,218,415,515,559,1276,420
1292,485,687,218,433,504,559,1290,695
1293,485,677,216,549,504,536,1181,816
1213,565,677,216,648,469,536,1251,847
1198,580,689,216,612,479,535,1263,850
1242,580,680,272,612,437,535,1249,850
1194,628,667,356,534,338,535,1247,864
1186,636,660,440,475,331,535,1271,980
1127,695,680,344,477,331,537,1272,1141
1045,697,680,344,574,387,537,1240,1136
947,758,680,344,587,412,552,1227,1132
918,782,672,346,587,511,564,1157,1132
892,776,672,365,608,509,493,1046,1139
633,885,672,402,581,524,496,903,1158
606,851,634,419,585,530,547,962,1317
529,927,642,419,553,572,508,918,1478
527,929,645,395,588,619,496,884,1559
527,929,629,411,567,624,609,854,1617
502,947,606,411,567,758,763,869,1620
627,946,640,411,565,841,681,869,1625
705,947,704,433,521,875,598,870,1632
803,924,721,441,521,1048,582,946,1633
832,906,595,428,522,1354,569,939,1622
757,993,502,433,522,1398,558,948,1600
714,1105,386,433,522,1532,514,1147,1671
707,1122,336,485,538,1532,472,1391,1671
777,1128,314,485,576,1532,472,1343,1691
709,1196,314,486,577,1532,472,1240,1641
704,1279,278,517,660,1532,472,1221,1668
706,1278,278,517,683,1532,472,1222,1615
735,1278,278,532,703,1532,472,1104,1602
731,1320,319,538,901,1532,472,1070,1451
698,1292,319,578,1050,1527,472,1056,1158
704,1293,319,578,1017,1528,472,1020,1037
712,1213,319,578,985,1521,472,898,1006
712,1198,307,578,1026,1493,507,881,1001
668,1242,247,522,1079,1489,517,868,1001
746,1194,374,515,1118,1489,517,871,982
904,1186,374,513,1127,1489,517,851,865
959,1127,354,506,1179,1517,563,863,705
1014,1045,380,650,1086,1506,586,868,705
1015,947,387,650,1073,1500,573,954,719
1015,918,387,635,1073,1372,572,1036,727
1015,892,387,608,1050,1371,650,1124,719
1015,633,387,562,1072,1332,701,1188,691
1015,606,391,545,1080,1318,650,1172,510
1015,529,384,545,1102,1241,767,1200,341
1036,527,357,545,1026,1213,777,1205,260
1036,527,346,530,1016,1279,642,1197,199
1039,502,345,528,1017,1151,487,1182,284
914,627,311,530,1017,1058,487,1182,293
836,705,247,525,1049,1020,490,1181,286
738,803,230,500,1091,782,491,1051,279
709,832,230,516,1091,550,491,1036,295
697,757,230,513,1091,564,491,1092,295
628,714,230,513,1091,437,495,999,219
622,707,224,461,1075,438,541,839,219
591,777,224,461,1042,438,546,907,220
601,709,225,460,1082,443,592,956,248
707,704,246,429,1059,445,607,985,301
706,706,258,429,1036,445,870,987,302
704,735,270,479,1021,445,925,952,389
801,731,229,518,817,445,980,952,389
914,698,239,593,650,445,1012,1144,411
930,704,239,726,549,443,1212,1147,433
1066,712,240,745,482,443,1216,1147,443
1066,712,431,746,440,434,1181,1147,511
1066,668,444,746,387,434,1171,1157,582
988,746,339,666,348,434,1171,1154,584
830,904,427,605,339,434,1211,1141,700
775,959,433,609,279,406,1275,1128,710
720,1014,417,526,273,361,1382,1123,710
732,1015,446,558,273,342,1380,1051,696
732,1015,446,558,293,314,1419,980,688
777,1015,446,555,293,312,1435,924,686
880,1015,446,555,273,312,1402,859,726
999,1015,442,555,292,312,1469,817,754
1016,1015,441,568,271,286,1491,744,754
1042,1036,464,568,271,267,1457,707,754
1206,1036,486,567,314,198,1448,729,844
1294,1039,515,567,313,324,1448,769,807
1328,914,522,565,313,366,1448,769,794
1412,836,674,548,281,367,1445,820,934
1412,738,674,553,230,364,1444,897,937
1429,709,675,543,235,262,1444,874,921
1499,697,687,544,241,329,1469,823,921
1523,628,691,550,266,322,1479,753,920
1519,622,762,554,266,321,1433,727,938
1509,591,822,560,263,321,1428,670,916
1499,601,832,560,228,316,1382,668,890
1315,707,817,573,168,317,1367,708,797
1308,706,805,594,255,317,1105,758,793
1281,704,793,529,251,317,1050,780,706
1146,801,793,484,251,317,1091,851,728
1031,914,783,369,251,317,1059,717,706
1008,930,783,236,251,317,859,723,684
870,1066,782,217,251,317,855,794,675
920,1066,591,216,251,317,1089,819,610
955,1066,573,216,290,317,1246,815,539
992,988,591,216,362,317,1349,923,537
992,830,516,187,396,317,1368,1135,420
1207,775,510,190,443,317,1260,1167,409
1211,720,500,129,447,317,1130,1219,410
1219,732,634,106,447,317,1130,1280,485
1224,732,717,106,427,402,1080,1305,563
1179,777,721,162,427,438,986,1272,572
1076,880,768,184,425,438,960,1285,555
976,999,805,189,394,440,857,1404,527
972,1016,875,227,393,440,718,1400,655
954,1042,958,252,385,471,694,1400,719
831,1206,950,252,329,469,693,1378,645
740,1294,1056,252,329,422,693,1338,598
706,1328,1104,252,415,409,693,1355,597
621,1412,977,252,417,409,693,1322,493
621,1412,977,263,453,409,693,1341,503
604,1429,976,265,517,410,693,1375,525
534,1499,964,318,526,282,668,1426,525
510,1523,960,340,512,282,654,1424,525
510,1519,889,342,529,282,654,1374,507
475,1509,829,336,527,282,654,1441,506
475,1499,818,336,523,285,654,1452,504
475,1315,815,323,523,282,654,1384,565
475,1308,823,302,436,282,653,1331,595
475,1281,846,302,435,282,653,1309,651
475,1146,856,302,435,282,585,1336,673
475,1031,915,342,435,282,646,1330,710
475,1008,922,383,435,282,706,1334,780
469,870,922,383,443,282,708,1263,781
419,920,922,406,472,282,530,1263,778
384,955,922,470,515,282,433,1267,781
347,992,877,476,446,282,330,1161,781
347,992,906,476,412,283,271,952,782
132,1207,906,460,514,284,267,920,782
128,1211,906,463,510,284,267,868,860
107,1219,736,455,510,284,267,1064,785
102,1224,653,564,510,202,267,1087,707
102,1179,682,568,510,287,295,1117,698
102,1076,635,545,542,299,328,1123,675
83,976,598,551,563,326,393,1057,675
136,972,528,500,569,370,405,1209,561
107,954,520,475,569,518,430,1209,497
66,831,517,475,571,525,465,1209,472
66,740,382,475,571,432,466,1288,468
66,706,327,545,523,403,498,1271,518
90,621,302,568,538,402,750,1253,482
92,621,317,559,503,402,809,1157,506
92,604,317,565,502,401,818,1123,542
198,534,317,607,694,401,818,1058,546
279,510,427,590,892,405,818,1021,551
370,510,432,584,877,413,818,1013,551
370,475,432,584,877,413,818,929,551
398,475,432,584,984,410,820,871,554
413,475,557,584,984,452,820,870,579
433,475,571,677,992,464,833,870,550
444,475,548,766,992,500,869,881,494
479,475,538,766,992,500,841,787,450
638,475,876,726,992,506,780,779,438
724,475,869,685,992,574,720,769,389
724,469,908,685,984,821,827,785,409
762,419,959,662,955,1091,771,760,473
902,384,1144,723,873,1091,711,750,470
903,347,1191,721,870,1121,711,748,591
903,347,1160,722,870,1158,727,745,594
903,132,1173,737,721,1157,739,745,594
903,128,1197,734,721,1247,745,745,523
951,107,1247,733,721,1247,756,474,557
1112,102,1385,624,721,1244,767,415,590
1159,102,1384,563,721,1123,739,385,591
1177,102,1384,563,689,1111,711,366,607
1183,83,1487,796,668,1179,646,312,624
1123,136,1512,796,675,1135,634,157,756
1195,107,1428,796,675,956,609,157,756
1443,66,1468,796,673,949,574,159,756
1443,66,1468,796,707,984,573,90,756
1443,66,1468,772,669,1005,559,117,769
1419,90,1470,749,710,1022,382,117,809
1417,92,1456,740,709,1046,334,117,997
1417,92,1456,758,640,1046,461,117,940
1311,198,1456,660,433,1046,461,208,936
1261,279,1346,649,224,1131,465,222,931
1204,370,1341,649,222,1123,488,222,938
1278,370,1341,649,295,1161,504,356,947
1250,398,1341,649,208,1161,517,364,944
1235,413,1213,649,299,1120,523,364,858
1220,433,1191,556,291,1108,510,364,857
1237,444,1288,468,291,1240,474,353,857
1290,479,1338,468,291,1240,476,666,857
1175,638,941,468,291,1234,476,678,832
1213,724,941,468,291,1230,476,748,811
1267,724,1017,468,305,983,367,733,789
1230,762,1114,468,326,713,367,733,725
1122,902,929,343,326,713,367,733,725
1173,903,898,339,327,683,367,733,607
1266,903,879,338,423,645,351,733,603
1383,903,866,323,423,645,339,733,609
1425,903,842,323,444,555,333,733,610
1448,951,933,325,444,555,322,733,618
1409,1112,803,326,444,555,311,757,585
1376,1159,782,326,444,555,311,791,584
1399,1177,782,376,444,555,330,791,568
1401,1183,681,334,444,458,330,791,551
1398,1123,656,392,431,484,330,793,405
1374,1195,642,456,484,523,340,793,486
1320,1443,591,505,587,549,408,791,717
1495,1443,591,505,568,537,492,781,717
1529,1443,591,493,606,611,474,754,896
1589,1419,608,507,548,594,415,772,883
1618,1417,624,759,548,570,406,929,667
1618,1417,625,772,623,570,270,937,887
1713,1311,629,848,671,570,270,846,920
1689,1261,629,848,695,481,274,832,1176
1656,1204,629,848,705,481,465,854,1208
1583,1278,629,848,634,443,449,721,1211
1591,1250,629,848,614,443,436,759,1219
1593,1235,629,848,523,442,524,1039,1328
1588,1220,629,848,523,442,538,1156,1364
1560,1237,532,847,523,274,541,1165,1402
1472,1290,482,847,523,281,539,848,1415
1428,1175,482,847,525,281,561,834,1415
1304,1213,482,957,661,217,561,820,1415
1307,1267,367,957,715,217,561,890,1415
1382,1230,219,1024,724,232,561,893,1415
1417,1122,219,1024,776,392,561,893,1415
1369,1173,223,1024,775,392,561,893,1412
1313,1266,223,1027,679,392,564,909,1562
1197,1383,223,1076,679,396,569,909,1588
1155,1425,223,1093,681,398,571,909,1596
1084,1448,82,1091,689,471,571,909,1758
962,1409,88,1134,689,493,571,885,1816
992,1376,124,1273,689,493,571,851,1837
995,1399,124,1657,689,493,547,851,1971
987,1401,122,1456,689,532,557,851,1971
984,1398,122,1398,689,506,598,849,1971
936,1374,134,1334,636,467,605,849,1934
834,1320,188,1285,533,441,600,853,1703
659,1495,222,1286,525,417,555,902,1703
625,1529,501,1252,506,322,593,930,1461
565,1589,482,1297,506,322,577,947,1434
840,1618,465,1045,506,322,594,856,1425
881,1618,465,1055,454,322,594,1001,1209
810,1713,461,1007,406,322,596,1002,1205
899,1689,475,1007,382,322,622,1003,949
907,1656,531,1007,499,322,466,993,910
906,1583,612,1019,497,322,469,992,898
903,1591,617,1032,567,322,467,946,890
901,1593,713,1135,654,322,373,666,781
901,1588,831,1249,682,322,359,549,745
952,1560,832,1249,682,322,356,540,707
1009,1472,834,1249,863,315,356,589,694
1035,1428,1012,1249,900,494,334,551,694
1035,1304,1021,1139,995,623,334,525,807
1028,1307,1044,1160,927,623,363,458,967
963,1382,1062,1093,1010,608,371,455,1123
974,1417,1132,1093,982,448,424,455,1123
1304,1369,1113,1093,982,448,427,455,1123
1268,1313,1113,1092,983,448,464,439,973
1267,1197,1363,1044,1022,444,542,439,941
1267,1155,1469,1087,1097,442,544,439,924
1267,1084,1553,1087,1112,369,663,439,820
1267,962,1539,1043,1124,347,956,439,774
1223,992,1666,904,1221,356,967,439,754
1179,995,1748,470,1249,506,1206,439,620
1179,987,1748,469,1278,473,1196,454,620
1179,984,1748,469,1278,473,1155,469,620
1179,936,1736,469,1278,473,1138,469,678
1087,834,1682,469,1278,473,1075,465,793
1196,659,1670,468,1271,473,1055,527,794
1202,625,1391,468,1252,473,1043,569,799
1207,565,1391,409,1252,473,1043,535,799
912,840,1391,409,1252,482,1024,647,987
871,881,1390,354,1229,629,1024,519,982
847,810,1390,326,1229,629,1022,545,953
751,899,1376,327,1229,629,989,574,953
771,907,1320,658,1233,658,1126,568,953
772,906,1239,759,1239,658,1123,575,953
767,903,1234,776,1167,658,1123,577,963
767,901,1138,673,1081,658,1123,709,963
767,901,1020,560,1053,658,1123,711,963
716,952,1022,610,1056,658,1123,794,966
659,1009,1020,652,875,658,1123,782,1150
710,1035,867,652,836,479,1123,778,1162
729,1035,878,652,641,350,1123,745,1050
679,1028,860,631,641,350,1094,1020,917
668,963,842,631,539,350,1086,1022,800
590,974,772,631,518,350,1033,1024,800
256,1304,771,631,537,382,1144,1024,802
255,1268,771,629,654,388,1112,1024,802
312,1267,527,628,620,388,1029,1024,805
312,1267,434,575,562,388,1060,1024,805
312,1267,358,575,539,388,1025,1123,723
479,1267,358,586,549,390,742,1123,713
489,1223,184,596,453,400,731,1123,910
530,1179,118,613,427,250,492,1158,912
530,1179,174,652,456,244,492,1143,1092
530,1179,193,825,456,285,492,1203,1102
544,1179,381,842,456,369,492,1372,1062
549,1087,630,842,456,399,493,1419,947
440,1196,609,842,456,399,474,1309,946
434,1202,613,842,509,410,502,1241,993
429,1207,677,842,512,481,515,1272,993
420,912,682,842,518,627,515,1114,805
420,871,682,842,537,517,515,1096,979
425,847,683,843,551,517,515,1069,1110
476,751,683,842,551,518,514,1039,1216
447,771,683,511,420,491,319,1034,1221
446,772,683,398,414,491,337,1027,1221
446,767,683,368,425,491,340,1025,1211
446,767,683,368,456,491,340,901,1211
446,767,683,367,478,491,370,904,1259
446,716,680,317,552,491,496,821,1263
456,659,680,275,624,491,550,784,1079
379,710,655,280,645,491,581,819,1160
360,729,715,323,618,491,581,819,1174
360,679,747,383,757,491,596,541,1147
374,668,752,424,746,491,703,553,1108
375,590,784,477,743,491,950,552,1108
375,256,934,481,724,459,871,598,1137
375,255,995,481,643,453,905,616,1137
318,312,990,483,638,453,1257,616,1147
318,312,977,476,598,453,1400,616,1147
318,312,969,476,715,453,1421,529,1133
151,479,976,465,713,473,1411,530,1138
380,489,977,455,753,471,1412,530,941
352,530,961,438,753,517,1413,495,1098
352,530,928,493,695,703,1416,519,952
352,530,927,338,713,671,1465,444,1081
338,544,739,402,766,647,1651,275,1073
333,549,490,471,839,640,1702,228,1128
333,440,489,522,848,640,1720,227,1134
333,434,485,547,795,629,1666,225,1205
406,429,421,547,834,558,1716,247,1292
409,420,416,552,828,403,1739,356,1391
509,420,423,552,810,366,1857,502,1271
615,425,422,561,842,366,1886,505,1161
592,476,422,561,852,365,2073,505,1055
624,447,485,563,852,363,2089,504,1050
624,446,485,573,854,381,2072,527,1195
680,446,565,573,843,381,2111,527,1247
690,446,580,573,811,418,2138,520,1252
690,446,580,647,789,418,2154,515,1231
690,446,628,665,715,496,2127,515,1226
680,456,636,680,651,555,2080,515,1235
680,379,695,675,742,561,2049,480,1142
826,360,697,632,733,563,2049,480,1159
832,360,758,572,594,563,2034,479,1172
856,374,782,539,607,563,1984,465,1242
855,375,776,486,619,565,1742,535,1354
873,375,885,482,629,592,1731,494,1467
873,375,851,520,592,592,1697,512,1467
893,318,927,518,592,624,1406,551,1550
937,318,929,542,616,673,1228,611,1616
946,318,929,569,499,717,1123,631,1650
946,151,947,593,481,695,1132,631,1643
716,380,946,593,440,680,1141,713,1642
707,352,947,593,438,678,1144,796,1483
826,352,924,499,457,501,1209,788,1503
1158,352,906,607,452,492,1188,801,1409
1221,338,993,619,399,432,1005,812,1355
1252,333,1105,666,326,409,953,856,1303
1270,333,1122,671,317,409,935,898,1297
1373,333,1128,668,317,409,935,898,1228
1403,406,1196,668,275,409,872,844,1244
1452,409,1279,699,275,409,849,715,1164
1500,509,1278,699,274,409,731,562,1110
1412,615,1278,689,228,409,702,559,1242
1394,592,1320,689,218,415,515,559,1276
1362,624,1292,687,218,433,504,559,1290
1362,624,1293,677,216,549,504,536,1181
1306,680,1213,677,216,648,469,536,1251
1296,690,1198,689,216,612,479,535,1263
1296,690,1242,680,272,612,437,535,1249
1296,690,1194,667,356,534,338,535,1247
1296,680,1186,660,440,475,331,535,1271
1296,680,1127,680,344,477,331,537,1272
1150,826,1045,680,344,574,387,537,1240
1144,832,947,680,344,587,412,552,1227
1106,856,918,672,346,587,511,564,1157
1106,855,892,672,365,608,509,493,1046
1088,873,633,672,402,581,524,496,903
1088,873,606,634,419,585,530,547,962
1090,893,529,642,419,553,572,508,918
1047,937,527,645,395,588,619,496,884
1040,946,527,629,411,567,624,609,854
1108,946,502,606,411,567,758,763,869
1111,716,627,640,411,565,841,681,869
1108,707,705,704,433,521,875,598,870
989,826,803,721,441,521,1048,582,946
657,1158,832,595,428,522,1354,569,939
610,1221,757,502,433,522,1398,558,948
580,1252,714,386,433,522,1532,514,1147
667,1270,707,336,485,538,1532,472,1391
588,1373,777,314,485,576,1532,472,1343
546,1403,709,314,486,577,1532,472,1240
497,1452,704,278,517,660,1532,472,1221
389,1500,706,278,517,683,1532,472,1222
367,1412,735,278,532,703,1532,472,1104
411,1394,731,319,538,901,1532,472,1070
430,1362,698,319,578,1050,1527,472,1056
430,1362,704,319,578,1017,1528,472,1020
434,1306,712,319,578,985,1521,472,898
448,1296,712,307,578,1026,1493,507,881
534,1296,668,247,522,1079,1489,517,868
654,1296,746,374,515,1118,1489,517,871
683,1296,904,374,513,1127,1489,517,851
690,1296,959,354,506,1179,1517,563,863
694,1150,1014,380,650,1086,1506,586,868
748,1144,1015,387,650,1073,1500,573,954
803,1106,1015,387,635,1073,1372,572,1036
803,1106,1015,387,608,1050,1371,650,1124
815,1088,1015,387,562,1072,1332,701,1188
815,1088,1015,391,545,1080,1318,650,1172
793,1090,1015,384,545,1102,1241,767,1200
792,1047,1036,357,545,1026,1213,777,1205
790,1040,1036,346,530,1016,1279,642,1197
722,1108,1039,345,528,1017,1151,487,1182
746,1111,914,311,530,1017,1058,487,1182
780,1108,836,247,525,1049,1020,490,1181
991,989,738,230,500,1091,782,491,1051
994,657,709,230,516,1091,550,491,1036
978,610,697,230,513,1091,564,491,1092
1049,580,628,230,513,1091,437,495,999
1086,667,622,224,461,1075,438,541,839
1304,588,591,224,461,1042,438,546,907
1243,546,601,225,460,1082,443,592,956
1240,497,707,246,429,1059,445,607,985
1200,389,706,258,429,1036,445,870,987
1199,367,704,270,479,1021,445,925,952
1145,411,801,229,518,817,445,980,952
1126,430,914,239,593,650,445,1012,1144
1126,430,930,239,726,549,443,1212,1147
1122,434,1066,240,745,482,443,1216,1147
1108,448,1066,431,746,440,434,1181,1147
1022,534,1066,444,746,387,434,1171,1157
902,654,988,339,666,348,434,1171,1154
873,683,830,427,605,339,434,1211,1141
866,690,775,433,609,279,406,1275,1128
884,694,720,417,526,273,361,1382,1123
830,748,732,446,558,273,342,1380,1051
775,803,732,446,558,293,314,1419,980
775,803,777,446,555,293,312,1435,924
763,815,880,446,555,273,312,1402,859
776,815,999,442,555,292,312,1469,817
835,793,1016,441,568,271,286,1491,744
835,792,1042,464,568,271,267,1457,707
914,790,1206,486,567,314,198,1448,729
1079,722,1294,515,567,313,324,1448,769
1071,746,1328,522,565,313,366,1448,769
1087,780,1412,674,548,281,367,1445,820
920,991,1412,674,553,230,364,1444,897
917,994,1429,675,543,235,262,1444,874
917,978,1499,687,544,241,329,1469,823
846,1049,1523,691,550,266,322,1479,753
704,1086,1519,762,554,266,321,1433,727
463,1304,1509,822,560,263,321,1428,670
513,1243,1499,832,560,228,316,1382,668
715,1240,1315,817,573,168,317,1367,708
786,1200,1308,805,594,255,317,1105,758
812,1199,1281,793,529,251,317,1050,780
863,1145,1146,793,484,251,317,1091,851
892,1126,1031,783,369,251,317,1059,717
1008,1126,1008,783,236,251,317,859,723
1018,1122,870,782,217,251,317,855,794
1018,1108,920,591,216,251,317,1089,819
1022,1022,955,573,216,290,317,1246,815
1055,902,992,591,216,362,317,1349,923
1231,873,992,516,187,396,317,1368,1135
1254,866,1207,510,190,443,317,1260,1167
1232,884,1211,500,129,447,317,1130,1219
1251,830,1219,634,106,447,317,1130,1280
1251,775,1224,717,106,427,402,1080,1305
1256,775,1179,721,162,427,438,986,1272
1327,763,1076,768,184,425,438,960,1285
1358,776,976,805,189,394,440,857,1404
1299,835,972,875,227,393,440,718,1400
1306,835,954,958,252,385,471,694,1400
1233,914,831,950,252,329,469,693,1378
1068,1079,740,1056,252,329,422,693,1338
1040,1071,706,1104,252,415,409,693,1355
989,1087,621,977,252,417,409,693,1322
945,920,621,977,263,453,409,693,1341
977,917,604,976,265,517,410,693,1375
1094,917,534,964,318,526,282,668,1426
1112,846,510,960,340,512,282,654,1424
1112,704,510,889,342,529,282,654,1374
1158,463,475,829,336,527,282,654,1441
1108,513,475,818,336,523,285,654,1452
917,715,475,815,323,523,282,654,1384
852,786,475,823,302,436,282,653,1331
888,812,475,846,302,435,282,653,1309
930,863,475,856,302,435,282,585,1336
927,892,475,915,342,435,282,646,1330
811,1008,475,922,383,435,282,706,1334
801,1018,469,922,383,443,282,708,1263
803,1018,419,922,406,472,282,530,1263
857,1022,384,922,470,515,282,433,1267
825,1055,347,877,476,446,282,330,1161
696,1231,347,906,476,412,283,271,952
673,1254,132,906,460,514,284,267,920
685,1232,128,906,463,510,284,267,868
674,1251,107,736,455,510,284,267,1064
674,1251,102,653,564,510,202,267,1087
669,1256,102,682,568,510,287,295,1117
598,1327,102,635,545,542,299,328,1123
716,1358,83,598,551,563,326,393,1057
724,1299,136,528,500,569,370,405,1209
730,1306,107,520,475,569,518,430,1209
747,1233,66,517,475,571,525,465,1209
747,1068,66,382,475,571,432,466,1288
747,1040,66,327,545,523,403,498,1271
747,989,90,302,568,538,402,750,1253
747,945,92,317,559,503,402,809,1157
715,977,92,317,565,502,401,818,1123
598,1094,198,317,607,694,401,818,1058
579,1112,279,427,590,892,405,818,1021
579,1112,370,432,584,877,413,818,1013
532,1158,370,432,584,877,413,818,929
532,1108,398,432,584,984,410,820,871
521,917,413,557,584,984,452,820,870
515,852,433,571,677,992,464,833,870
453,888,444,548,766,992,500,869,881
360,930,479,538,766,992,500,841,787
392,927,638,876,726,992,506,780,779
418,811,724,869,685,992,574,720,769
423,801,724,908,685,984,821,827,785
437,803,762,959,662,955,1091,771,760
379,857,902,1144,723,873,1091,711,750
378,825,903,1191,721,870,1121,711,748
331,696,903,1160,722,870,1158,727,745
331,673,903,1173,737,721,1157,739,745
326,685,903,1197,734,721,1247,745,745
321,674,951,1247,733,721,1247,756,474
330,674,1112,1385,624,721,1244,767,415
367,669,1159,1384,563,721,1123,739,385
386,598,1177,1384,563,689,1111,711,366
291,716,1183,1487,796,668,1179,646,312
354,724,1123,1512,796,675,1135,634,157
341,730,1195,1428,796,675,956,609,157
318,747,1443,1468,796,673,949,574,159
330,747,1443,1468,796,707,984,573,90
345,747,1443,1468,772,669,1005,559,117
345,747,1419,1470,749,710,1022,382,117
567,747,1417,1456,740,709,1046,334,117
653,715,1417,1456,758,640,1046,461,117
658,598,1311,1456,660,433,1046,461,208
658,579,1261,1346,649,224,1131,465,222
658,579,1204,1341,649,222,1123,488,222
658,532,1278,1341,649,295,1161,504,356
658,532,1250,1341,649,208,1161,517,364
746,521,1235,1213,649,299,1120,523,364
746,515,1220,1191,556,291,1108,510,364
824,453,1237,1288,468,291,1240,474,353
841,360,1290,1338,468,291,1240,476,666
836,392,1175,941,468,291,1234,476,678
810,418,1213,941,468,291,1230,476,748
805,423,1267,1017,468,305,983,367,733
846,437,1230,1114,468,326,713,367,733
848,379,1122,929,343,326,713,367,733
848,378,1173,898,339,327,683,367,733
876,331,1266,879,338,423,645,351,733
876,331,1383,866,323,423,645,339,733
869,326,1425,842,323,444,555,333,733
1109,321,1448,933,325,444,555,322,733
1100,330,1409,803,326,444,555,311,757
1063,367,1376,782,326,444,555,311,791
1044,386,1399,782,376,444,555,330,791
977,291,1401,681,334,444,458,330,791
906,354,1398,656,392,431,484,330,793
906,341,1374,642,456,484,523,340,793
1077,318,1320,591,505,587,549,408,791
1153,330,1495,591,505,568,537,492,781
1138,345,1529,591,493,606,611,474,754
1138,345,1589,608,507,548,594,415,772
916,567,1618,624,759,548,570,406,929
870,653,1618,625,772,623,570,270,937
895,658,1713,629,848,671,570,270,846
895,658,1689,629,848,695,481,274,832
900,658,1656,629,848,705,481,465,854
967,658,1583,629,848,634,443,449,721
971,658,1591,629,848,614,443,436,759
883,746,1593,629,848,523,442,524,1039
883,746,1588,629,848,523,442,538,1156
805,824,1560,532,847,523,274,541,1165
808,841,1472,482,847,523,281,539,848
765,836,1428,482,847,525,281,561,834
766,810,1304,482,957,661,217,561,820
832,805,1307,367,957,715,217,561,890
820,846,1382,219,1024,724,232,561,893
821,848,1417,219,1024,776,392,561,893
821,848,1369,223,1024,775,392,561,893
793,876,1313,223,1027,679,392,564,909
793,876,1197,223,1076,679,396,569,909
793,869,1155,223,1093,681,398,571,909
622,1109,1084,82,1091,689,471,571,909
801,1100,962,88,1134,689,493,571,885
854,1063,992,124,1273,689,493,571,851
854,1044,995,124,1657,689,493,547,851
854,977,987,122,1456,689,532,557,851
854,906,984,122,1398,689,506,598,849
869,906,936,134,1334,636,467,605,849
704,1077,834,188,1285,533,441,600,853
690,1153,659,222,1286,525,417,555,902
904,1138,625,501,1252,506,322,593,930
904,1138,565,482,1297,506,322,577,947
904,916,840,465,1045,506,322,594,856
864,870,881,465,1055,454,322,594,1001
879,895,810,461,1007,406,322,596,1002
879,895,899,475,1007,382,322,622,1003
874,900,907,531,1007,499,322,466,993
828,967,906,612,1019,497,322,469,992
877,971,903,617,1032,567,322,467,946
880,883,901,713,1135,654,322,373,666
880,883,901,831,1249,682,322,359,549
888,805,952,832,1249,682,322,356,540
869,808,1009,834,1249,863,315,356,589
865,765,1035,1012,1249,900,494,334,551
864,766,1035,1021,1139,995,623,334,525
839,832,1028,1044,1160,927,623,363,458
812,820,963,1062,1093,1010,608,371,455
809,821,974,1132,1093,982,448,424,455
922,821,1304,1113,1093,982,448,427,455
922,793,1268,1113,1092,983,448,464,439
941,793,1267,1363,1044,1022,444,542,439
943,793,1267,1469,1087,1097,442,544,439
871,622,1267,1553,1087,1112,369,663,439
692,801,1267,1539,1043,1124,347,956,439
639,854,1223,1666,904,1221,356,967,439
639,854,1179,1748,470,1249,506,1206,439
639,854,1179,1748,469,1278,473,1196,454
639,854,1179,1748,469,1278,473,1155,469
627,869,1179,1736,469,1278,473,1138,469
685,704,1087,1682,469,1278,473,1075,465
687,690,1196,1670,468,1271,473,1055,527
473,904,1202,1391,468,1252,473,1043,569
683,904,1207,1391,409,1252,473,1043,535
741,904,912,1391,409,1252,482,1024,647
758,864,871,1390,354,1229,629,1024,519
713,879,847,1390,326,1229,629,1022,545
713,879,751,1376,327,1229,629,989,574
713,874,771,1320,658,1233,658,1126,568
707,828,772,1239,759,1239,658,1123,575
1057,877,767,1234,776,1167,658,1123,577
1283,880,767,1138,673,1081,658,1123,709
1283,880,767,1020,560,1053,658,1123,711
1275,888,716,1022,610,1056,658,1123,794
1274,869,659,1020,652,875,658,1123,782
1268,865,710,867,652,836,479,1123,778
1268,864,729,878,652,641,350,1123,745
1227,839,679,860,631,641,350,1094,1020
1209,812,668,842,631,539,350,1086,1022
1209,809,590,772,631,518,350,1033,1024
1096,922,256,771,631,537,382,1144,1024
1100,922,255,771,629,654,388,1112,1024
1081,941,312,527,628,620,388,1029,1024
1079,943,312,434,575,562,388,1060,1024
1079,871,312,358,575,539,388,1025,1123
1079,692,479,358,586,549,390,742,1123
1079,639,489,184,596,453,400,731,1123
1079,639,530,118,613,427,250,492,1158
1155,639,530,174,652,456,244,492,1143
1253,639,530,193,825,456,285,492,1203
1302,627,544,381,842,456,369,492,1372
1264,685,549,630,842,456,399,493,1419
1190,687,440,609,842,456,399,474,1309
1257,473,434,613,842,509,410,502,1241
1091,683,429,677,842,512,481,515,1272
1033,741,420,682,842,518,627,515,1114
1065,758,420,682,842,537,517,515,1096
1065,713,425,683,843,551,517,515,1069
1065,713,476,683,842,551,518,514,1039
1065,713,447,683,511,420,491,319,1034
1052,707,446,683,398,414,491,337,1027
649,1057,446,683,368,425,491,340,1025
420,1283,446,683,368,456,491,340,901
428,1283,446,683,367,478,491,370,904
491,1275,446,680,317,552,491,496,821
491,1274,456,680,275,624,491,550,784
491,1268,379,655,280,645,491,581,819
491,1268,360,715,323,618,491,581,819
491,1227,360,747,383,757,491,596,541
510,1209,374,752,424,746,491,703,553
510,1209,375,784,477,743,491,950,552
511,1096,375,934,481,724,459,871,598
515,1100,375,995,481,643,453,905,616
515,1081,318,990,483,638,453,1257,616
515,1079,318,977,476,598,453,1400,616
679,1079,318,969,476,715,453,1421,529
682,1079,151,976,465,713,473,1411,530
702,1079,380,977,455,753,471,1412,530
760,1079,352,961,438,753,517,1413,495
734,1155,352,928,493,695,703,1416,519
689,1253,352,927,338,713,671,1465,444
637,1302,338,739,402,766,647,1651,275
611,1264,333,490,471,839,640,1702,228
609,1190,333,489,522,848,640,1720,227
542,1257,333,485,547,795,629,1666,225
505,1091,406,421,547,834,558,1716,247
506,1033,409,416,552,828,403,1739,356
457,1065,509,423,552,810,366,1857,502
569,1065,615,422,561,842,366,1886,505
618,1065,592,422,561,852,365,2073,505
668,1065,624,485,563,852,363,2089,504
674,1052,624,485,573,854,381,2072,527
674,649,680,565,573,843,381,2111,527
674,420,690,580,573,811,418,2138,520
670,428,690,580,647,789,418,2154,515
634,491,690,628,665,715,496,2127,515
634,491,680,636,680,651,555,2080,515
640,491,680,695,675,742,561,2049,480
642,491,826,697,632,733,563,2049,480
648,491,832,758,572,594,563,2034,479
657,510,856,782,539,607,563,1984,465
720,510,855,776,486,619,565,1742,535
729,511,873,885,482,629,592,1731,494
737,515,873,851,520,592,592,1697,512
737,515,893,927,518,592,624,1406,551
737,515,937,929,542,616,673,1228,611
573,679,946,929,569,499,717,1123,631
570,682,946,947,593,481,695,1132,631
550,702,716,946,593,440,680,1141,713
527,760,707,947,593,438,678,1144,796
553,734,826,924,499,457,501,1209,788
508,689,1158,906,607,452,492,1188,801
561,637,1221,993,619,399,432,1005,812
654,611,1252,1105,666,326,409,953,856
778,609,1270,1122,671,317,409,935,898
848,542,1373,1128,668,317,409,935,898
842,505,1403,1196,668,275,409,872,844
841,506,1452,1279,699,275,409,849,715
854,457,1500,1278,699,274,409,731,562
743,569,1412,1278,689,228,409,702,559
694,618,1394,1320,689,218,415,515,559
644,668,1362,1292,687,218,433,504,559
636,674,1362,1293,677,216,549,504,536
641,674,1306,1213,677,216,648,469,536
641,674,1296,1198,689,216,612,479,535
637,670,1296,1242,680,272,612,437,535
637,634,1296,1194,667,356,534,338,535
643,634,1296,1186,660,440,475,331,535
642,640,1296,1127,680,344,477,331,537
661,642,1150,1045,680,344,574,387,537
657,648,1144,947,680,344,587,412,552
630,657,1106,918,672,346,587,511,564
567,720,1106,892,672,365,608,509,493
557,729,1088,633,672,402,581,524,496
541,737,1088,606,634,419,585,530,547
541,737,1090,529,642,419,553,572,508
541,737,1047,527,645,395,588,619,496
541,573,1040,527,629,411,567,624,609
541,570,1108,502,606,411,567,758,763
541,550,1111,627,640,411,565,841,681
520,527,1108,705,704,433,521,875,598
444,553,989,803,721,441,521,1048,582
436,508,657,832,595,428,522,1354,569
383,561,610,757,502,433,522,1398,558
290,654,580,714,386,433,522,1532,514
169,778,667,707,336,485,538,1532,472
99,848,588,777,314,485,576,1532,472
98,842,546,709,314,486,577,1532,472
98,841,497,704,278,517,660,1532,472
85,854,389,706,278,517,683,1532,472
84,743,367,735,278,532,703,1532,472
84,694,411,731,319,538,901,1532,472
84,644,430,698,319,578,1050,1527,472
84,636,430,704,319,578,1017,1528,472
88,641,434,712,319,578,985,1521,472
88,641,448,712,307,578,1026,1493,507
88,637,534,668,247,522,1079,1489,517
81,637,654,746,374,515,1118,1489,517
263,643,683,904,374,513,1127,1489,517
365,642,690,959,354,506,1179,1517,563
356,661,694,1014,380,650,1086,1506,586
354,657,748,1015,387,650,1073,1500,573
381,630,803,1015,387,635,1073,1372,572
750,567,803,1015,387,608,1050,1371,650
750,557,815,1015,387,562,1072,1332,701
750,541,815,1015,391,545,1080,1318,650
750,541,793,1015,384,545,1102,1241,767
750,541,792,1036,357,545,1026,1213,777
750,541,790,1036,346,530,1016,1279,642
750,541,722,1039,345,528,1017,1151,487
750,541,746,914,311,530,1017,1058,487
736,520,780,836,247,525,1049,1020,490
736,444,991,738,230,500,1091,782,491
764,436,994,709,230,516,1091,550,491
771,383,978,697,230,513,1091,564,491
778,290,1049,628,230,513,1091,437,495
775,169,1086,622,224,461,1075,438,541
775,99,1304,591,224,461,1042,438,546
786,98,1243,601,225,460,1082,443,592
786,98,1240,707,246,429,1059,445,607
888,85,1200,706,258,429,1036,445,870
1042,84,1199,704,270,479,1021,445,925
1063,84,1145,801,229,518,817,445,980
1083,84,1126,914,239,593,650,445,1012
1086,84,1126,930,239,726,549,443,1212
1077,88,1122,1066,240,745,482,443,1216
1080,88,1108,1066,431,746,440,434,1181
1148,88,1022,1066,444,746,387,434,1171
1139,81,902,988,339,666,348,434,1171
951,263,873,830,427,605,339,434,1211
848,365,866,775,433,609,279,406,1275
837,356,884,720,417,526,273,361,1382
837,354,830,732,446,558,273,342,1380
835,381,775,732,446,558,293,314,1419
485,750,775,777,446,555,293,312,1435
485,750,763,880,446,555,273,312,1402
485,750,776,999,442,555,292,312,1469
485,750,835,1016,441,568,271,286,1491
489,750,835,1042,464,568,271,267,1457
489,750,914,1206,486,567,314,198,1448
508,750,1079,1294,515,567,313,324,1448
510,750,1071,1328,522,565,313,366,1448
510,736,1087,1412,674,548,281,367,1445
632,736,920,1412,674,553,230,364,1444
672,764,917,1429,675,543,235,262,1444
720,771,917,1499,687,544,241,329,1469
713,778,846,1523,691,550,266,322,1479
765,775,704,1519,762,554,266,321,1433
780,775,463,1509,822,560,263,321,1428
837,786,513,1499,832,560,228,316,1382
838,786,715,1315,817,573,168,317,1367
743,888,786,1308,805,594,255,317,1105
592,1042,812,1281,793,529,251,317,1050
571,1063,863,1146,793,484,251,317,1091
551,1083,892,1031,783,369,251,317,1059
548,1086,1008,1008,783,236,251,317,859
548,1077,1018,870,782,217,251,317,855
545,1080,1018,920,591,216,251,317,1089
477,1148,1022,955,573,216,290,317,1246
466,1139,1055,992,591,216,362,317,1349
466,951,1231,992,516,187,396,317,1368
462,848,1254,1207,510,190,443,317,1260
534,837,1232,1211,500,129,447,317,1130
547,837,1251,1219,634,106,447,317,1130
571,835,1251,1224,717,106,427,402,1080
600,485,1256,1179,721,162,427,438,986
622,485,1327,1076,768,184,425,438,960
648,485,1358,976,805,189,394,440,857
654,485,1299,972,875,227,393,440,718
650,489,1306,954,958,252,385,471,694
650,489,1233,831,950,252,329,469,693
631,508,1068,740,1056,252,329,422,693
629,510,1040,706,1104,252,415,409,693
629,510,989,621,977,252,417,409,693
507,632,945,621,977,263,453,409,693
439,672,977,604,976,265,517,410,693
384,720,1094,534,964,318,526,282,668
388,713,1112,510,960,340,512,282,654
340,765,1112,510,889,342,529,282,654
326,780,1158,475,829,336,527,282,654
258,837,1108,475,818,336,523,285,654
257,838,917,475,815,323,523,282,654
250,743,852,475,823,302,436,282,653
247,592,888,475,846,302,435,282,653
247,571,930,475,856,302,435,282,585
247,551,927,475,915,342,435,282,646
290,548,811,475,922,383,435,282,706
492,548,801,469,922,383,443,282,708
578,545,803,419,922,406,472,282,530
578,477,857,384,922,470,515,282,433
578,466,825,347,877,476,446,282,330
578,466,696,347,906,476,412,283,271
578,462,673,132,906,460,514,284,267
505,534,685,128,906,463,510,284,267
492,547,674,107,736,455,510,284,267
448,571,674,102,653,564,510,202,267
471,600,669,102,682,568,510,287,295
451,622,598,102,635,545,542,299,328
479,648,716,83,598,551,563,326,393
473,654,724,136,528,500,569,370,405
473,650,730,107,520,475,569,518,430
473,650,747,66,517,475,571,525,465
473,631,747,66,382,475,571,432,466
473,629,747,66,327,545,523,403,498
473,629,747,90,302,568,538,402,750
475,507,747,92,317,559,503,402,809
475,439,715,92,317,565,502,401,818
475,384,598,198,317,607,694,401,818
476,388,579,279,427,590,892,405,818
540,340,579,370,432,584,877,413,818
683,326,532,370,432,584,877,413,818
721,258,532,398,432,584,984,410,820
776,257,521,413,557,584,984,452,820
776,250,515,433,571,677,992,464,833
935,247,453,444,548,766,992,500,869
983,247,360,479,538,766,992,500,841
983,247,392,638,876,726,992,506,780
945,290,418,724,869,685,992,574,720
743,492,423,724,908,685,984,821,827
662,578,437,762,959,662,955,1091,771
662,578,379,902,1144,723,873,1091,711
703,578,378,903,1191,721,870,1121,711
703,578,331,903,1160,722,870,1158,727
703,578,331,903,1173,737,721,1157,739
703,505,326,903,1197,734,721,1247,745
703,492,321,951,1247,733,721,1247,756
709,448,330,1112,1385,624,721,1244,767
639,471,367,1159,1384,563,721,1123,739
648,451,386,1177,1384,563,689,1111,711
594,479,291,1183,1487,796,668,1179,646
594,473,354,1123,1512,796,675,1135,634
594,473,341,1195,1428,796,675,956,609
594,473,318,1443,1468,796,673,949,574
594,473,330,1443,1468,796,707,984,573
594,473,345,1443,1468,772,669,1005,559
594,473,345,1419,1470,749,710,1022,382
592,475,567,1417,1456,740,709,1046,334
650,475,653,1417,1456,758,640,1046,461
685,475,658,1311,1456,660,433,1046,461
684,476,658,1261,1346,649,224,1131,465
661,540,658,1204,1341,649,222,1123,488
711,683,658,1278,1341,649,295,1161,504
757,721,658,1250,1341,649,208,1161,517
702,776,746,1235,1213,649,299,1120,523
702,776,746,1220,1191,556,291,1108,510
543,935,824,1237,1288,468,291,1240,474
879,983,841,1290,1338,468,291,1240,476
879,983,836,1175,941,468,291,1234,476
874,945,810,1213,941,468,291,1230,476
874,743,805,1267,1017,468,305,983,367
869,662,846,1230,1114,468,326,713,367
882,662,848,1122,929,343,326,713,367
889,703,848,1173,898,339,327,683,367
889,703,876,1266,879,338,423,645,351
889,703,876,1383,866,323,423,645,339
889,703,869,1425,842,323,444,555,333
905,703,1109,1448,933,325,444,555,322
893,709,1100,1409,803,326,444,555,311
892,639,1063,1376,782,326,444,555,311
881,648,1044,1399,782,376,444,555,330
888,594,977,1401,681,334,444,458,330
888,594,906,1398,656,392,431,484,330
888,594,906,1374,642,456,484,523,340
888,594,1077,1320,591,505,587,549,408
888,594,1153,1495,591,505,568,537,492
888,594,1138,1529,591,493,606,611,474
888,594,1138,1589,608,507,548,594,415
898,592,916,1618,624,759,548,570,406
892,650,870,1618,625,772,623,570,270
896,685,895,1713,629,848,671,570,270
933,684,895,1689,629,848,695,481,274
888,661,900,1656,629,848,705,481,465
694,711,967,1583,629,848,634,443,449
655,757,971,1591,629,848,614,443,436
750,702,883,1593,629,848,523,442,524
750,702,883,1588,629,848,523,442,538
750,543,805,1560,532,847,523,274,541
366,879,808,1472,482,847,523,281,539
471,879,765,1428,482,847,525,281,561
490,874,766,1304,482,957,661,217,561
508,874,832,1307,367,957,715,217,561
511,869,820,1382,219,1024,724,232,561
498,882,821,1417,219,1024,776,392,561
508,889,821,1369,223,1024,775,392,561
705,889,793,1313,223,1027,679,392,564
727,889,793,1197,223,1076,679,396,569
727,889,793,1155,223,1093,681,398,571
711,905,622,1084,82,1091,689,471,571
749,893,801,962,88,1134,689,493,571
749,892,854,992,124,1273,689,493,571
754,881,854,995,124,1657,689,493,547
747,888,854,987,122,1456,689,532,557
747,888,854,984,122,1398,689,506,598
747,888,869,936,134,1334,636,467,605
786,888,704,834,188,1285,533,441,600
786,888,690,659,222,1286,525,417,555
786,888,904,625,501,1252,506,322,593
786,888,904,565,482,1297,506,322,577
776,898,904,840,465,1045,506,322,594
743,892,864,881,465,1055,454,322,594
704,896,879,810,461,1007,406,322,596
663,933,879,899,475,1007,382,322,622
832,888,874,907,531,1007,499,322,466
855,694,828,906,612,1019,497,322,469
810,655,877,903,617,1032,567,322,467
935,750,880,901,713,1135,654,322,373
935,750,880,901,831,1249,682,322,359
935,750,888,952,832,1249,682,322,356
935,366,869,1009,834,1249,863,315,356
830,471,865,1035,1012,1249,900,494,334
811,490,864,1035,1021,1139,995,623,334
793,508,839,1028,1044,1160,927,623,363
790,511,812,963,1062,1093,1010,608,371
793,498,809,974,1132,1093,982,448,424
735,508,922,1304,1113,1093,982,448,427
538,705,922,1268,1113,1092,983,448,464
516,727,941,1267,1363,1044,1022,444,542
533,727,943,1267,1469,1087,1097,442,544
533,711,871,1267,1553,1087,1112,369,663
495,749,692,1267,1539,1043,1124,347,956
495,749,639,1223,1666,904,1221,356,967
490,754,639,1179,1748,470,1249,506,1206
490,747,639,1179,1748,469,1278,473,1196
490,747,639,1179,1748,469,1278,473,1155
591,747,627,1179,1736,469,1278,473,1138
552,786,685,1087,1682,469,1278,473,1075
626,786,687,1196,1670,468,1271,473,1055
816,786,473,1202,1391,468,1252,473,1043
819,786,683,1207,1391,409,1252,473,1043
819,776,741,912,1391,409,1252,482,1024
800,743,758,871,1390,354,1229,629,1024
800,704,713,847,1390,326,1229,629,1022
800,663,713,751,1376,327,1229,629,989
631,832,713,771,1320,658,1233,658,1126
608,855,707,772,1239,759,1239,658,1123
608,810,1057,767,1234,776,1167,658,1123
389,935,1283,767,1138,673,1081,658,1123
482,935,1283,767,1020,560,1053,658,1123
482,935,1275,716,1022,610,1056,658,1123
482,935,1274,659,1020,652,875,658,1123
482,830,1268,710,867,652,836,479,1123
482,811,1268,729,878,652,641,350,1123
482,793,1227,679,860,631,641,350,1094
576,790,1209,668,842,631,539,350,1086
573,793,1209,590,772,631,518,350,1033
573,735,1096,256,771,631,537,382,1144
573,538,1100,255,771,629,654,388,1112
573,516,1081,312,527,628,620,388,1029
556,533,1079,312,434,575,562,388,1060
556,533,1079,312,358,575,539,388,1025
556,495,1079,479,358,586,549,390,742
556,495,1079,489,184,596,453,400,731
556,490,1079,530,118,613,427,250,492
556,490,1155,530,174,652,456,244,492
556,490,1253,530,193,825,456,285,492
455,591,1302,544,381,842,456,369,492
455,552,1264,549,630,842,456,399,493
381,626,1190,440,609,842,456,399,474
396,816,1257,434,613,842,509,410,502
432,819,1091,429,677,842,512,481,515
458,819,1033,420,682,842,518,627,515
476,800,1065,420,682,842,537,517,515
476,800,1065,425,683,843,551,517,515
568,800,1065,476,683,842,551,518,514
694,631,1065,447,683,511,420,491,319
740,608,1052,446,683,398,414,491,337
740,608,649,446,683,368,425,491,340
739,389,420,446,683,368,456,491,340
646,482,428,446,683,367,478,491,370
648,482,491,446,680,317,552,491,496
650,482,491,456,680,275,624,491,550
650,482,491,379,655,280,645,491,581
650,482,491,360,715,323,618,491,581
650,482,491,360,747,383,757,491,596
556,576,510,374,752,424,746,491,703
556,573,510,375,784,477,743,491,950
558,573,511,375,934,481,724,459,871
600,573,515,375,995,481,643,453,905
605,573,515,318,990,483,638,453,1257
605,556,515,318,977,476,598,453,1400
605,556,679,318,969,476,715,453,1421
605,556,682,151,976,465,713,473,1411
605,556,702,380,977,455,753,471,1412
605,556,760,352,961,438,753,517,1413
605,556,734,352,928,493,695,703,1416
639,556,689,352,927,338,713,671,1465
684,455,637,338,739,402,766,647,1651
761,455,611,333,490,471,839,640,1702
942,381,609,333,489,522,848,640,1720
771,396,542,333,485,547,795,629,1666
740,432,505,406,421,547,834,558,1716
806,458,506,409,416,552,828,403,1739
788,476,457,509,423,552,810,366,1857
845,476,569,615,422,561,842,366,1886
797,568,618,592,422,561,852,365,2073
671,694,668,624,485,563,852,363,2089
628,740,674,624,485,573,854,381,2072
629,740,674,680,565,573,843,381,2111
639,739,674,690,580,573,811,418,2138
642,646,670,690,580,647,789,418,2154
802,648,634,690,628,665,715,496,2127
955,650,634,680,636,680,651,555,2080
955,650,640,680,695,675,742,561,2049
955,650,642,826,697,632,733,563,2049
955,650,648,832,758,572,594,563,2034
955,556,657,856,782,539,607,563,1984
959,556,720,855,776,486,619,565,1742
1143,558,729,873,885,482,629,592,1731
1155,600,737,873,851,520,592,592,1697
1187,605,737,893,927,518,592,624,1406
1189,605,737,937,929,542,616,673,1228
1349,605,573,946,929,569,499,717,1123
1453,605,570,946,947,593,481,695,1132
1547,605,550,716,946,593,440,680,1141
1547,605,527,707,947,593,438,678,1144
1558,605,553,826,924,499,457,501,1209
1538,639,508,1158,906,607,452,492,1188
1549,684,561,1221,993,619,399,432,1005
1473,761,654,1252,1105,666,326,409,953
1367,942,778,1270,1122,671,317,409,935
1388,771,848,1373,1128,668,317,409,935
1416,740,842,1403,1196,668,275,409,872
1408,806,841,1452,1279,699,275,409,849
1425,788,854,1500,1278,699,274,409,731
1467,845,743,1412,1278,689,228,409,702
1437,797,694,1394,1320,689,218,415,515
1438,671,644,1362,1292,687,218,433,504
1438,628,636,1362,1293,677,216,549,504
1437,629,641,1306,1213,677,216,648,469
1427,639,641,1296,1198,689,216,612,479
1424,642,637,1296,1242,680,272,612,437
1262,802,637,1296,1194,667,356,534,338
1107,955,643,1296,1186,660,440,475,331
1112,955,642,1296,1127,680,344,477,331
1119,955,661,1150,1045,680,344,574,387
1143,955,657,1144,947,680,344,587,412
1316,955,630,1106,918,672,346,587,511
1323,959,567,1106,892,672,365,608,509
1214,1143,557,1088,633,672,402,581,524
1217,1155,541,1088,606,634,419,585,530
1180,1187,541,1090,529,642,419,553,572
1209,1189,541,1047,527,645,395,588,619
1049,1349,541,1040,527,629,411,567,624
1079,1453,541,1108,502,606,411,567,758
1040,1547,541,1111,627,640,411,565,841
1127,1547,520,1108,705,704,433,521,875
1119,1558,444,989,803,721,441,521,1048
1106,1538,436,657,832,595,428,522,1354
1050,1549,383,610,757,502,433,522,1398
1049,1473,290,580,714,386,433,522,1532
974,1367,169,667,707,336,485,538,1532
919,1388,99,588,777,314,485,576,1532
886,1416,98,546,709,314,486,577,1532
802,1408,98,497,704,278,517,660,1532
798,1425,85,389,706,278,517,683,1532
706,1467,84,367,735,278,532,703,1532
692,1437,84,411,731,319,538,901,1532
691,1438,84,430,698,319,578,1050,1527
709,1438,84,430,704,319,578,1017,1528
709,1437,88,434,712,319,578,985,1521
709,1427,88,448,712,307,578,1026,1493
774,1424,88,534,668,247,522,1079,1489
845,1262,81,654,746,374,515,1118,1489
845,1107,263,683,904,374,513,1127,1489
840,1112,365,690,959,354,506,1179,1517
833,1119,356,694,1014,380,650,1086,1506
815,1143,354,748,1015,387,650,1073,1500
645,1316,381,803,1015,387,635,1073,1372
634,1323,750,803,1015,387,608,1050,1371
602,1214,750,815,1015,387,562,1072,1332
549,1217,750,815,1015,391,545,1080,1318
549,1180,750,793,1015,384,545,1102,1241
519,1209,750,792,1036,357,545,1026,1213
535,1049,750,790,1036,346,530,1016,1279
468,1079,750,722,1039,345,528,1017,1151
417,1040,750,746,914,311,530,1017,1058
351,1127,736,780,836,247,525,1049,1020
357,1119,736,991,738,230,500,1091,782
441,1106,764,994,709,230,516,1091,550
604,1050,771,978,697,230,513,1091,564
607,1049,778,1049,628,230,513,1091,437
644,974,775,1086,622,224,461,1075,438
644,919,775,1304,591,224,461,1042,438
641,886,786,1243,601,225,460,1082,443
641,802,786,1240,707,246,429,1059,445
628,798,888,1200,706,258,429,1036,445
621,706,1042,1199,704,270,479,1021,445
622,692,1063,1145,801,229,518,817,445
622,691,1083,1126,914,239,593,650,445
601,709,1086,1126,930,239,726,549,443
620,709,1077,1122,1066,240,745,482,443
627,709,1080,1108,1066,431,746,440,434
562,774,1148,1022,1066,444,746,387,434
517,845,1139,902,988,339,666,348,434
556,845,951,873,830,427,605,339,434
556,840,848,866,775,433,609,279,406
556,833,837,884,720,417,526,273,361
570,815,837,830,732,446,558,273,342
574,645,835,775,732,446,558,293,314
708,634,485,775,777,446,555,293,312
708,602,485,763,880,446,555,273,312
749,549,485,776,999,442,555,292,312
778,549,485,835,1016,441,568,271,286
804,519,489,835,1042,464,568,271,267
982,535,489,914,1206,486,567,314,198
935,468,508,1079,1294,515,567,313,324
931,417,510,1071,1328,522,565,313,366
910,351,510,1087,1412,674,548,281,367
901,357,632,920,1412,674,553,230,364
816,441,672,917,1429,675,543,235,262
692,604,720,917,1499,687,544,241,329
689,607,713,846,1523,691,550,266,322
652,644,765,704,1519,762,554,266,321
652,644,780,463,1509,822,560,263,321
652,641,837,513,1499,832,560,228,316
652,641,838,715,1315,817,573,168,317
652,628,743,786,1308,805,594,255,317
652,621,592,812,1281,793,529,251,317
651,622,571,863,1146,793,484,251,317
651,622,551,892,1031,783,369,251,317
651,601,548,1008,1008,783,236,251,317
632,620,548,1018,870,782,217,251,317
625,627,545,1018,920,591,216,251,317
628,562,477,1022,955,573,216,290,317
782,517,466,1055,992,591,216,362,317
820,556,466,1231,992,516,187,396,317
824,556,462,1254,1207,510,190,443,317
824,556,534,1232,1211,500,129,447,317
804,570,547,1251,1219,634,106,447,317
797,574,571,1251,1224,717,106,427,402
790,708,600,1256,1179,721,162,427,438
807,708,622,1327,1076,768,184,425,438
784,749,648,1358,976,805,189,394,440
816,778,654,1299,972,875,227,393,440
821,804,650,1306,954,958,252,385,471
645,982,650,1233,831,950,252,329,469
628,935,631,1068,740,1056,252,329,422
688,931,629,1040,706,1104,252,415,409
697,910,629,989,621,977,252,417,409
736,901,507,945,621,977,263,453,409
739,816,439,977,604,976,265,517,410
700,692,384,1094,534,964,318,526,282
700,689,388,1112,510,960,340,512,282
725,652,340,1112,510,889,342,529,282
725,652,326,1158,475,829,336,527,282
725,652,258,1108,475,818,336,523,285
725,652,257,917,475,815,323,523,282
731,652,250,852,475,823,302,436,282
735,652,247,888,475,846,302,435,282
735,651,247,930,475,856,302,435,282
735,651,247,927,475,915,342,435,282
735,651,290,811,475,922,383,435,282
735,632,492,801,469,922,383,443,282
735,625,578,803,419,922,406,472,282
732,628,578,857,384,922,470,515,282
552,782,578,825,347,877,476,446,282
475,820,578,696,347,906,476,412,283
471,824,578,673,132,906,460,514,284
471,824,505,685,128,906,463,510,284
471,804,492,674,107,736,455,510,284
500,797,448,674,102,653,564,510,202
373,790,471,669,102,682,568,510,287
311,807,451,598,102,635,545,542,299
289,784,479,716,83,598,551,563,326
228,816,473,724,136,528,500,569,370
198,821,473,730,107,520,475,569,518
190,645,473,747,66,517,475,571,525
275,628,473,747,66,382,475,571,432
276,688,473,747,66,327,545,523,403
267,697,473,747,90,302,568,538,402
228,736,475,747,92,317,559,503,402
486,739,475,715,92,317,565,502,401
507,700,475,598,198,317,607,694,401
507,700,476,579,279,427,590,892,405
533,725,540,579,370,432,584,877,413
533,725,683,532,370,432,584,877,413
632,725,721,532,398,432,584,984,410
632,725,776,521,413,557,584,984,452
626,731,776,515,433,571,677,992,464
627,735,935,453,444,548,766,992,500
627,735,983,360,479,538,766,992,500
627,735,983,392,638,876,726,992,506
693,735,945,418,724,869,685,992,574
693,735,743,423,724,908,685,984,821
693,735,662,437,762,959,662,955,1091
693,732,662,379,902,1144,723,873,1091
693,552,703,378,903,1191,721,870,1121
693,475,703,331,903,1160,722,870,1158
693,471,703,331,903,1173,737,721,1157
693,471,703,326,903,1197,734,721,1247
765,471,703,321,951,1247,733,721,1247
866,500,709,330,1112,1385,624,721,1244
871,373,639,367,1159,1384,563,721,1123
893,311,648,386,1177,1384,563,689,1111
972,289,594,291,1183,1487,796,668,1179
1100,228,594,354,1123,1512,796,675,1135
1106,198,594,341,1195,1428,796,675,956
1096,190,594,318,1443,1468,796,673,949
1008,275,594,330,1443,1468,796,707,984
947,276,594,345,1443,1468,772,669,1005
947,267,594,345,1419,1470,749,710,1022
947,228,592,567,1417,1456,740,709,1046
940,486,650,653,1417,1456,758,640,1046
919,507,685,658,1311,1456,660,433,1046
1062,507,684,658,1261,1346,649,224,1131
1073,533,661,658,1204,1341,649,222,1123
1164,533,711,658,1278,1341,649,295,1161
1100,632,757,658,1250,1341,649,208,1161
1129,632,702,746,1235,1213,649,299,1120
1129,626,702,746,1220,1191,556,291,1108
1151,627,543,824,1237,1288,468,291,1240
1151,627,879,841,1290,1338,468,291,1240
1151,627,879,836,1175,941,468,291,1234
1151,693,874,810,1213,941,468,291,1230
1151,693,874,805,1267,1017,468,305,983
1158,693,869,846,1230,1114,468,326,713
1160,693,882,848,1122,929,343,326,713
1160,693,889,848,1173,898,339,327,683
1160,693,889,876,1266,879,338,423,645
1160,693,889,876,1383,866,323,423,645
1160,693,889,869,1425,842,323,444,555
1088,765,905,1109,1448,933,325,444,555
958,866,893,1100,1409,803,326,444,555
953,871,892,1063,1376,782,326,444,555
931,893,881,1044,1399,782,376,444,555
852,972,888,977,1401,681,334,444,458
724,1100,888,906,1398,656,392,431,484
716,1106,888,906,1374,642,456,484,523
716,1096,888,1077,1320,591,505,587,549
716,1008,888,1153,1495,591,505,568,537
716,947,888,1138,1529,591,493,606,611
716,947,888,1138,1589,608,507,548,594
716,947,898,916,1618,624,759,548,570
462,940,892,870,1618,625,772,623,570
462,919,896,895,1713,629,848,671,570
319,1062,933,895,1689,629,848,695,481
340,1073,888,900,1656,629,848,705,481
378,1164,694,967,1583,629,848,634,443
344,1100,655,971,1591,629,848,614,443
315,1129,750,883,1593,629,848,523,442
319,1129,750,883,1588,629,848,523,442
299,1151,750,805,1560,532,847,523,274
304,1151,366,808,1472,482,847,523,281
304,1151,471,765,1428,482,847,525,281
238,1151,490,766,1304,482,957,661,217
238,1151,508,832,1307,367,957,715,217
231,1158,511,820,1382,219,1024,724,232
267,1160,498,821,1417,219,1024,776,392
272,1160,508,821,1369,223,1024,775,392
276,1160,705,793,1313,223,1027,679,392
276,1160,727,793,1197,223,1076,679,396
276,1160,727,793,1155,223,1093,681,398
317,1088,711,622,1084,82,1091,689,471
317,958,749,801,962,88,1134,689,493
447,953,749,854,992,124,1273,689,493
468,931,754,854,995,124,1657,689,493
468,852,747,854,987,122,1456,689,532
471,724,747,854,984,122,1398,689,506
471,716,747,869,936,134,1334,636,467
494,716,786,704,834,188,1285,533,441
494,716,786,690,659,222,1286,525,417
536,716,786,904,625,501,1252,506,322
597,716,786,904,565,482,1297,506,322
597,716,776,904,840,465,1045,506,322
597,462,743,864,881,465,1055,454,322
605,462,704,879,810,461,1007,406,322
605,319,663,879,899,475,1007,382,322
522,340,832,874,907,531,1007,499,322
433,378,855,828,906,612,1019,497,322
777,344,810,877,903,617,1032,567,322
777,315,935,880,901,713,1135,654,322
885,319,935,880,901,831,1249,682,322
1024,299,935,888,952,832,1249,682,322
1110,304,935,869,1009,834,1249,863,315
1225,304,830,865,1035,1012,1249,900,494
1237,238,811,864,1035,1021,1139,995,623
1237,238,793,839,1028,1044,1160,927,623
1237,231,790,812,963,1062,1093,1010,608
1199,267,793,809,974,1132,1093,982,448
1196,272,735,922,1304,1113,1093,982,448
1302,276,538,922,1268,1113,1092,983,448
1326,276,516,941,1267,1363,1044,1022,444
1326,276,533,943,1267,1469,1087,1097,442
1474,317,533,871,1267,1553,1087,1112,369
1829,317,495,692,1267,1539,1043,1124,347
1722,447,495,639,1223,1666,904,1221,356
1777,468,490,639,1179,1748,470,1249,506
1787,468,490,639,1179,1748,469,1278,473
1784,471,490,639,1179,1748,469,1278,473
1784,471,591,627,1179,1736,469,1278,473
1761,494,552,685,1087,1682,469,1278,473
1761,494,626,687,1196,1670,468,1271,473
1719,536,816,473,1202,1391,468,1252,473
1658,597,819,683,1207,1391,409,1252,473
1696,597,819,741,912,1391,409,1252,482
1877,597,800,758,871,1390,354,1229,629
1921,605,800,713,847,1390,326,1229,629
1922,605,800,713,751,1376,327,1229,629
1922,522,631,713,771,1320,658,1233,658
1882,433,608,707,772,1239,759,1239,658
1565,777,608,1057,767,1234,776,1167,658
1565,777,389,1283,767,1138,673,1081,658
1453,885,482,1283,767,1020,560,1053,658
1379,1024,482,1275,716,1022,610,1056,658
1376,1110,482,1274,659,1020,652,875,658
1261,1225,482,1268,710,867,652,836,479
1249,1237,482,1268,729,878,652,641,350
1249,1237,482,1227,679,860,631,641,350
1249,1237,576,1209,668,842,631,539,350
1249,1199,573,1209,590,772,631,518,350
1247,1196,573,1096,256,771,631,537,382
1206,1302,573,1100,255,771,629,654,388
1386,1326,573,1081,312,527,628,620,388
1387,1326,556,1079,312,434,575,562,388
1212,1474,556,1079,312,358,575,539,388
858,1829,556,1079,479,358,586,549,390
839,1722,556,1079,489,184,596,453,400
763,1777,556,1079,530,118,613,427,250
812,1787,556,1155,530,174,652,456,244
825,1784,556,1253,530,193,825,456,285
959,1784,455,1302,544,381,842,456,369
959,1761,455,1264,549,630,842,456,399
959,1761,381,1190,440,609,842,456,399
988,1719,396,1257,434,613,842,509,410
989,1658,432,1091,429,677,842,512,481
951,1696,458,1033,420,682,842,518,627
770,1877,476,1065,420,682,842,537,517
718,1921,476,1065,425,683,843,551,517
717,1922,568,1065,476,683,842,551,518
717,1922,694,1065,447,683,511,420,491
717,1882,740,1052,446,683,398,414,491
689,1565,740,649,446,683,368,425,491
689,1565,739,420,446,683,368,456,491
720,1453,646,428,446,683,367,478,491
722,1379,648,491,446,680,317,552,491
634,1376,650,491,456,680,275,624,491
634,1261,650,491,379,655,280,645,491
727,1249,650,491,360,715,323,618,491
762,1249,650,491,360,747,383,757,491
762,1249,556,510,374,752,424,746,491
762,1249,556,510,375,784,477,743,491
799,1247,558,511,375,934,481,724,459
730,1206,600,515,375,995,481,643,453
526,1386,605,515,318,990,483,638,453
525,1387,605,515,318,977,476,598,453
512,1212,605,679,318,969,476,715,453
511,858,605,682,151,976,465,713,473
507,839,605,702,380,977,455,753,471
523,763,605,760,352,961,438,753,517
531,812,605,734,352,928,493,695,703
518,825,639,689,352,927,338,713,671
385,959,684,637,338,739,402,766,647
406,959,761,611,333,490,471,839,640
423,959,942,609,333,489,522,848,640
394,988,771,542,333,485,547,795,629
519,989,740,505,406,421,547,834,558
627,951,806,506,409,416,552,828,403
708,770,788,457,509,423,552,810,366
804,718,845,569,615,422,561,842,366
858,717,797,618,592,422,561,852,365
1013,717,671,668,624,485,563,852,363
1046,717,628,674,624,485,573,854,381
1134,689,629,674,680,565,573,843,381
1138,689,639,674,690,580,573,811,418
1108,720,642,670,690,580,647,789,418
1034,722,802,634,690,628,665,715,496
1034,634,955,634,680,636,680,651,555
1035,634,955,640,680,695,675,742,561
944,727,955,642,826,697,632,733,563
909,762,955,648,832,758,572,594,563
909,762,955,657,856,782,539,607,563
924,762,959,720,855,776,486,619,565
888,799,1143,729,873,885,482,629,592
888,730,1155,737,873,851,520,592,592
890,526,1187,737,893,927,518,592,624
891,525,1189,737,937,929,542,616,673
893,512,1349,573,946,929,569,499,717
893,511,1453,570,946,947,593,481,695
930,507,1547,550,716,946,593,440,680
915,523,1547,527,707,947,593,438,678
848,531,1558,553,826,924,499,457,501
850,518,1538,508,1158,906,607,452,492
849,385,1549,561,1221,993,619,399,432
832,406,1473,654,1252,1105,666,326,409
820,423,1367,778,1270,1122,671,317,409
821,394,1388,848,1373,1128,668,317,409
722,519,1416,842,1403,1196,668,275,409
754,627,1408,841,1452,1279,699,275,409
702,708,1425,854,1500,1278,699,274,409
612,804,1467,743,1412,1278,689,228,409
559,858,1437,694,1394,1320,689,218,415
410,1013,1438,644,1362,1292,687,218,433
388,1046,1438,636,1362,1293,677,216,549
306,1134,1437,641,1306,1213,677,216,648
302,1138,1427,641,1296,1198,689,216,612
332,1108,1424,637,1296,1242,680,272,612
347,1034,1262,637,1296,1194,667,356,534
377,1034,1107,643,1296,1186,660,440,475
480,1035,1112,642,1296,1127,680,344,477
495,944,1119,661,1150,1045,680,344,574
577,909,1143,657,1144,947,680,344,587
717,909,1316,630,1106,918,672,346,587
809,924,1323,567,1106,892,672,365,608
883,888,1214,557,1088,633,672,402,581
884,888,1217,541,1088,606,634,419,585
882,890,1180,541,1090,529,642,419,553
883,891,1209,541,1047,527,645,395,588
887,893,1049,541,1040,527,629,411,567
889,893,1079,541,1108,502,606,411,567
852,930,1040,541,1111,627,640,411,565
851,915,1127,520,1108,705,704,433,521
901,848,1119,444,989,803,721,441,521
1010,850,1106,436,657,832,595,428,522
1092,849,1050,383,610,757,502,433,522
1091,832,1049,290,580,714,386,433,522
1086,820,974,169,667,707,336,485,538
1314,821,919,99,588,777,314,485,576
1335,722,886,98,546,709,314,486,577
1203,754,802,98,497,704,278,517,660
1293,702,798,85,389,706,278,517,683
1287,612,706,84,367,735,278,532,703
1306,559,692,84,411,731,319,538,901
1325,410,691,84,430,698,319,578,1050
1365,388,709,84,430,704,319,578,1017
1364,306,709,88,434,712,319,578,985
1415,302,709,88,448,712,307,578,1026
1384,332,774,88,534,668,247,522,1079
1369,347,845,81,654,746,374,515,1118
1359,377,845,263,683,904,374,513,1127
1255,480,840,365,690,959,354,506,1179
1248,495,833,356,694,1014,380,650,1086
1166,577,815,354,748,1015,387,650,1073
1026,717,645,381,803,1015,387,635,1073
919,809,634,750,803,1015,387,608,1050
844,883,602,750,815,1015,387,562,1072
868,884,549,750,815,1015,391,545,1080
898,882,549,750,793,1015,384,545,1102
896,883,519,750,792,1036,357,545,1026
900,887,535,750,790,1036,346,530,1016
928,889,468,750,722,1039,345,528,1017
928,852,417,750,746,914,311,530,1017
928,851,351,736,780,836,247,525,1049
878,901,357,736,991,738,230,500,1091
770,1010,441,764,994,709,230,516,1091
708,1092,604,771,978,697,230,513,1091
705,1091,607,778,1049,628,230,513,1091
705,1086,644,775,1086,622,224,461,1075
476,1314,644,775,1304,591,224,461,1042
428,1335,641,786,1243,601,225,460,1082
428,1203,641,786,1240,707,246,429,1059
309,1293,628,888,1200,706,258,429,1036
311,1287,621,1042,1199,704,270,479,1021
309,1306,622,1063,1145,801,229,518,817
347,1325,622,1083,1126,914,239,593,650
316,1365,601,1086,1126,930,239,726,549
321,1364,620,1077,1122,1066,240,745,482
351,1415,627,1080,1108,1066,431,746,440
359,1384,562,1148,1022,1066,444,746,387
359,1369,517,1139,902,988,339,666,348
339,1359,556,951,873,830,427,605,339
339,1255,556,848,866,775,433,609,279
337,1248,556,837,884,720,417,526,273
337,1166,570,837,830,732,446,558,273
337,1026,574,835,775,732,446,558,293
337,919,708,485,775,777,446,555,293
367,844,708,485,763,880,446,555,273
342,868,749,485,776,999,442,555,292
391,898,778,485,835,1016,441,568,271
399,896,804,489,835,1042,464,568,271
388,900,982,489,914,1206,486,567,314
358,928,935,508,1079,1294,515,567,313
358,928,931,510,1071,1328,522,565,313
358,928,910,510,1087,1412,674,548,281
358,878,901,632,920,1412,674,553,230
355,770,816,672,917,1429,675,543,235
378,708,692,720,917,1499,687,544,241
378,705,689,713,846,1523,691,550,266
378,705,652,765,704,1519,762,554,266
378,476,652,780,463,1509,822,560,263
378,428,652,837,513,1499,832,560,228
370,428,652,838,715,1315,817,573,168
370,309,652,743,786,1308,805,594,255
388,311,652,592,812,1281,793,529,251
375,309,651,571,863,1146,793,484,251
312,347,651,551,892,1031,783,369,251
297,316,651,548,1008,1008,783,236,251
296,321,632,548,1018,870,782,217,251
215,351,625,545,1018,920,591,216,251
219,359,628,477,1022,955,573,216,290
219,359,782,466,1055,992,591,216,362
219,339,820,466,1231,992,516,187,396
219,339,824,462,1254,1207,510,190,443
211,337,824,534,1232,1211,500,129,447
211,337,804,547,1251,1219,634,106,447
211,337,797,571,1251,1224,717,106,427
211,337,790,600,1256,1179,721,162,427
181,367,807,622,1327,1076,768,184,425
181,342,784,648,1358,976,805,189,394
102,391,816,654,1299,972,875,227,393
94,399,821,650,1306,954,958,252,385
124,388,645,650,1233,831,950,252,329
154,358,628,631,1068,740,1056,252,329
197,358,688,629,1040,706,1104,252,415
259,358,697,629,989,621,977,252,417
330,358,736,507,945,621,977,263,453
330,355,739,439,977,604,976,265,517
297,378,700,384,1094,534,964,318,526
297,378,700,388,1112,510,960,340,512
297,378,725,340,1112,510,889,342,529
297,378,725,326,1158,475,829,336,527
297,378,725,258,1108,475,818,336,523
297,370,725,257,917,475,815,323,523
317,370,731,250,852,475,823,302,436
297,388,735,247,888,475,846,302,435
292,375,735,247,930,475,856,302,435
292,312,735,247,927,475,915,342,435
287,297,735,290,811,475,922,383,435
295,296,735,492,801,469,922,383,443
295,215,735,578,803,419,922,406,472
283,219,732,578,857,384,922,470,515
283,219,552,578,825,347,877,476,446
283,219,475,578,696,347,906,476,412
283,219,471,578,673,132,906,460,514
288,211,471,505,685,128,906,463,510
314,211,471,492,674,107,736,455,510
314,211,500,448,674,102,653,564,510
314,211,373,471,669,102,682,568,510
314,181,311,451,598,102,635,545,542
352,181,289,479,716,83,598,551,563
360,102,228,473,724,136,528,500,569
390,94,198,473,730,107,520,475,569
360,124,190,473,747,66,517,475,571
330,154,275,473,747,66,382,475,571
287,197,276,473,747,66,327,545,523
225,259,267,473,747,90,302,568,538
154,330,228,475,747,92,317,559,503
154,330,486,475,715,92,317,565,502
144,297,507,475,598,198,317,607,694
144,297,507,476,579,279,427,590,892
186,297,533,540,579,370,432,584,877
186,297,533,683,532,370,432,584,877
186,297,632,721,532,398,432,584,984
186,297,632,776,521,413,557,584,984
179,317,626,776,515,433,571,677,992
187,297,627,935,453,444,548,766,992
187,292,627,983,360,479,538,766,992
187,292,627,983,392,638,876,726,992
218,287,693,945,418,724,869,685,992
255,295,693,743,423,724,908,685,984
364,295,693,662,437,762,959,662,955
425,283,693,662,379,902,1144,723,873
425,283,693,703,378,903,1191,721,870
433,283,693,703,331,903,1160,722,870
433,283,693,703,331,903,1173,737,721
428,288,693,703,326,903,1197,734,721
402,314,765,703,321,951,1247,733,721
402,314,866,709,330,1112,1385,624,721
402,314,871,639,367,1159,1384,563,721
402,314,893,648,386,1177,1384,563,689
364,352,972,594,291,1183,1487,796,668
356,360,1100,594,354,1123,1512,796,675
435,390,1106,594,341,1195,1428,796,675
435,360,1096,594,318,1443,1468,796,673
435,330,1008,594,330,1443,1468,796,707
488,287,947,594,345,1443,1468,772,669
488,225,947,594,345,1419,1470,749,710
528,154,947,592,567,1417,1456,740,709
630,154,940,650,653,1417,1456,758,640
633,144,919,685,658,1311,1456,660,433
648,144,1062,684,658,1261,1346,649,224
611,186,1073,661,658,1204,1341,649,222
674,186,1164,711,658,1278,1341,649,295
674,186,1100,757,658,1250,1341,649,208
711,186,1129,702,746,1235,1213,649,299
698,179,1129,702,746,1220,1191,556,291
690,187,1151,543,824,1237,1288,468,291
726,187,1151,879,841,1290,1338,468,291
741,187,1151,879,836,1175,941,468,291
760,218,1151,874,810,1213,941,468,291
754,255,1151,874,805,1267,1017,468,305
864,364,1158,869,846,1230,1114,468,326
811,425,1160,882,848,1122,929,343,326
1097,425,1160,889,848,1173,898,339,327
1101,433,1160,889,876,1266,879,338,423
1102,433,1160,889,876,1383,866,323,423
1104,428,1160,889,869,1425,842,323,444
1104,402,1088,905,1109,1448,933,325,444
1105,402,958,893,1100,1409,803,326,444
1105,402,953,892,1063,1376,782,326,444
1164,402,931,881,1044,1399,782,376,444
1164,364,852,888,977,1401,681,334,444
1164,356,724,888,906,1398,656,392,431
1055,435,716,888,906,1374,642,456,484
1055,435,716,888,1077,1320,591,505,587
1055,435,716,888,1153,1495,591,505,568
1002,488,716,888,1138,1529,591,493,606
1002,488,716,888,1138,1589,608,507,548
962,528,716,898,916,1618,624,759,548
860,630,462,892,870,1618,625,772,623
857,633,462,896,895,1713,629,848,671
859,648,319,933,895,1689,629,848,695
854,611,340,888,900,1656,629,848,705
812,674,378,694,967,1583,629,848,634
833,674,344,655,971,1591,629,848,614
811,711,315,750,883,1593,629,848,523
811,698,319,750,883,1588,629,848,523
937,690,299,750,805,1560,532,847,523
1032,726,304,366,808,1472,482,847,523
1032,741,304,471,765,1428,482,847,525
989,760,238,490,766,1304,482,957,661
946,754,238,508,832,1307,367,957,715
729,864,231,511,820,1382,219,1024,724
735,811,267,498,821,1417,219,1024,776
451,1097,272,508,821,1369,223,1024,775
458,1101,276,705,793,1313,223,1027,679
457,1102,276,727,793,1197,223,1076,679
467,1104,276,727,793,1155,223,1093,681
552,1104,317,711,622,1084,82,1091,689
590,1105,317,749,801,962,88,1134,689
590,1105,447,749,854,992,124,1273,689
531,1164,468,754,854,995,124,1657,689
536,1164,468,747,854,987,122,1456,689
536,1164,471,747,854,984,122,1398,689
536,1055,471,747,869,936,134,1334,636
542,1055,494,786,704,834,188,1285,533
598,1055,494,786,690,659,222,1286,525
729,1002,536,786,904,625,501,1252,506
829,1002,597,786,904,565,482,1297,506
832,962,597,776,904,840,465,1045,506
971,860,597,743,864,881,465,1055,454
1021,857,605,704,879,810,461,1007,406
1004,859,605,663,879,899,475,1007,382
1004,854,522,832,874,907,531,1007,499
997,812,433,855,828,906,612,1019,497
977,833,777,810,877,903,617,1032,567
980,811,777,935,880,901,713,1135,654
980,811,885,935,880,901,831,1249,682
854,937,1024,935,888,952,832,1249,682
725,1032,1110,935,869,1009,834,1249,863
710,1032,1225,830,865,1035,1012,1249,900
705,989,1237,811,864,1035,1021,1139,995
700,946,1237,793,839,1028,1044,1160,927
728,729,1237,790,812,963,1062,1093,1010
714,735,1199,793,809,974,1132,1093,982
712,451,1196,735,922,1304,1113,1093,982
718,458,1302,538,922,1268,1113,1092,983
753,457,1326,516,941,1267,1363,1044,1022
805,467,1326,533,943,1267,1469,1087,1097
861,552,1474,533,871,1267,1553,1087,1112
822,590,1829,495,692,1267,1539,1043,1124
822,590,1722,495,639,1223,1666,904,1221
822,531,1777,490,639,1179,1748,470,1249
817,536,1787,490,639,1179,1748,469,1278
817,536,1784,490,639,1179,1748,469,1278
817,536,1784,591,627,1179,1736,469,1278
811,542,1761,552,685,1087,1682,469,1278
770,598,1761,626,687,1196,1670,468,1271
639,729,1719,816,473,1202,1391,468,1252
540,829,1658,819,683,1207,1391,409,1252
579,832,1696,819,741,912,1391,409,1252
440,971,1877,800,758,871,1390,354,1229
401,1021,1921,800,713,847,1390,326,1229
402,1004,1922,800,713,751,1376,327,1229
656,1004,1922,631,713,771,1320,658,1233
642,997,1882,608,707,772,1239,759,1239
651,977,1565,608,1057,767,1234,776,1167
633,980,1565,389,1283,767,1138,673,1081
633,980,1453,482,1283,767,1020,560,1053
633,854,1379,482,1275,716,1022,610,1056
676,725,1376,482,1274,659,1020,652,875
734,710,1261,482,1268,710,867,652,836
753,705,1249,482,1268,729,878,652,641
753,700,1249,482,1227,679,860,631,641
723,728,1249,576,1209,668,842,631,539
723,714,1249,573,1209,590,772,631,518
723,712,1247,573,1096,256,771,631,537
698,718,1206,573,1100,255,771,629,654
663,753,1386,573,1081,312,527,628,620
599,805,1387,556,1079,312,434,575,562
458,861,1212,556,1079,312,358,575,539
458,822,858,556,1079,479,358,586,549
458,822,839,556,1079,489,184,596,453
458,822,763,556,1079,530,118,613,427
458,817,812,556,1155,530,174,652,456
458,817,825,556,1253,530,193,825,456
458,817,959,455,1302,544,381,842,456
458,811,959,455,1264,549,630,842,456
443,770,959,381,1190,440,609,842,456
501,639,988,396,1257,434,613,842,509
505,540,989,432,1091,429,677,842,512
478,579,951,458,1033,420,682,842,518
500,440,770,476,1065,420,682,842,537
490,401,718,476,1065,425,683,843,551
490,402,717,568,1065,476,683,842,551
237,656,717,694,1065,447,683,511,420
239,642,717,740,1052,446,683,398,414
229,651,689,740,649,446,683,368,425
229,633,689,739,420,446,683,368,456
229,633,720,646,428,446,683,367,478
229,633,722,648,491,446,680,317,552
245,676,634,650,491,456,680,275,624
270,734,634,650,491,379,655,280,645
251,753,727,650,491,360,715,323,618
251,753,762,650,491,360,747,383,757
251,723,762,556,510,374,752,424,746
251,723,762,556,510,375,784,477,743
255,723,799,558,511,375,934,481,724
279,698,730,600,515,375,995,481,643
279,663,526,605,515,318,990,483,638
279,599,525,605,515,318,977,476,598
279,458,512,605,679,318,969,476,715
283,458,511,605,682,151,976,465,713
295,458,507,605,702,380,977,455,753
295,458,523,605,760,352,961,438,753
295,458,531,605,734,352,928,493,695
299,458,518,639,689,352,927,338,713
310,458,385,684,637,338,739,402,766
336,458,406,761,611,333,490,471,839
369,443,423,942,609,333,489,522,848
311,501,394,771,542,333,485,547,795
306,505,519,740,505,406,421,547,834
293,478,627,806,506,409,416,552,828
271,500,708,788,457,509,423,552,810
270,490,804,845,569,615,422,561,842
269,490,858,797,618,592,422,561,852
268,237,1013,671,668,624,485,563,852
266,239,1046,628,674,624,485,573,854
266,229,1134,629,674,680,565,573,843
266,229,1138,639,674,690,580,573,811
266,229,1108,642,670,690,580,647,789
266,229,1034,802,634,690,628,665,715
207,245,1034,955,634,680,636,680,651
126,270,1035,955,640,680,695,675,742
124,251,944,955,642,826,697,632,733
124,251,909,955,648,832,758,572,594
124,251,909,955,657,856,782,539,607
124,251,924,959,720,855,776,486,619
120,255,888,1143,729,873,885,482,629
96,279,888,1155,737,873,851,520,592
97,279,890,1187,737,893,927,518,592
97,279,891,1189,737,937,929,542,616
97,279,893,1349,573,946,929,569,499
93,283,893,1453,570,946,947,593,481
87,295,930,1547,550,716,946,593,440
95,295,915,1547,527,707,947,593,438
116,295,848,1558,553,826,924,499,457
167,299,850,1538,508,1158,906,607,452
579,310,849,1549,561,1221,993,619,399
589,336,832,1473,654,1252,1105,666,326
564,369,820,1367,778,1270,1122,671,317
698,311,821,1388,848,1373,1128,668,317
708,306,722,1416,842,1403,1196,668,275
784,293,754,1408,841,1452,1279,699,275
784,271,702,1425,854,1500,1278,699,274
788,270,612,1467,743,1412,1278,689,228
860,269,559,1437,694,1394,1320,689,218
1055,268,410,1438,644,1362,1292,687,218
1208,266,388,1438,636,1362,1293,677,216
1302,266,306,1437,641,1306,1213,677,216
1608,266,302,1427,641,1296,1198,689,216
1659,266,332,1424,637,1296,1242,680,272
1671,266,347,1262,637,1296,1194,667,356
1669,207,377,1107,643,1296,1186,660,440
1690,126,480,1112,642,1296,1127,680,344
1719,124,495,1119,661,1150,1045,680,344
1737,124,577,1143,657,1144,947,680,344
1758,124,717,1316,630,1106,918,672,346
1776,124,809,1323,567,1106,892,672,365
1779,120,883,1214,557,1088,633,672,402
1779,96,884,1217,541,1088,606,634,419
1778,97,882,1180,541,1090,529,642,419
1783,97,883,1209,541,1047,527,645,395
1826,97,887,1049,541,1040,527,629,411
1841,93,889,1079,541,1108,502,606,411
1872,87,852,1040,541,1111,627,640,411
1883,95,851,1127,520,1108,705,704,433
2057,116,901,1119,444,989,803,721,441
2057,167,1010,1106,436,657,832,595,428
1690,579,1092,1050,383,610,757,502,433
1871,589,1091,1049,290,580,714,386,433
1902,564,1086,974,169,667,707,336,485
1787,698,1314,919,99,588,777,314,485
1792,708,1335,886,98,546,709,314,486
1719,784,1203,802,98,497,704,278,517
1719,784,1293,798,85,389,706,278,517
1715,788,1287,706,84,367,735,278,532
1654,860,1306,692,84,411,731,319,538
1464,1055,1325,691,84,430,698,319,578
1311,1208,1365,709,84,430,704,319,578
1217,1302,1364,709,88,434,712,319,578
911,1608,1415,709,88,448,712,307,578
860,1659,1384,774,88,534,668,247,522
852,1671,1369,845,81,654,746,374,515
897,1669,1359,845,263,683,904,374,513
948,1690,1255,840,365,690,959,354,506
1015,1719,1248,833,356,694,1014,380,650
1006,1737,1166,815,354,748,1015,387,650
985,1758,1026,645,381,803,1015,387,635
967,1776,919,634,750,803,1015,387,608
964,1779,844,602,750,815,1015,387,562
973,1779,868,549,750,815,1015,391,545
973,1778,898,549,750,793,1015,384,545
968,1783,896,519,750,792,1036,357,545
925,1826,900,535,750,790,1036,346,530
941,1841,928,468,750,722,1039,345,528
904,1872,928,417,750,746,914,311,530
903,1883,928,351,736,780,836,247,525
708,2057,878,357,736,991,738,230,500
653,2057,770,441,764,994,709,230,516
597,1690,708,604,771,978,697,230,513
380,1871,705,607,778,1049,628,230,513
341,1902,705,644,775,1086,622,224,461
323,1787,476,644,775,1304,591,224,461
308,1792,428,641,786,1243,601,225,460
303,1719,428,641,786,1240,707,246,429
303,1719,309,628,888,1200,706,258,429
303,1715,311,621,1042,1199,704,270,479
292,1654,309,622,1063,1145,801,229,518
290,1464,347,622,1083,1126,914,239,593
309,1311,316,601,1086,1126,930,239,726
341,1217,321,620,1077,1122,1066,240,745
343,911,351,627,1080,1108,1066,431,746
344,860,359,562,1148,1022,1066,444,746
357,852,359,517,1139,902,988,339,666
357,897,339,556,951,873,830,427,605
283,948,339,556,848,866,775,433,609
187,1015,337,556,837,884,720,417,526
178,1006,337,570,837,830,732,446,558
181,985,337,574,835,775,732,446,558
186,967,337,708,485,775,777,446,555
192,964,367,708,485,763,880,446,555
183,973,342,749,485,776,999,442,555
183,973,391,778,485,835,1016,441,568
183,968,399,804,489,835,1042,464,568
183,925,388,982,489,914,1206,486,567
154,941,358,935,508,1079,1294,515,567
155,904,358,931,510,1071,1328,522,565
174,903,358,910,510,1087,1412,674,548
202,708,358,901,632,920,1412,674,553
202,653,355,816,672,917,1429,675,543
221,597,378,692,720,917,1499,687,544
221,380,378,689,713,846,1523,691,550
221,341,378,652,765,704,1519,762,554
224,323,378,652,780,463,1509,822,560
226,308,378,652,837,513,1499,832,560
226,303,370,652,838,715,1315,817,573
226,303,370,652,743,786,1308,805,594
227,303,388,652,592,812,1281,793,529
227,292,375,651,571,863,1146,793,484
224,290,312,651,551,892,1031,783,369
221,309,297,651,548,1008,1008,783,236
272,341,296,632,548,1018,870,782,217
271,343,215,625,545,1018,920,591,216
270,344,219,628,477,1022,955,573,216
253,357,219,782,466,1055,992,591,216
208,357,219,820,466,1231,992,516,187
208,283,219,824,462,1254,1207,510,190
208,187,211,824,534,1232,1211,500,129
208,178,211,804,547,1251,1219,634,106
205,181,211,797,571,1251,1224,717,106
200,186,211,790,600,1256,1179,721,162
194,192,181,807,622,1327,1076,768,184
194,183,181,784,648,1358,976,805,189
194,183,102,816,654,1299,972,875,227
194,183,94,821,650,1306,954,958,252
194,183,124,645,650,1233,831,950,252
192,154,154,628,631,1068,740,1056,252
198,155,197,688,629,1040,706,1104,252
161,174,259,697,629,989,621,977,252
133,202,330,736,507,945,621,977,263
133,202,330,739,439,977,604,976,265
119,221,297,700,384,1094,534,964,318
119,221,297,700,388,1112,510,960,340
174,221,297,725,340,1112,510,889,342
218,224,297,725,326,1158,475,829,336
238,226,297,725,258,1108,475,818,336
317,226,297,725,257,917,475,815,323
317,226,317,731,250,852,475,823,302
316,227,297,735,247,888,475,846,302
316,227,292,735,247,930,475,856,302
316,224,292,735,247,927,475,915,342
312,221,287,735,290,811,475,922,383
252,272,295,735,492,801,469,922,383
318,271,295,735,578,803,419,922,406
358,270,283,732,578,857,384,922,470
402,253,283,552,578,825,347,877,476
423,208,283,475,578,696,347,906,476
517,208,283,471,578,673,132,906,460
612,208,288,471,505,685,128,906,463
690,208,314,471,492,674,107,736,455
846,205,314,500,448,674,102,653,564
915,200,314,373,471,669,102,682,568
917,194,314,311,451,598,102,635,545
917,194,352,289,479,716,83,598,551
961,194,360,228,473,724,136,528,500
961,194,390,198,473,730,107,520,475
1193,194,360,190,473,747,66,517,475
1193,192,330,275,473,747,66,382,475
1186,198,287,276,473,747,66,327,545
1264,161,225,267,473,747,90,302,568
1330,133,154,228,475,747,92,317,559
1330,133,154,486,475,715,92,317,565
1327,119,144,507,475,598,198,317,607
1358,119,144,507,476,579,279,427,590
1303,174,186,533,540,579,370,432,584
1297,218,186,533,683,532,370,432,584
1275,238,186,632,721,532,398,432,584
1196,317,186,632,776,521,413,557,584
1196,317,179,626,776,515,433,571,677
1238,316,187,627,935,453,444,548,766
1262,316,187,627,983,360,479,538,766
1265,316,187,627,983,392,638,876,726
1260,312,218,693,945,418,724,869,685
1238,252,255,693,743,423,724,908,685
1182,318,364,693,662,437,762,959,662
1258,358,425,693,662,379,902,1144,723
1214,402,425,693,703,378,903,1191,721
1193,423,433,693,703,331,903,1160,722
1099,517,433,693,703,331,903,1173,737
1004,612,428,693,703,326,903,1197,734
926,690,402,765,703,321,951,1247,733
770,846,402,866,709,330,1112,1385,624
701,915,402,871,639,367,1159,1384,563
700,917,402,893,648,386,1177,1384,563
700,917,364,972,594,291,1183,1487,796
701,961,356,1100,594,354,1123,1512,796
704,961,435,1106,594,341,1195,1428,796
472,1193,435,1096,594,318,1443,1468,796
754,1193,435,1008,594,330,1443,1468,796
772,1186,488,947,594,345,1443,1468,772
695,1264,488,947,594,345,1419,1470,749
708,1330,528,947,592,567,1417,1456,740
750,1330,630,940,650,653,1417,1456,758
748,1327,633,919,685,658,1311,1456,660
717,1358,648,1062,684,658,1261,1346,649
717,1303,611,1073,661,658,1204,1341,649
819,1297,674,1164,711,658,1278,1341,649
822,1275,674,1100,757,658,1250,1341,649
889,1196,711,1129,702,746,1235,1213,649
889,1196,698,1129,702,746,1220,1191,556
857,1238,690,1151,543,824,1237,1288,468
963,1262,726,1151,879,841,1290,1338,468
960,1265,741,1151,879,836,1175,941,468
954,1260,760,1151,874,810,1213,941,468
970,1238,754,1151,874,805,1267,1017,468
1165,1182,864,1158,869,846,1230,1114,468
1083,1258,811,1160,882,848,1122,929,343
1084,1214,1097,1160,889,848,1173,898,339
1084,1193,1101,1160,889,876,1266,879,338
1152,1099,1102,1160,889,876,1383,866,323
1152,1004,1104,1160,889,869,1425,842,323
1152,926,1104,1088,905,1109,1448,933,325
1152,770,1105,958,893,1100,1409,803,326
1154,701,1105,953,892,1063,1376,782,326
1206,700,1164,931,881,1044,1399,782,376
1207,700,1164,852,888,977,1401,681,334
1162,701,1164,724,888,906,1398,656,392
1159,704,1055,716,888,906,1374,642,456
1159,472,1055,716,888,1077,1320,591,505
877,754,1055,716,888,1153,1495,591,505
980,772,1002,716,888,1138,1529,591,493
1038,695,1002,716,888,1138,1589,608,507
961,708,962,716,898,916,1618,624,759
1062,750,860,462,892,870,1618,625,772
1071,748,857,462,896,895,1713,629,848
1074,717,859,319,933,895,1689,629,848
1159,717,854,340,888,900,1656,629,848
1215,819,812,378,694,967,1583,629,848
1508,822,833,344,655,971,1591,629,848
1592,889,811,315,750,883,1593,629,848
1614,889,811,319,750,883,1588,629,848
1609,857,937,299,750,805,1560,532,847
1480,963,1032,304,366,808,1472,482,847
1480,960,1032,304,471,765,1428,482,847
1479,954,989,238,490,766,1304,482,957
1462,970,946,238,508,832,1307,367,957
1281,1165,729,231,511,820,1382,219,1024
1247,1083,735,267,498,821,1417,219,1024
1246,1084,451,272,508,821,1369,223,1024
1246,1084,458,276,705,793,1313,223,1027
1178,1152,457,276,727,793,1197,223,1076
1178,1152,467,276,727,793,1155,223,1093
1360,1152,552,317,711,622,1084,82,1091
1392,1152,590,317,749,801,962,88,1134
1390,1154,590,447,749,854,992,124,1273
1375,1206,531,468,754,854,995,124,1657
1374,1207,536,468,747,854,987,122,1456
1398,1162,536,471,747,854,984,122,1398
1399,1159,536,471,747,869,936,134,1334
1399,1159,542,494,786,704,834,188,1285
1402,877,598,494,786,690,659,222,1286
1392,980,729,536,786,904,625,501,1252
1339,1038,829,597,786,904,565,482,1297
1340,961,832,597,776,904,840,465,1045
1197,1062,971,597,743,864,881,465,1055
1194,1071,1021,605,704,879,810,461,1007
1191,1074,1004,605,663,879,899,475,1007
1106,1159,1004,522,832,874,907,531,1007
906,1215,997,433,855,828,906,612,1019
610,1508,977,777,810,877,903,617,1032
459,1592,980,777,935,880,901,713,1135
443,1614,980,885,935,880,901,831,1249
438,1609,854,1024,935,888,952,832,1249
437,1480,725,1110,935,869,1009,834,1249
437,1480,710,1225,830,865,1035,1012,1249
437,1479,705,1237,811,864,1035,1021,1139
445,1462,700,1237,793,839,1028,1044,1160
551,1281,728,1237,790,812,963,1062,1093
551,1247,714,1199,793,809,974,1132,1093
604,1246,712,1196,735,922,1304,1113,1093
605,1246,718,1302,538,922,1268,1113,1092
608,1178,753,1326,516,941,1267,1363,1044
608,1178,805,1326,533,943,1267,1469,1087
426,1360,861,1474,533,871,1267,1553,1087
394,1392,822,1829,495,692,1267,1539,1043
395,1390,822,1722,495,639,1223,1666,904
357,1375,822,1777,490,639,1179,1748,470
421,1374,817,1787,490,639,1179,1748,469
397,1398,817,1784,490,639,1179,1748,469
396,1399,817,1784,591,627,1179,1736,469
396,1399,811,1761,552,685,1087,1682,469
407,1402,770,1761,626,687,1196,1670,468
296,1392,639,1719,816,473,1202,1391,468
290,1339,540,1658,819,683,1207,1391,409
287,1340,579,1696,819,741,912,1391,409
287,1197,440,1877,800,758,871,1390,354
281,1194,401,1921,800,713,847,1390,326
281,1191,402,1922,800,713,751,1376,327
281,1106,656,1922,631,713,771,1320,658
342,906,642,1882,608,707,772,1239,759
383,610,651,1565,608,1057,767,1234,776
383,459,633,1565,389,1283,767,1138,673
390,443,633,1453,482,1283,767,1020,560
410,438,633,1379,482,1275,716,1022,610
454,437,676,1376,482,1274,659,1020,652
454,437,734,1261,482,1268,710,867,652
454,437,753,1249,482,1268,729,878,652
446,445,753,1249,482,1227,679,860,631
315,551,723,1249,576,1209,668,842,631
335,551,723,1249,573,1209,590,772,631
323,604,723,1247,573,1096,256,771,631
322,605,698,1206,573,1100,255,771,629
349,608,663,1386,573,1081,312,527,628
418,608,599,1387,556,1079,312,434,575
667,426,458,1212,556,1079,312,358,575
728,394,458,858,556,1079,479,358,586
763,395,458,839,556,1079,489,184,596
763,357,458,763,556,1079,530,118,613
699,421,458,812,556,1155,530,174,652
706,397,458,825,556,1253,530,193,825
767,396,458,959,455,1302,544,381,842
962,396,458,959,455,1264,549,630,842
951,407,443,959,381,1190,440,609,842
986,296,501,988,396,1257,434,613,842
1014,290,505,989,432,1091,429,677,842
1034,287,478,951,458,1033,420,682,842
1040,287,500,770,476,1065,420,682,842
1040,281,490,718,476,1065,425,683,843
1066,281,490,717,568,1065,476,683,842
1184,281,237,717,694,1065,447,683,511
1170,342,239,717,740,1052,446,683,398
1373,383,229,689,740,649,446,683,368
1402,383,229,689,739,420,446,683,368
1397,390,229,720,646,428,446,683,367
1380,410,229,722,648,491,446,680,317
1336,454,245,634,650,491,456,680,275
1336,454,270,634,650,491,379,655,280
1336,454,251,727,650,491,360,715,323
1336,446,251,762,650,491,360,747,383
1336,315,251,762,556,510,374,752,424
1316,335,251,762,556,510,375,784,477
1275,323,255,799,558,511,375,934,481
1275,322,279,730,600,515,375,995,481
1248,349,279,526,605,515,318,990,483
1180,418,279,525,605,515,318,977,476
931,667,279,512,605,679,318,969,476
882,728,283,511,605,682,151,976,465
896,763,295,507,605,702,380,977,455
896,763,295,523,605,760,352,961,438
896,699,295,531,605,734,352,928,493
1043,706,299,518,639,689,352,927,338
1121,767,310,385,684,637,338,739,402
947,962,336,406,761,611,333,490,471
977,951,369,423,942,609,333,489,522
942,986,311,394,771,542,333,485,547
927,1014,306,519,740,505,406,421,547
907,1034,293,627,806,506,409,416,552
901,1040,271,708,788,457,509,423,552
990,1040,270,804,845,569,615,422,561
964,1066,269,858,797,618,592,422,561
846,1184,268,1013,671,668,624,485,563
799,1170,266,1046,628,674,624,485,573
555,1373,266,1134,629,674,680,565,573
526,1402,266,1138,639,674,690,580,573
518,1397,266,1108,642,670,690,580,647
515,1380,266,1034,802,634,690,628,665
528,1336,207,1034,955,634,680,636,680
528,1336,126,1035,955,640,680,695,675
528,1336,124,944,955,642,826,697,632
544,1336,124,909,955,648,832,758,572
545,1336,124,909,955,657,856,782,539
545,1316,124,924,959,720,855,776,486
545,1275,120,888,1143,729,873,885,482
545,1275,96,888,1155,737,873,851,520
668,1248,97,890,1187,737,893,927,518
670,1180,97,891,1189,737,937,929,542
670,931,97,893,1349,573,946,929,569
658,882,93,893,1453,570,946,947,593
608,896,87,930,1547,550,716,946,593
690,896,95,915,1547,527,707,947,593
693,896,116,848,1558,553,826,924,499
562,1043,167,850,1538,508,1158,906,607
504,1121,579,849,1549,561,1221,993,619
511,947,589,832,1473,654,1252,1105,666
478,977,564,820,1367,778,1270,1122,671
491,942,698,821,1388,848,1373,1128,668
478,927,708,722,1416,842,1403,1196,668
497,907,784,754,1408,841,1452,1279,699
513,901,784,702,1425,854,1500,1278,699
424,990,788,612,1467,743,1412,1278,689
424,964,860,559,1437,694,1394,1320,689
425,846,1055,410,1438,644,1362,1292,687
573,799,1208,388,1438,636,1362,1293,677
693,555,1302,306,1437,641,1306,1213,677
778,526,1608,302,1427,641,1296,1198,689
936,518,1659,332,1424,637,1296,1242,680
937,515,1671,347,1262,637,1296,1194,667
925,528,1669,377,1107,643,1296,1186,660
989,528,1690,480,1112,642,1296,1127,680
1032,528,1719,495,1119,661,1150,1045,680
1146,544,1737,577,1143,657,1144,947,680
1162,545,1758,717,1316,630,1106,918,672
1162,545,1776,809,1323,567,1106,892,672
1289,545,1779,883,1214,557,1088,633,672
1352,545,1779,884,1217,541,1088,606,634
1460,668,1778,882,1180,541,1090,529,642
1491,670,1783,883,1209,541,1047,527,645
1493,670,1826,887,1049,541,1040,527,629
1533,658,1841,889,1079,541,1108,502,606
1533,608,1872,852,1040,541,1111,627,640
1452,690,1883,851,1127,520,1108,705,704
